gene	p_val	avg_log2FC	pct.1	pct.2	p_val_adj	cluster
TTC34	0.0105005768333716	0.00693221910731834	0.541516245487365	0.131718561340602	0.0477664959934686	c27
RPL22	2.52376699884616e-06	0.0443977037893295	96.3898916967509	99.312136401888	2.60846028402216e-05	c27
IGSF21	2.16292933715061e-12	0.00324555406813573	0.180505415162455	0	7.10309367309481e-11	c27
RPL11	5.46897934497446e-31	0.188941269830109	99.8194945848375	99.9817057553694	1.73841311367518e-28	c27
RP1-187B23.1	0.00423885792587811	0.00675214962427717	0.541516245487365	0.113424316709963	0.0210691511500735	c27
ZMYM4-AS1	0.000918447139733523	0.00878207676617975	0.541516245487365	0.091471223153196	0.00532911278219069	c27
SZT2-AS1	2.16292933715061e-12	0.00321778192061135	0.180505415162455	0	7.10309367309481e-11	c27
RPS8	1.14945190059632e-24	0.189267793694577	100	99.9926823021477	2.09349363992932e-22	c27
MSH4	0.00388919631045946	0.00294595316262933	0.180505415162455	0.0146353957045114	0.0195090934173918	c27
RPL5	9.94243079369189e-25	0.190945993370879	97.8339350180505	99.5865500713476	1.82065360414486e-22	c27
RP11-411H5.1	0.00388919631045946	0.00346964576658156	0.180505415162455	0.0146353957045114	0.0195090934173918	c27
NBPF6	9.97950373904053e-05	0.00286451166431215	0.180505415162455	0.00731769785225568	0.000722959555523038	c27
RP11-426L16.3	0.000971055694209878	0.00240175883730506	0.180505415162455	0.0109765467783835	0.00558435749457376	c27
RP11-188D8.1	0.00995804388921013	0.00229742231187368	0.180505415162455	0.0182942446306392	0.0456064062529626	c27
RP11-439A17.9	0.00388919631045946	0.00369250244898991	0.180505415162455	0.0146353957045114	0.0195090934173918	c27
ECM1	0.000117697726907163	0.00556806614588507	0.36101083032491	0.0329296403351506	0.000838061540661446	c27
RPS27	1.91405323576773e-18	0.145218685616523	100	100	1.63685557680096e-16	c27
FCRL3	0.00212079758141581	0.10957717491615	14.9819494584838	11.9388240459551	0.0113030929623892	c27
RP11-338C15.5	2.16292933715061e-12	0.00279590928332616	0.180505415162455	0	7.10309367309481e-11	c27
TGFB2	2.16292933715061e-12	0.00243745514390759	0.180505415162455	0	7.10309367309481e-11	c27
IBA57-AS1	1.13879774502684e-06	0.00347339271306618	0.180505415162455	0.00365884892612784	1.26510554635458e-05	c27
RPS7	2.15923600130543e-25	0.159930168036774	99.8194945848375	99.9524349639603	4.1573313044563e-23	c27
GREB1	0.000532218933020928	0.00565636883301707	0.36101083032491	0.0402473381874062	0.00325846171960912	c27
SDC1	0.000972835169601451	0.00174885769317465	0.180505415162455	0.0109765467783835	0.0055898206351554	c27
RP11-557N21.1	0.00388919631045946	0.00260013219315597	0.180505415162455	0.0146353957045114	0.0195090934173918	c27
ZFP36L2	1.23709365257909e-09	0.189193928006825	95.3068592057762	97.4022172624492	2.46788830846653e-08	c27
RP11-417F21.1	9.97950373904053e-05	0.00283770963428051	0.180505415162455	0.00731769785225568	0.000722959555523038	c27
LINC01119	0.00388919631045946	0.00294077765042816	0.180505415162455	0.0146353957045114	0.0195090934173918	c27
RPS27A	2.49406879438619e-31	0.211262340140226	100	99.9817057553694	8.158752811461e-29	c27
RP11-287D1.4	0.00995804388921013	0.00174219194410192	0.180505415162455	0.0182942446306392	0.0456064062529626	c27
AC015971.2	0.00758124498402758	0.0048375301556461	0.36101083032491	0.0622004317441733	0.035731216742457	c27
CD8A	1.93790779129552e-12	0.427785010051177	62.0938628158845	41.5315941604771	6.50357222309874e-11	c27
CD8B	3.12921271284856e-18	0.416560113230811	53.7906137184115	38.1764296952179	2.57788980798825e-16	c27
IGKV1-6	1.13879774502684e-06	0.00116706564785694	0.180505415162455	0.00365884892612784	1.26510554635458e-05	c27
IGKV2-24	9.99171774670474e-05	0.00282513875254234	0.180505415162455	0.00731769785225568	0.000723302219904434	c27
IGKV1-37	2.16292933715061e-12	0.00117720903564649	0.180505415162455	0	7.10309367309481e-11	c27
IGKV2D-24	2.16292933715061e-12	0.00294326411682458	0.180505415162455	0	7.10309367309481e-11	c27
IGKV1D-8	1.14089264074694e-06	0.00114510550150318	0.180505415162455	0.00365884892612784	1.26534682808846e-05	c27
DUSP2	2.81022837002887e-33	0.703105401952711	81.5884476534296	69.3022575097874	1.05208705221948e-30	c27
RP11-38C17.1	0.00549073910853083	0.00502773064673379	0.36101083032491	0.0585415828180454	0.0266309145707266	c27
RPL31	1.40908868098665e-07	0.0443424166274404	92.7797833935018	97.5558889173466	1.87882208219882e-06	c27
AC016910.1	9.97950373904053e-05	0.00296959751703742	0.180505415162455	0.00731769785225568	0.000722959555523038	c27
EEF1B2	3.50097864220095e-07	0.0659219634806041	92.5992779783393	97.4827119388241	4.30990041542999e-06	c27
CATIP	0.00388919631045946	0.00244232769719862	0.180505415162455	0.0146353957045114	0.0195090934173918	c27
IHH	9.97950373904053e-05	0.00336464048432659	0.180505415162455	0.00731769785225568	0.000722959555523038	c27
SPP2	1.13879774502684e-06	0.00344099570938919	0.180505415162455	0.00365884892612784	1.26510554635458e-05	c27
RPL32	5.62100897154202e-11	0.107154752254667	99.8194945848375	99.9817057553694	1.4133901215458e-09	c27
C3orf20	5.89373134531462e-12	0.0056570650478011	0.36101083032491	0.00731769785225568	1.76675608495579e-10	c27
EOMES	0.000970171638573482	0.127673122766187	24.0072202166065	20.463942043833	0.00558435749457376	c27
CMC1	0.00263412252756221	0.18735102142927	33.2129963898917	33.8955764516483	0.013753932193349	c27
RPSA	0.000521238712844348	0.0432399154648371	99.0974729241877	99.6743624455746	0.00319494582328133	c27
RPL14	7.52877442730785e-23	0.154306119981071	99.4584837545126	99.9524349639603	1.15833116691192e-20	c27
RP11-572O6.1	0.000972835169601451	0.0018914257243961	0.180505415162455	0.0109765467783835	0.0055898206351554	c27
RPL29	3.17599650248699e-08	0.0780607340212205	99.6389891696751	99.9377995682558	4.82380833181224e-07	c27
RP11-47P18.2	0.00996409161689629	0.00189303473130633	0.180505415162455	0.0182942446306392	0.0456279020032215	c27
MTRNR2L12	5.39134449824843e-05	0.206252441701529	53.0685920577617	55.3364311587575	0.000415974264996525	c27
RPL24	1.01984295931487e-11	0.0824581433557223	98.3754512635379	99.714609783762	2.92946194980011e-10	c27
RPL35A	7.05635342244235e-39	0.200330809330752	99.6389891696751	99.9560938128865	4.24565664671022e-36	c27
MXD4	0.0105136382417712	0.00121896394069511	6.85920577617329	10.9143463466393	0.0478065488418678	c27
LYAR	2.20019981393491e-09	0.248209891766707	38.6281588447653	34.4736745819765	4.17889134896973e-08	c27
DTHD1	0.00859431320575352	0.085232984702411	11.0108303249097	8.49950605539497	0.0400078459732881	c27
RPL9	6.3787095600324e-05	0.0604118273967598	98.014440433213	99.6450916541656	0.000484937364430803	c27
RP11-395I6.2	0.00810038363661018	0.00911424799742305	0.72202166064982	0.201236690937031	0.0379549890490813	c27
RP11-584P21.2	9.97950373904053e-05	0.00213064141374044	0.180505415162455	0.00731769785225568	0.000722959555523038	c27
BMPR1B	0.00995199943152229	0.00298947574805749	0.180505415162455	0.0182942446306392	0.0455973169493761	c27
ARHGEF38	4.61028381951848e-07	0.00678251903062533	0.36101083032491	0.0182942446306392	5.53201221562876e-06	c27
RPL34	5.9345283896562e-24	0.181044161499666	99.8194945848375	99.9853646042955	1.00481406814611e-21	c27
RPS3A	4.49211027339456e-31	0.207181439738858	99.2779783393502	99.9560938128865	1.44149679573101e-28	c27
HAND2-AS1	1.13879774502684e-06	0.00320696235609055	0.180505415162455	0.00365884892612784	1.26510554635458e-05	c27
AC016549.1	9.97950373904053e-05	0.00352119242977301	0.180505415162455	0.00731769785225568	0.000722959555523038	c27
CTD-2139B15.2	0.00162575438838166	0.00514550020212935	0.36101083032491	0.0475650360396619	0.00892879679904348	c27
RP11-374A4.1	0.00388919631045946	0.00226764775601597	0.180505415162455	0.0146353957045114	0.0195090934173918	c27
IL7R	2.56452895574217e-09	0.308438558574571	82.8519855595668	79.7958362299221	4.8165684857735e-08	c27
RPL37	2.13625329653213e-08	0.0770075986955394	99.6389891696751	99.9743880575171	3.34163967378614e-07	c27
GZMK	1.04322280593363e-38	0.85721909879302	81.4079422382672	51.0775310087446	6.0604050384703e-36	c27
CTD-2310F14.1	0.00995804388921013	0.00227957583389385	0.180505415162455	0.0182942446306392	0.0456064062529626	c27
CTC-458I2.2	0.00995199943152229	0.00243779543206369	0.180505415162455	0.0182942446306392	0.0455973169493761	c27
RPS23	3.27341170604879e-21	0.144857679424256	99.8194945848375	99.9817057553694	4.05493875086794e-19	c27
TSLP	2.1478373723878e-10	0.00778964688543384	0.541516245487365	0.0256119424828949	4.86679437963919e-09	c27
C5orf66	0.00995199943152229	0.0029061504033778	0.180505415162455	0.0182942446306392	0.0455973169493761	c27
CTD-3224K15.2	0.00995199943152229	0.00293930528608026	0.180505415162455	0.0182942446306392	0.0455973169493761	c27
RPS14	1.81340351252917e-39	0.216026126884117	100	99.9853646042955	1.14852930674192e-36	c27
CBY3	0.00388919631045946	0.00336321754723617	0.180505415162455	0.0146353957045114	0.0195090934173918	c27
GNB2L1	1.56542534877029e-05	0.0188052293619831	97.6534296028881	99.7292451794665	0.000135836831577302	c27
RP3-416J7.4	2.16292933715061e-12	0.00271599458052325	0.180505415162455	0	7.10309367309481e-11	c27
LY86-AS1	9.97950373904053e-05	0.00223853044673834	0.180505415162455	0.00731769785225568	0.000722959555523038	c27
RP1-30M3.5	0.00309998776776407	0.00951374012504935	0.72202166064982	0.175624748454136	0.0159321213921664	c27
HIST1H2AD	0.000971055694209878	0.00357926279981542	0.180505415162455	0.0109765467783835	0.00558435749457376	c27
HIST1H4F	0.000904057810927407	0.0499911238917451	5.41516245487365	3.05879770224287	0.00525739107376391	c27
EEF1A1	1.61199036392533e-17	0.111262914719042	100	99.9963411510739	1.18805274796028e-15	c27
PNRC1	3.99371194305672e-07	0.0703740655472247	86.101083032491	93.4909077604186	4.86317781746849e-06	c27
FYN	7.40474887840458e-09	0.184363847848262	58.8447653429603	64.3079287256229	1.27423702098552e-07	c27
SAMD3	7.21706128474423e-10	0.234262726452485	34.6570397111913	28.7805056529216	1.50384454501034e-08	c27
RPS12	1.84070109111603e-39	0.247516073234992	99.8194945848375	99.9963411510739	1.14852930674192e-36	c27
RP1-225E12.2	0.000487993365692642	0.01208436440431	0.902527075812274	0.204895539863159	0.00301364524626977	c27
TOMM7	0.00224012284545031	0.010396386251069	91.5162454873646	96.8790018660129	0.0118807963410361	c27
AC004549.6	9.97950373904053e-05	0.0030332636625282	0.180505415162455	0.00731769785225568	0.000722959555523038	c27
COL1A2	0.000971055694209878	0.00278660938371576	0.180505415162455	0.0109765467783835	0.00558435749457376	c27
PILRB	0.00186928096250659	0.112017151840629	16.0649819494585	13.0913614576854	0.0101324891812576	c27
RELN	2.16292933715061e-12	0.00350568262583811	0.180505415162455	0	7.10309367309481e-11	c27
TAS2R41	9.97950373904053e-05	0.00226261858940749	0.180505415162455	0.00731769785225568	0.000722959555523038	c27
RPS4X	4.96901658107611e-14	0.118582449873088	100	99.9743880575171	2.18571859899188e-12	c27
SYTL4	0.00388919631045946	0.00289846660495014	0.180505415162455	0.0146353957045114	0.0195090934173918	c27
CAPN6	2.16292933715061e-12	0.00346116564358104	0.180505415162455	0	7.10309367309481e-11	c27
RPL39	1.0764289554008e-29	0.187528193556208	99.4584837545126	99.9560938128865	3.02243310193954e-27	c27
DDX26B-AS1	1.14089264074694e-06	0.00195728458109189	0.180505415162455	0.00365884892612784	1.26534682808846e-05	c27
MCF2	0.00256009130494417	0.0054664991949809	0.36101083032491	0.0512238849657898	0.013396446098585	c27
PLXNB3	1.13879774502684e-06	0.00266515843313769	0.180505415162455	0.00365884892612784	1.26510554635458e-05	c27
RPL10	4.4040823002207e-42	0.197056220512226	99.8194945848375	99.9963411510739	3.02839079640074e-39	c27
PEBP4	0.00995199943152229	0.0023841103277404	0.180505415162455	0.0182942446306392	0.0455973169493761	c27
RP11-11C20.3	0.00388919631045946	0.00249752167145199	0.180505415162455	0.0146353957045114	0.0195090934173918	c27
RPL7	1.51966552063199e-07	0.0617009027246702	90.6137184115523	96.3155391313893	2.0127205209188e-06	c27
RPL30	3.91092193289343e-64	0.268537855666549	100	99.9890234532216	1.01365079697624e-60	c27
PABPC1	1.37134663096002e-14	0.164960265410628	94.2238267148014	96.8899784127913	6.49875575015007e-13	c27
FLJ42969	2.16292933715061e-12	0.003053608879668	0.180505415162455	0	7.10309367309481e-11	c27
KB-431C1.5	9.97950373904053e-05	0.00314834973861112	0.180505415162455	0.00731769785225568	0.000722959555523038	c27
LINC00861	7.621154996981e-05	0.181738500824143	42.4187725631769	43.2805239471662	0.000568490583281554	c27
EEF1D	1.10220077856986e-10	0.0636320251530038	95.3068592057762	99.2206651787348	2.63386900944205e-09	c27
RP11-661A12.12	0.000971945054774554	0.00218894331024233	0.180505415162455	0.0109765467783835	0.00558661151067448	c27
RPL8	8.94397090458859e-13	0.0975792378639619	99.4584837545126	99.88657568329	3.19913116411049e-11	c27
RP11-408O19.5	0.00995199943152229	0.00236420563538511	0.180505415162455	0.0182942446306392	0.0455973169493761	c27
OR1K1	9.97950373904053e-05	0.00305039804722068	0.180505415162455	0.00731769785225568	0.000722959555523038	c27
RPL12	1.45143650990044e-07	0.0815112541602159	99.6389891696751	99.9670703596648	1.92994087468766e-06	c27
RPL7A	4.19275658046612e-31	0.185132467053733	99.8194945848375	99.9597526618126	1.35837250213678e-28	c27
RPLP2	8.54232351333998e-48	0.249070457749825	99.8194945848375	99.9634115107387	8.46544260171992e-45	c27
RP11-531H8.1	2.16292933715061e-12	0.00337131728496951	0.180505415162455	0	7.10309367309481e-11	c27
RPS13	2.28376132700038e-20	0.131815012742361	98.9169675090253	99.9304818704036	2.53121888657733e-18	c27
RP11-428C19.4	0.00482909089614955	0.0100522217821348	0.72202166064982	0.18660129523252	0.0236981340889693	c27
CTD-2531D15.4	9.97950373904053e-05	0.0030183312347398	0.180505415162455	0.00731769785225568	0.000722959555523038	c27
RP11-21A7A.3	1.13879774502684e-06	0.00383936065758025	0.180505415162455	0.00365884892612784	1.26510554635458e-05	c27
AP003068.9	0.00388919631045946	0.00243621802748153	0.180505415162455	0.0146353957045114	0.0195090934173918	c27
FAU	8.17126503890348e-26	0.14043028920204	99.4584837545126	99.9451172661081	1.63882502512389e-23	c27
MALAT1	2.90426137041219e-26	0.280837042469352	100	99.9743880575171	6.07802376488622e-24	c27
RPS3	2.67097982756656e-57	0.263358706055866	100	99.9926823021477	4.09072701409216e-54	c27
GPR83	0.00995199943152229	0.00280281173375938	0.180505415162455	0.0182942446306392	0.0455973169493761	c27
RP11-677I18.3	9.97950373904053e-05	0.00272863500214083	0.180505415162455	0.00731769785225568	0.000722959555523038	c27
RPS25	1.5226203161787e-18	0.120008743154475	99.4584837545126	99.9780469064432	1.33602002430534e-16	c27
CRTAM	0.0068527252358593	0.112393072900546	21.1191335740072	18.2357030478212	0.032584776192075	c27
C1QL3	0.000971055694209878	0.00282655415102948	0.180505415162455	0.0109765467783835	0.00558435749457376	c27
ARMC3	0.000971055694209878	0.00184736895647585	0.180505415162455	0.0109765467783835	0.00558435749457376	c27
ANKRD30A	0.000971055694209878	0.0028860328196813	0.180505415162455	0.0109765467783835	0.00558435749457376	c27
A1CF	2.16292933715061e-12	0.00357484272071966	0.180505415162455	0	7.10309367309481e-11	c27
RP11-179K3.2	2.16292933715061e-12	0.00281824942131969	0.180505415162455	0	7.10309367309481e-11	c27
RP11-344N10.2	0.00995199943152229	0.00228227388911468	0.180505415162455	0.0182942446306392	0.0455973169493761	c27
RPS24	1.60210548728512e-21	0.135481430569905	99.8194945848375	99.9670703596648	2.05252252047851e-19	c27
LINC00858	0.00995199943152229	0.0024507875850053	0.180505415162455	0.0182942446306392	0.0455973169493761	c27
LIPN	0.00388919631045946	0.00297009924081753	0.180505415162455	0.0146353957045114	0.0195090934173918	c27
RP11-149I23.3	1.13879774502684e-06	0.00308290486589446	0.180505415162455	0.00365884892612784	1.26510554635458e-05	c27
TAS2R10	9.97950373904053e-05	0.00226639829134981	0.180505415162455	0.00731769785225568	0.000722959555523038	c27
PRH2	0.000971055694209878	0.00279071855202554	0.180505415162455	0.0109765467783835	0.00558435749457376	c27
RP11-253I19.3	0.00995199943152229	0.00324853947711824	0.180505415162455	0.0182942446306392	0.0455973169493761	c27
RP11-377D9.3	0.00388919631045946	0.00297950935533309	0.180505415162455	0.0146353957045114	0.0195090934173918	c27
RPL41	9.83650280821014e-09	0.109372670991344	99.0974729241877	99.9231641725513	1.64727199612243e-07	c27
NACA	0.00327667170796623	0.0185523504752401	98.3754512635379	99.6231385606088	0.0167380498071883	c27
IFNG-AS1	9.25792058397856e-12	0.190640353926779	20.3971119133574	12.3449562767553	2.67986577454101e-10	c27
BTG1	6.04000993737113e-08	0.0919522812528628	98.9169675090253	99.8829168343639	8.70453784558523e-07	c27
TMCC3	0.00484371901155306	0.00934531100504139	0.72202166064982	0.18660129523252	0.0237664581877485	c27
RP11-394J1.2	0.00995199943152229	0.00296960117222041	0.180505415162455	0.0182942446306392	0.0455973169493761	c27
RPL6	1.00001710449826e-22	0.143906187113579	99.2779783393502	99.8902345322162	1.52464146239658e-20	c27
RP11-231I16.1	0.00388919631045946	0.00233287247292316	0.180505415162455	0.0146353957045114	0.0195090934173918	c27
RPLP0	1.4692390957633e-11	0.114701584165819	98.3754512635379	99.6963155391314	4.08790603572656e-10	c27
TPTE2	9.97950373904053e-05	0.00257061124433151	0.180505415162455	0.00731769785225568	0.000722959555523038	c27
RPL21	0.000184502267852583	0.0658126044588063	97.1119133574007	99.4145841718195	0.00125897968307823	c27
RP11-93G5.1	0.000532501103692608	0.00537467430349566	0.36101083032491	0.0402473381874062	0.00325923563811421	c27
RP11-290D2.6	3.01483432250092e-08	0.154651290494783	12.2743682310469	6.84936518971132	4.60062625282364e-07	c27
ATP7B	0.00995199943152229	0.00279867768612956	0.180505415162455	0.0182942446306392	0.0455973169493761	c27
RP11-545P6.2	2.16292933715061e-12	0.00266360393112899	0.180505415162455	0	7.10309367309481e-11	c27
METTL17	0.00734067339865853	0.000943725878604196	14.0794223826715	21.2615711097289	0.0347236627115542	c27
TRAV37	9.99171774670474e-05	0.00196710316035649	0.180505415162455	0.00731769785225568	0.000723302219904434	c27
RPS29	2.0847684899728e-12	0.113508448896386	99.0974729241877	99.743880575171	6.97558982136481e-11	c27
RP11-47I22.1	0.00995199943152229	0.00284449834932019	0.180505415162455	0.0182942446306392	0.0455973169493761	c27
LINC00643	0.000532783413759377	0.00465282807485286	0.36101083032491	0.0402473381874062	0.00326037129371748	c27
RP11-840I19.3	1.11629217645276e-09	0.00487154197919488	0.36101083032491	0.0109765467783835	2.24149872427886e-08	c27
PLEKHH1	0.00995199943152229	0.00313454761072707	0.180505415162455	0.0182942446306392	0.0455973169493761	c27
IGHGP	0.000100039458650947	0.0010522756771728	0.180505415162455	0.00731769785225568	0.000723953934661726	c27
IGHJ6	1.14089264074694e-06	0.00183256643545598	0.180505415162455	0.00365884892612784	1.26534682808846e-05	c27
RP11-817O13.9	0.00995199943152229	0.00216511241761402	0.180505415162455	0.0182942446306392	0.0455973169493761	c27
WDR93	0.00388919631045946	0.00230335209843681	0.180505415162455	0.0146353957045114	0.0195090934173918	c27
RPS2	9.33270070706341e-14	0.140080860271834	99.0974729241877	99.9268230214774	3.93561974497865e-12	c27
AJ003147.9	0.000971945054774554	0.00201196831514443	0.180505415162455	0.0109765467783835	0.00558661151067448	c27
RPS15A	2.02378518211927e-53	0.201051071856985	99.8194945848375	99.9853646042955	2.52553399727136e-50	c27
RP11-105C19.1	0.00269980095775725	0.0080532413628358	0.541516245487365	0.106106618857707	0.0140641764796958	c27
RP11-1348G14.5	0.00389203874698874	0.00228268675450157	0.180505415162455	0.0146353957045114	0.0195146359436069	c27
TRIM72	0.000971055694209878	0.0024950824742823	0.180505415162455	0.0109765467783835	0.00558435749457376	c27
RP11-474B12.1	0.000971055694209878	0.00250134753756346	0.180505415162455	0.0109765467783835	0.00558435749457376	c27
ABCC11	0.00162427714991608	0.0065133403951107	0.36101083032491	0.0475650360396619	0.00892213796695019	c27
AC009120.11	0.00388919631045946	0.00351099235993718	0.180505415162455	0.0146353957045114	0.0195090934173918	c27
BCAR1	0.00995199943152229	0.00224224434223909	0.180505415162455	0.0182942446306392	0.0455973169493761	c27
RP11-538I12.3	0.0038977292817644	0.00193066532326927	0.180505415162455	0.0146353957045114	0.0195402604403764	c27
RP11-517C16.4	2.16292933715061e-12	0.00392186948000418	0.180505415162455	0	7.10309367309481e-11	c27
RP5-1142A6.9	0.00995199943152229	0.00361078334318087	0.180505415162455	0.0182942446306392	0.0455973169493761	c27
SLC22A31	0.00995199943152229	0.00316366596378734	0.180505415162455	0.0182942446306392	0.0455973169493761	c27
RPL13	4.18688176024223e-16	0.144509319013066	100	99.9926823021477	2.45771418170038e-14	c27
DNAH9	1.13879774502684e-06	0.00214490182938988	0.180505415162455	0.00365884892612784	1.26510554635458e-05	c27
SMCR5	0.00995199943152229	0.00346521142605506	0.180505415162455	0.0182942446306392	0.0455973169493761	c27
TBC1D28	1.13879774502684e-06	0.00324751853798212	0.180505415162455	0.00365884892612784	1.26510554635458e-05	c27
RP11-135L13.4	1.14089264074694e-06	0.00249796059047592	0.180505415162455	0.00365884892612784	1.26534682808846e-05	c27
RPL23A	1.86850499954521e-25	0.184766733854504	99.6389891696751	99.9121876257729	3.63915650027032e-23	c27
CCL5	6.16254759558772e-37	1.04436798352502	92.057761732852	64.2859756320662	3.09911759232437e-34	c27
CCL4	2.21516784765705e-15	0.540184672582921	52.3465703971119	38.008122644616	1.15181891140365e-13	c27
RPL19	2.31262061128882e-25	0.152576913733404	99.8194945848375	99.9963411510739	4.42735448163441e-23	c27
RP5-890E16.5	1.13879774502684e-06	0.0023142944836597	0.180505415162455	0.00365884892612784	1.26510554635458e-05	c27
PECAM1	0.00201449381429289	0.0997843700327766	13.3574007220217	10.2191650506751	0.0108221228601378	c27
RP13-638C3.4	0.000266162269891335	0.00585810793470104	0.36101083032491	0.0365884892612784	0.00174680006266433	c27
RP11-703M24.5	2.16292933715061e-12	0.00219400952998789	0.180505415162455	0	7.10309367309481e-11	c27
RP11-691H4.4	9.97950373904053e-05	0.00367718295004786	0.180505415162455	0.00731769785225568	0.000722959555523038	c27
RP11-13N13.6	0.000971055694209878	0.00329063245691704	0.180505415162455	0.0109765467783835	0.00558435749457376	c27
GAREM1	0.000971055694209878	0.00298608764328939	0.180505415162455	0.0109765467783835	0.00558435749457376	c27
RP11-54G14.1	0.000971055694209878	0.00267982384001051	0.180505415162455	0.0109765467783835	0.00558435749457376	c27
RP11-95O2.5	0.00995199943152229	0.00239642980388802	0.180505415162455	0.0182942446306392	0.0455973169493761	c27
CFAP53	0.00717720928489552	0.00881713694244711	0.72202166064982	0.197577842010903	0.0339981568459538	c27
CTD-2541J13.2	0.00340100709510458	0.0065787478007081	0.541516245487365	0.109765467783835	0.0173075869298374	c27
RP11-638L3.1	0.000971055694209878	0.00207928815544648	0.180505415162455	0.0109765467783835	0.00558435749457376	c27
CNDP1	0.000971055694209878	0.00384955271416904	0.180505415162455	0.0109765467783835	0.00558435749457376	c27
SNAP25-AS1	9.97950373904053e-05	0.00309402842334431	0.180505415162455	0.00731769785225568	0.000722959555523038	c27
CST7	1.86394718509691e-25	0.533900551829316	75.6317689530686	62.1821374995426	3.63915650027032e-23	c27
RP1-63M2.5	0.00388919631045946	0.00258102140085031	0.180505415162455	0.0146353957045114	0.0195090934173918	c27
RP4-616B8.5	1.13879774502684e-06	0.00378196099182404	0.180505415162455	0.00365884892612784	1.26510554635458e-05	c27
RP11-11M20.4	0.00388919631045946	0.00315923425720142	0.180505415162455	0.0146353957045114	0.0195090934173918	c27
RPS21	1.03700522072925e-27	0.194064589945099	99.6389891696751	99.8792579854378	2.49577527908937e-25	c27
AZU1	9.97950373904053e-05	0.00283289490071715	0.180505415162455	0.00731769785225568	0.000722959555523038	c27
RPS15	3.87216633943777e-21	0.130590875436343	100	99.9926823021477	4.74431900512787e-19	c27
GIPC3	0.00549688322046512	0.00418518346019246	0.36101083032491	0.0585415828180454	0.0266568772640115	c27
SEMA6B	9.97950373904053e-05	0.00261094495596401	0.180505415162455	0.00731769785225568	0.000722959555523038	c27
RPL36	4.21043334496747e-09	0.0952780818330168	99.6389891696751	99.9231641725513	7.65603567864728e-08	c27
RPS28	3.20937739405037e-24	0.15758703717269	100	99.9963411510739	5.57405989253264e-22	c27
PODNL1	1.82806851918323e-07	0.00759743550834247	0.541516245487365	0.0402473381874062	2.38832650970763e-06	c27
KLF2	1.36355343097352e-08	0.306925149190959	63.3574007220217	58.7135487175735	2.22271743121538e-07	c27
CTD-3032J10.3	1.13879774502684e-06	0.00260446316385329	0.180505415162455	0.00365884892612784	1.26510554635458e-05	c27
CTD-2521M24.6	0.00995199943152229	0.00196701081641167	0.180505415162455	0.0182942446306392	0.0455973169493761	c27
RPL18A	1.17415091485935e-10	0.0910726609520971	99.6389891696751	99.9853646042955	2.78800852186546e-09	c27
HSPB6	9.97950373904053e-05	0.00307821299633835	0.180505415162455	0.00731769785225568	0.000722959555523038	c27
CTC-454I21.3	1.13879774502684e-06	0.00347345600934718	0.180505415162455	0.00365884892612784	1.26510554635458e-05	c27
CTD-2528L19.4	1.13879774502684e-06	0.00307678729391643	0.180505415162455	0.00365884892612784	1.26510554635458e-05	c27
RPS16	2.29299254485108e-08	0.061409979266307	98.3754512635379	99.8719402875855	3.5636573250098e-07	c27
AC092301.3	0.00388919631045946	0.00237660820744288	0.180505415162455	0.0146353957045114	0.0195090934173918	c27
RPL18	6.67421977818328e-11	0.0607430048417701	98.9169675090253	99.9524349639603	1.64507067451432e-09	c27
FTL	2.41143673364259e-05	0.0290614440511825	92.4187725631769	98.1083751051919	0.000200966978242279	c27
RPL13A	7.05905018936635e-20	0.164014586917754	98.3754512635379	99.5609381288647	7.57476551211815e-18	c27
CTD-2616J11.9	3.07436020834339e-06	0.00537973136877756	0.36101083032491	0.021953093556767	3.11447663439333e-05	c27
NKG7	5.42229128193802e-11	0.401231974101292	61.1913357400722	44.5428268266803	1.37058276409317e-09	c27
AC008746.3	1.13879774502684e-06	0.00294994730603237	0.180505415162455	0.00365884892612784	1.26510554635458e-05	c27
RPL28	6.01401708190321e-38	0.185665151971195	99.8194945848375	99.9963411510739	3.32190641897781e-35	c27
CTC-444N24.13	0.00384193761767653	0.00478463534481933	0.36101083032491	0.0548827338919176	0.0193411394128183	c27
RPS5	0.0044478608555846	0.00464260497563318	97.4729241877256	99.4621492078592	0.0220132525951921	c27
IGLV2-14	1.56880109646947e-05	0.138862886711867	17.5090252707581	12.6266876440672	0.00013605967604747	c27
CABP7	0.000117548819735306	0.00624996008381393	0.36101083032491	0.0329296403351506	0.000837178172090765	c27
MCHR1	1.13879774502684e-06	0.00256397519405422	0.180505415162455	0.00365884892612784	1.26510554635458e-05	c27
ARHGAP8	0.000971055694209878	0.00216580778062493	0.180505415162455	0.0109765467783835	0.00558435749457376	c27
CH507-513H4.3	1.48285224328747e-05	0.0202805317327216	1.44404332129964	0.336614101203761	0.000129037250736901	c27
GRIK1	0.00995199943152229	0.00254629871466782	0.180505415162455	0.0182942446306392	0.0455973169493761	c27
LINC00159	2.16292933715061e-12	0.0032895403994117	0.180505415162455	0	7.10309367309481e-11	c27
MIS18A-AS1	9.97950373904053e-05	0.00350621895531897	0.180505415162455	0.00731769785225568	0.000722959555523038	c27
CLIC6	0.00995199943152229	0.00272880494618734	0.180505415162455	0.0182942446306392	0.0455973169493761	c27
AP001469.7	9.97950373904053e-05	0.0024501981937281	0.180505415162455	0.00731769785225568	0.000722959555523038	c27
MT-ND1	9.95329972573327e-33	0.348131225207776	99.0974729241877	98.6169551059237	3.60609119310599e-30	c27
MT-ND2	1.22753212596695e-46	0.434555759381423	95.1263537906137	95.1227543814716	1.0884333540087e-43	c27
MT-CO1	2.4597659814992e-85	0.440400222625613	100	99.8426694961765	1.18399078543763e-81	c27
MT-CO2	2.74419842395559e-90	0.43114999385065	100	99.9158464746991	1.84926043393519e-86	c27
MT-ATP8	1.40246345414841e-09	0.149017510584986	98.1949458483755	98.997475394241	2.76504409737136e-08	c27
MT-ATP6	6.96993875284113e-14	0.219585518551724	99.0974729241877	99.3304306465186	2.99929905923664e-12	c27
MT-CO3	6.21030063101589e-68	0.470234376159079	100	99.5828912224214	2.09249869461449e-64	c27
MT-ND3	1.74556471406942e-64	0.428573567391819	99.8194945848375	99.2938421572573	4.90125478965458e-61	c27
MT-ND4L	8.74619499472423e-97	0.489791320093819	99.8194945848375	99.8426694961765	9.82314313840794e-93	c27
MT-ND4	3.43289202501942e-44	0.386025450653566	95.1263537906137	96.0960081958216	2.68995032304661e-41	c27
MT-ND5	1.08085940645793e-57	0.492274916713653	96.3898916967509	96.7472833046724	1.82092384205967e-54	c27
MT-ND6	4.50583353213018e-16	0.356107362531489	54.3321299638989	53.9972924517947	2.63575616374296e-14	c27
MT-CYB	1.90585044678365e-63	0.485741576103903	100	99.5609381288647	4.58683749670916e-60	c27
