gene	p_val	avg_log2FC	pct.1	pct.2	p_val_adj	cluster
MIB2	4.62625883725675e-05	0.0715100983286283	18.4553660982949	14.7017256768819	0.00133800141856248	c11
MMP23B	2.80548838453625e-06	0.0191406873741265	2.50752256770311	0.981850639690568	0.000105854563973756	c11
CNR2	2.94661703764909e-09	0.0172066573705264	2.00601805416249	0.539274025587623	1.9203735873607e-07	c11
RUNX3	4.31526862392146e-18	0.170049974346479	37.7131394182548	27.2909848259447	6.52011932800043e-16	c11
RP11-84D1.2	0.00257771125961066	0.00241821325963496	0.200601805416249	0.0260339184766439	0.0397245132164589	c11
PAFAH2	0.00207265746205799	0.0266105129701638	5.71715145436309	3.85301993454329	0.0330976874533563	c11
SH3BGRL3	4.9751447006767e-17	0.175650403355114	99.8996990972919	98.8954180303481	6.98468856435836e-15	c11
ZNF683	2.70878543927515e-14	0.151623811903962	28.9869608826479	18.5882177923237	3.08343974969381e-12	c11
FGR	7.35915483920529e-09	0.0338313130752526	4.5135406218656	1.91163344242785	4.48389445121488e-07	c11
SNHG12	0.000578549438344699	0.072833594510289	41.3239719157472	39.0917881582862	0.0114533753088051	c11
LAPTM5	6.63692084388406e-07	0.0893787582474568	96.2888665997994	95.3622433799464	2.81642834904067e-05	c11
PTP4A2	9.21691508571112e-26	0.240790216771547	58.074222668004	46.70856887831	2.30040545850334e-23	c11
RP4-534N18.2	9.27542061890772e-06	0.00428804138404745	0.401203610832498	0.0483487057423386	0.000313466421598272	c11
MEAF6	0.00136557213967059	0.0548889599123061	50.2507522567703	49.0069919666766	0.0235967139677531	c11
CAP1	0.00065272746070215	0.0752808396905196	72.5175526579739	69.7820589110384	0.0127000481815263	c11
PPIH	0.00102996804787436	0.0629487622648439	29.8896690070211	27.2798274323118	0.0186378858244246	c11
RP5-994D16.9	0.000406203030491663	0.00141274707265921	0.100300902708124	0.00371913121094912	0.00852037511748248	c11
HYI-AS1	2.06969472819304e-07	0.00125510153580841	0.100300902708124	0	9.63208483035034e-06	c11
RP11-49P4.7	0.000406203030491663	0.00108170795650214	0.100300902708124	0.00371913121094912	0.00852037511748248	c11
RP11-117D22.2	0.00147565067263831	0.0150038378262344	2.40722166499498	1.2570663493008	0.0250481479918768	c11
HSPB11	0.000152200447099868	0.0782607221500109	36.2086258776329	32.9291877417435	0.00379307830220633	c11
PTGER3	0.000406203030491663	0.00121466010487283	0.100300902708124	0.00371913121094912	0.00852037511748248	c11
PRKACB	8.19263704896697e-06	0.0950242381260099	37.7131394182548	33.9073192502232	0.000278549659664877	c11
MCOLN2	0.00130280577760216	0.0412106427359944	12.0361083249749	9.26063671526332	0.0226973825597348	c11
WDR63	7.00988611543173e-08	0.0225243445248135	2.70812437311936	0.963254983635823	3.7078666055472e-06	c11
TGFBR3	1.41013727084125e-07	0.072226503994705	14.543630892678	9.79247247842904	7.18807340449699e-06	c11
GCLM	8.88999360467506e-07	0.0706041200806447	16.8505516549649	12.206188634335	3.69835283638815e-05	c11
RP11-411H5.1	1.15313386988194e-05	0.00170158018905274	0.200601805416249	0.0111573936328474	0.00037943059191213	c11
DENND2D	0.000252072864930004	0.0802978584351101	59.8796389167503	58.1560547456114	0.0058413639002418	c11
CD160	2.22376785874132e-06	0.0276767524458874	3.51053159478435	1.57691163344243	8.57295586183409e-05	c11
RNF115	0.000278175019830044	0.0728336996541509	32.6980942828485	29.5819696518893	0.00634156232622023	c11
RBM8A	0.000742262008213644	0.0657344426302479	64.0922768304915	62.3252008330854	0.0141939705475315	c11
TXNIP	6.9222113364613e-13	0.255594871842642	95.4864593781344	93.785331746504	6.7022123209979e-11	c11
LINC00869	1.8576111277032e-06	0.0845386235882587	25.2758274824473	20.4366260041654	7.27794759730602e-05	c11
S100A10	7.20905970107758e-37	0.332748504868188	92.3771313941825	83.3568878310027	3.19607970484352e-34	c11
S100A6	3.05921451751184e-26	0.267192278174007	96.1885656970913	90.9811068134484	7.98491069026727e-24	c11
RPS27	8.32148711129444e-16	0.116361716163129	100	100	1.07840071818444e-13	c11
KRTCAP2	0.000751634315160187	0.0687334585169936	75.5265797392177	73.9437667360904	0.014300150544894	c11
SEMA4A	0.00127970229541724	0.0277808243319458	5.41624874623872	3.53317465040167	0.0223179550423337	c11
PAQR6	0.000350185126476977	0.017668799273865	2.50752256770311	1.22731329961321	0.00771185467419299	c11
C1orf61	4.44591829217979e-05	0.0255506904896505	4.21263791374122	2.25751264504612	0.00129697637174637	c11
FCRL3	1.01944315386254e-18	0.12459093264063	20.6619859578736	11.6780720023802	1.67556671347533e-16	c11
PYHIN1	5.56087791007138e-12	0.14851363956527	42.9287863590772	35.5548943766736	4.80277031979148e-10	c11
FCRL6	9.03004583010472e-63	0.210388099210346	24.2728184553661	8.82549836358227	1.04916677310189e-59	c11
LINC01133	2.06969472819304e-07	0.00096908053860943	0.100300902708124	0	9.63208483035034e-06	c11
SLAMF6	3.43206238914493e-16	0.161743757999183	37.3119358074223	28.0534067241892	4.58888532300989e-14	c11
CD48	0.000279070566941575	0.0937661020695268	83.9518555667001	80.4485272240405	0.00635767659400232	c11
SLAMF7	8.66356137859424e-52	0.198163544636587	26.0782347041123	10.9082118417138	6.48688971311899e-49	c11
LY9	2.99753119577298e-10	0.122735793189153	39.6188565697091	32.0775066944362	2.13528152453224e-08	c11
CD244	5.26076364764113e-19	0.0796163433422701	10.8324974924774	4.73073490032728	8.86280851718102e-17	c11
HSPA6	0.00213884337068123	0.0602847821627359	6.11835506519559	4.15798869384112	0.0340255847647467	c11
FCGR3B	5.42139111536946e-05	0.00845963782864166	0.902708124373119	0.238024397500744	0.00153373931352862	c11
FCGR2B	3.93367119183469e-05	0.00601215888591204	0.702106318956871	0.152484379648914	0.00116362762996895	c11
RP11-25K21.1	0.000406623232293934	0.00103579265972874	0.100300902708124	0.00371913121094912	0.00852037511748248	c11
MGST3	3.23325764959932e-08	0.106908355916215	46.9408224674022	42.3609044927105	1.78300136244844e-06	c11
XCL2	1.03563783333229e-43	0.24103512600919	27.382146439318	12.5781017554299	5.91436968750816e-41	c11
GLUL	6.72165787384797e-22	0.183776212328471	33.4002006018054	21.5709610235049	1.31674151396182e-19	c11
C1orf21	8.03766979875509e-58	0.162373256710401	17.6529588766299	5.52290984825945	7.52281239442372e-55	c11
FAM129A	0.00314335068513864	0.0612419172949545	32.7983951855567	29.9761975602499	0.0463916154117658	c11
RP11-309H21.3	2.06969472819304e-07	0.00123372396160832	0.100300902708124	0	9.63208483035034e-06	c11
NEK7	0.000333366654732017	0.0687646034854498	24.5737211634905	21.2250818208866	0.00739463862050072	c11
PTPRC	2.26565490344286e-13	0.163232618603499	97.1915747241725	94.5365962511157	2.32033362664449e-11	c11
LGR6	1.2791429842227e-17	0.039464771758658	4.5135406218656	1.2793811365665	1.86577678399998e-15	c11
BTG2	0.0016307299137722	0.0855207892670267	60.5817452357071	56.434096994942	0.0271471411633599	c11
LRRN2	2.06969472819304e-07	0.00146231933183765	0.100300902708124	0	9.63208483035034e-06	c11
RAB29	1.22197665292679e-05	0.0895964482726873	27.9839518555667	23.754091044332	0.000400129070395679	c11
LPGAT1	0.000362632130184263	0.0668548536541541	19.7592778335005	16.4422790836061	0.00795477017866441	c11
GUK1	7.66791476126587e-27	0.241057996283459	84.1524573721163	76.3202915798869	2.13522909062886e-24	c11
LYST	5.09316939520853e-06	0.0928960655445604	32.8986960882648	27.6740553406724	0.000181789459324318	c11
RPS7	6.41459603486452e-06	0.0641090282687848	100	99.9479321630467	0.000225138957082005	c11
FAM49A	1.92557634338654e-10	0.031249518941274	3.61083249749248	1.26078548051175	1.40738328230078e-08	c11
MATN3	2.06969472819304e-07	0.00100026820282733	0.100300902708124	0	9.63208483035034e-06	c11
OST4	0.000705091591930361	0.0713505534889103	93.9819458375125	92.2084201130616	0.0135562924734775	c11
CLIP4	0.000294738040813996	0.0482377650788941	13.6409227683049	10.4061291282356	0.00668747713615271	c11
AC006369.2	2.21515582717307e-08	0.0771338098720006	17.2517552657974	11.7933650699197	1.25230638323439e-06	c11
SRSF7	9.65252004666488e-05	0.087580785203502	76.4292878635908	73.9251710800357	0.00253691115797447	c11
ZFP36L2	1.13236729679018e-28	0.323282653919637	99.2978936810431	97.2887533472181	3.34684067526739e-26	c11
CALM2	5.47966751107726e-05	0.0869904001351427	83.7512537612838	81.7427848854508	0.00154892547917984	c11
REL	3.08293788650949e-05	0.0859811459087031	45.2357071213641	40.9178815828622	0.000929959795416749	c11
PLEK	1.25691918178198e-53	0.216105928353851	29.3881644934804	12.6933948229694	1.008348450261e-50	c11
ARHGAP25	1.40187667189026e-06	0.0959225996564338	31.1935807422267	26.7108003570366	5.66364899072787e-05	c11
LBX2	0.000483457718536222	0.00605962666836346	0.702106318956871	0.189675691758405	0.00989580002062603	c11
CD8A	1.40601353651162e-216	1.36439376376251	88.1644934804413	40.2261231776257	9.4748440198445e-213	c11
CD8B	5.41587464493454e-154	0.885921697825198	78.5356068204614	37.0016364177328	1.82482480286424e-150	c11
LINC00152	2.07396306404553e-19	0.209546766468015	51.3540621865597	38.1396905682832	3.58359546051027e-17	c11
DUSP2	7.82495315794474e-156	1.15543553532678	92.9789368104313	68.6774769413865	2.92948857448656e-152	c11
MFSD9	0.00140300619881032	0.0243240354935604	5.11534603811434	3.30258851532282	0.0240819617232374	c11
AC012360.4	0.000367950921631957	0.0022530971373256	0.200601805416249	0.0185956560547456	0.00801201633177805	c11
IL37	0.000406203030491663	0.00122124719796103	0.100300902708124	0.00371913121094912	0.00852037511748248	c11
FOXD4L1	8.63066141823391e-05	0.00221761612789802	0.200601805416249	0.0148765248437965	0.00229882613301165	c11
PTPN4	4.39953403844606e-06	0.084396555293654	28.7863590772317	23.5458196965189	0.000158859781364849	c11
BIN1	3.61464872096622e-06	0.0924810655321897	50.7522567703109	47.6048795001488	0.000132815675031882	c11
CXCR4	3.16388750625567e-60	0.466026889350093	97.8936810431294	92.0670931270455	3.13541251869937e-57	c11
GTDC1	0.000204644363508429	0.0522438867497684	13.1394182547643	9.93008033323416	0.00490418718638193	c11
ZEB2	1.56183573712741e-29	0.17391109381416	25.1755265797392	13.3144897351979	4.87263827099731e-27	c11
CYTIP	4.60633269160735e-09	0.139976179781692	90.1705115346038	86.6185659030051	2.89563010654884e-07	c11
AC008277.1	0.00277283209984173	0.00237494644227253	0.300902708124373	0.0557869681642368	0.0419334850862062	c11
RBMS1	0.00125711470315646	0.0613194822685169	45.0351053159478	42.766289794704	0.0220040872438436	c11
WIPF1	2.93421588448953e-10	0.141525851379023	75.3259779338014	70.176286819399	2.09460741550827e-08	c11
UBE2E3	9.67897042667091e-06	0.0821176209865495	28.8866599799398	24.4644451056233	0.000326449679235485	c11
RP11-438L19.1	9.28592201881256e-08	0.00456030181575661	0.501504513540622	0.0520678369532877	4.8209531048054e-06	c11
FAM171B	0.0028130001244145	0.00542383068316471	0.601805416248746	0.178518298125558	0.0424077074684664	c11
AC098617.1	0.000406203030491663	0.00122264892373436	0.100300902708124	0.00371913121094912	0.00852037511748248	c11
CLK1	0.000895734638192979	0.0714388343394793	45.7372116349047	44.6221362689676	0.0165578521153526	c11
CFLAR	4.37300150848309e-06	0.103109250983071	56.0682046138415	53.21332936626	0.000158094327067413	c11
TUBA4A	2.3742781110453e-22	0.237526000327975	69.9097291875627	60.2759595358524	4.79035489063237e-20	c11
EPHA4	6.34079807965931e-21	0.119842104163203	19.1574724172518	10.2090151740553	1.18692694720023e-18	c11
RP11-92F20.1	0.000406203030491663	0.00126517381809875	0.100300902708124	0.00371913121094912	0.00852037511748248	c11
ITM2C	2.61003744687249e-172	0.778956401353305	72.7181544633902	33.5688783100268	1.09928252168652e-168	c11
ARL4C	4.31429682878123e-06	0.106366358976297	51.654964894684	48.2780422493306	0.000156139546024656	c11
MYEOV2	0.00265653122338626	0.0535657133932075	53.7612838515547	52.7707527521571	0.0405569383963646	c11
AGXT	2.06969472819304e-07	0.00114284582093165	0.100300902708124	0	9.63208483035034e-06	c11
IL5RA	9.32688475952446e-10	0.0297443143775332	3.51053159478435	1.2570663493008	6.36153957666836e-08	c11
TMEM43	6.92544703801751e-05	0.0789329493529345	29.1875626880642	25.4091044332044	0.00190021182816744	c11
RP11-222K16.2	5.26582717360463e-26	0.133295818976945	20.2607823470411	10.1457899434692	1.33403594577018e-23	c11
EOMES	5.1361480727396e-130	0.46823575218095	50.5516549648947	19.4213031835763	1.4421447763574e-126	c11
CMC1	9.43354557595447e-62	0.438079217791364	52.8585757271815	33.1783695328771	9.93293389488156e-59	c11
TGFBR2	1.01976750119374e-07	0.123383237465374	54.062186559679	47.3817316274918	5.26187537292829e-06	c11
CX3CR1	1.12660966149787e-05	0.0136460563957875	1.70511534603811	0.587622731329961	0.000373621908804226	c11
SS18L2	0.000662813266746584	0.0603105530769475	42.3269809428285	40.4381136566498	0.0128307287498226	c11
TMA7	0.000530759314129855	0.056727662696753	98.1945837512538	97.4672716453436	0.0106830372343437	c11
SHISA5	1.5666854498997e-12	0.153009164965755	72.0160481444333	66.669146087474	1.45421210878569e-10	c11
NDUFAF3	0.00246787821896117	0.0558735754095356	49.8495486459378	49.8772686700387	0.0382663086560873	c11
KLHDC8B	0.00333685393995542	0.0053121180774841	0.601805416248746	0.182237429336507	0.0486531798546334	c11
CDHR4	2.06969472819304e-07	0.00106594047214553	0.100300902708124	0	9.63208483035034e-06	c11
RASSF1	0.00030161419544347	0.0753885122764653	28.4854563691073	25.3421600714073	0.00681138652900287	c11
SPCS1	0.00175561145658281	0.054399164043095	74.4232698094283	73.7615293067539	0.0288272770068719	c11
MTRNR2L12	0.00255809150770537	0.106292594180846	58.5757271815446	55.1695923832193	0.0394834334679912	c11
CBLB	1.01795738190624e-05	0.0963153817342145	54.5636910732197	49.3379946444511	0.00034060631604716	c11
TRAT1	0.000769189089782809	0.077035335552324	44.2326980942828	41.5426956263017	0.0145765226046918	c11
CD96	0.000749481118744653	0.0711480839677431	66.5997993981946	64.5120499851235	0.0142753062832009	c11
PHLDB2	0.000557388159718232	0.0183449140550184	3.3099297893681	1.81121689973222	0.0110931108408424	c11
NAA50	0.00148145030278675	0.0627301507405953	24.8746238716148	22.2404046414757	0.025121281581327	c11
ZNF80	0.000424978435401577	0.031807762541544	5.91775325977934	3.76747991669146	0.00884508429319228	c11
RP11-797D24.3	0.000406623232293934	0.000996834671322104	0.100300902708124	0.00371913121094912	0.00852037511748248	c11
ISY1-RAB43	2.06969472819304e-07	0.00127381214081673	0.100300902708124	0	9.63208483035034e-06	c11
CNBP	3.67050157301745e-05	0.08563039417618	93.1795386158475	91.3269860160666	0.00109639964540115	c11
SLC35G2	1.69142793275111e-05	0.0185888705178139	2.40722166499498	1.00044629574531	0.000539687242103371	c11
ZBTB38	9.68069308377186e-10	0.139086020409381	44.9348044132397	38.7793811365665	6.5895206619113e-08	c11
GK5	0.000747633815533063	0.0288200560475089	5.41624874623872	3.46623028860458	0.0142638019495376	c11
PLSCR4	0.000406203030491663	0.00125267810046392	0.100300902708124	0.00371913121094912	0.00852037511748248	c11
GYG1	8.80077936025277e-25	0.21960004947785	41.6248746238716	29.4629574531389	2.04505834320246e-22	c11
IL12A	0.00238992094356906	0.00748806109856904	0.902708124373119	0.327283546563523	0.0372633023010717	c11
EIF4A2	0.00144361375942483	0.0586668731717634	75.9277833500501	76.390955072895	0.024615952434241	c11
TPRG1	1.86889108490494e-43	0.16612997487157	21.0631895687061	8.65813745908956	1.04950693691312e-40	c11
TM4SF19	0.0025799004696837	0.00210817056125944	0.200601805416249	0.0260339184766439	0.0397245132164589	c11
RP13-616I3.1	5.70443069796369e-07	0.00284075848506381	0.200601805416249	0.00743826242189824	2.45405309085976e-05	c11
DGKQ	0.000304588836519416	0.0230495044732822	4.1123370110331	2.3467717941089	0.00686476003858542	c11
ZFYVE28	6.38295418162729e-11	0.110359856149523	23.5707121364092	16.6914608747397	4.86577507230204e-09	c11
MFSD10	0.00158317570518439	0.0742802639854597	35.506519558676	33.6097887533472	0.0264863566089785	c11
LYAR	4.74848698440838e-53	0.341251427950645	54.3630892678034	33.8217792323713	3.72082605703851e-50	c11
JAKMIP1	1.79750474075427e-13	0.113850122600571	21.9658976930792	14.4413864921154	1.89859325188007e-11	c11
RP11-799M12.2	0.000406623232293934	0.000903015116405361	0.100300902708124	0.00371913121094912	0.00852037511748248	c11
FGFBP2	4.81278680318273e-07	0.0300148534920465	2.90872617853561	1.14177328176138	2.10873912284056e-05	c11
ARAP2	1.127995372635e-08	0.1223448609246	38.4152457372116	32.6242189824457	6.67955642980027e-07	c11
DTHD1	1.36906139924043e-33	0.150946805442136	18.8565697091274	8.16721213924427	5.30220169954104e-31	c11
KLF3	3.82260433343548e-06	0.0828318717786032	23.5707121364092	18.4320142814639	0.000139998728707364	c11
ATP8A1	6.36116419331279e-09	0.0983331591553646	25.9779338014042	19.4547753644749	3.91833759286071e-07	c11
HOPX	2.38342276606361e-08	0.098906378698166	28.7863590772317	21.0465635227611	1.34257308650246e-06	c11
SLC4A4	3.22659083522651e-13	0.0290498986219155	3.20962888665998	0.900029753049688	3.27460095187115e-11	c11
AC004069.2	0.000406203030491663	0.0010589310154365	0.100300902708124	0.00371913121094912	0.00852037511748248	c11
CCDC109B	2.16075783095332e-10	0.13538734872842	58.1745235707121	53.4625111573936	1.56906410250305e-08	c11
TNIP3	0.000363281359762877	0.0425752764250269	8.92678034102307	6.27417435287117	0.00796382702397553	c11
TRPC3	0.00126377624992927	0.00796984836912367	1.00300902708124	0.360755727462065	0.0220630450596461	c11
IL15	0.00105318872462886	0.0250872611657971	5.31594784353059	3.42160071407319	0.0189866992443258	c11
TRIM60	0.000406203030491663	0.00123408309676414	0.100300902708124	0.00371913121094912	0.00852037511748248	c11
SLC25A4	0.000486159446930078	0.0308424019022946	7.02106318956871	4.70098185063969	0.00993873575881269	c11
TLR3	0.000780923216880052	0.0118453487878604	1.70511534603811	0.751264504611723	0.0147739623074433	c11
LPCAT1	4.40190573732615e-11	0.0918952135272129	16.148445336008	10.231329961321	3.44124853627534e-09	c11
CTD-2245E15.3	0.000406203030491663	0.00133657041444967	0.100300902708124	0.00371913121094912	0.00852037511748248	c11
SPEF2	0.00233379462061131	0.0234577041656747	5.31594784353059	3.53689378161262	0.0366425330600548	c11
ANXA2R	1.14903582806232e-05	0.0909706515568977	32.1965897693079	27.4695031240702	0.00037859728245657	c11
EMB	0.0013737864316742	0.0684957474496743	60.3811434302909	58.6097887533472	0.0236769105006806	c11
PARP8	2.78938467502271e-30	0.27048600989145	60.5817452357071	46.3180601011604	8.9510025943062e-28	c11
ITGA1	0.00120126808535217	0.0479255324541854	13.4403209628887	10.4581969651889	0.0212358483042267	c11
GZMK	1.2077831273082e-286	1.71110235767335	98.8966900702106	49.929336506992	2.03475223457612e-282	c11
GZMA	1.24968049521433e-203	1.26203202901624	96.6900702106319	51.3723594168402	7.01778910095858e-200	c11
RP11-307L14.1	0.000406623232293934	0.000975832204024901	0.100300902708124	0.00371913121094912	0.00852037511748248	c11
PIK3R1	2.76212628723459e-20	0.235763881130826	59.1775325977934	49.6132103540613	5.08563295749083e-18	c11
TMEM171	5.32875268548024e-11	0.0289755174772636	3.7111334002006	1.2645046117227	4.08990872402213e-09	c11
ENC1	1.6950875076077e-10	0.0412777831382765	6.31895687061184	2.83397798274323	1.24431979262165e-08	c11
CTD-2503O16.4	4.0468610230089e-05	0.0136045374836413	1.80541624874624	0.684320142814638	0.0011908727974608	c11
IQGAP2	0.00137825980676689	0.0686652374202912	34.6038114343029	31.9994049390062	0.0237297322070534	c11
F2R	4.56542255032646e-39	0.224198213111446	33.8014042126379	18.3985421005653	2.13649093625972e-36	c11
ADGRV1	0.0025799004696837	0.00215346913447251	0.200601805416249	0.0260339184766439	0.0397245132164589	c11
SLF1	7.38654006666408e-10	0.113110259987348	26.7803410230692	19.8229693543588	5.07922614298325e-08	c11
REEP5	4.78752205008842e-11	0.142240714556338	58.876629889669	52.2984230883666	3.6997882558642e-09	c11
CDC42SE2	0.00023956546190139	0.0731236905709388	61.283851554664	59.8817316274918	0.0055954976984651	c11
MEIKIN	0.0017711111615891	0.00346883591218368	0.300902708124373	0.0520678369532877	0.0290393282134224	c11
C5orf56	3.82019889421123e-10	0.136920655918873	45.7372116349047	39.2665873252008	2.70415507440238e-08	c11
IRF1	1.52234442961457e-05	0.1188604051961	53.0591775325978	48.5049092531985	0.000491320624630588	c11
SMAD5	3.4894863270767e-05	0.0393699574554224	7.92377131394183	5.07661410294555	0.00104977457414752	c11
ARHGAP26	1.49301841955281e-06	0.0531745282498282	9.82948846539619	6.23698304076168	5.97455613164041e-05	c11
PPP2R2B	7.49145112904112e-19	0.128773391817039	22.0661985957874	12.9834870574234	1.24958888288075e-16	c11
ADRB2	2.05859139597456e-11	0.0682384222172951	10.7321965897693	5.76093424576019	1.69176045112114e-09	c11
CD74	5.21850434102624e-75	0.578520132418212	99.0972918756269	94.8973519785778	7.32634521943908e-72	c11
RPS14	7.55515435118956e-05	0.0772630328412176	100	99.9851234751562	0.00204962456287424	c11
TNIP1	0.00323114485616398	0.0544199368932862	46.4393179538616	44.3989883963106	0.0473554566261806	c11
ANXA6	0.00223309280079529	0.0618367857080733	62.888665997994	61.9421303183576	0.0352751190014048	c11
SLIT3	2.06969472819304e-07	0.00140308430288398	0.100300902708124	0	9.63208483035034e-06	c11
STK10	5.67287435631715e-07	0.102299273771755	39.6188565697091	34.6362689675692	2.44426890743926e-05	c11
DUSP1	4.63296317460314e-07	0.237614578798262	95.8876629889669	89.7984230883665	2.04056289156965e-05	c11
GRK6	0.00310352657173819	0.0667994834376185	34.4032096288867	32.970098185064	0.0459044004864559	c11
N4BP3	3.38182451191103e-11	0.0435794223584682	5.71715145436309	2.40255876227313	2.68743384680024e-09	c11
E2F3	1.06708272118058e-11	0.0862934492043839	15.5466399197593	9.45031240702172	8.87760128579223e-10	c11
HIST1H4C	0.000321067495785847	0.0867843505220078	69.5085255767302	65.4901814936031	0.00716901802717582	c11
BTN3A2	9.81671303697519e-13	0.15854886722403	60.5817452357071	54.6972627194287	9.45040940193835e-11	c11
BTN3A1	2.64990807390006e-10	0.121165853631827	31.3941825476429	24.3528711692949	1.90375272157758e-08	c11
BTN3A3	0.00113095000824416	0.0600365989741569	21.8655967903711	18.6886343350193	0.0201726996176701	c11
HLA-F	1.69279205125184e-08	0.122098085687764	80.7422266800401	79.0575721511455	9.80016071733322e-07	c11
HLA-A	1.13716567315756e-23	0.18520033633121	100	99.6132103540613	2.4404879102784e-21	c11
HLA-E	4.4513705344325e-11	0.113964089211871	99.8996990972919	99.196667658435	3.47186293488816e-09	c11
PPP1R18	5.83274168173986e-05	0.0909677693646737	63.5907723169508	60.4433204403451	0.00163501163248372	c11
FLOT1	1.97870528177708e-06	0.0849923600526451	27.5827482447342	22.3519785778042	7.70757176464705e-05	c11
HLA-C	6.05793761051256e-31	0.192676596462209	100	99.5834573043737	2.02095197869911e-28	c11
HLA-B	1.0810757019532e-34	0.206216052273114	100	99.8921451948825	4.44216642702575e-32	c11
TNF	0.00199480244183696	0.0665973091400004	16.7502507522568	13.7198750371913	0.0321285246057623	c11
CLIC1	5.85639459467165e-13	0.201789673837094	93.8816449348044	87.1689973222255	5.71957563689468e-11	c11
HLA-DRA	7.53711453981577e-09	0.114793850609213	40.320962888666	30.1584349895864	4.58403496939625e-07	c11
HLA-DRB5	5.03964580183717e-25	0.226127640877512	45.0351053159478	30.2700089259149	1.19581567357114e-22	c11
HLA-DRB1	1.63837737417988e-62	0.546770933912987	81.0431293881645	50.3756322523059	1.84011624152057e-59	c11
HLA-DQA1	8.81635656098769e-31	0.218538564010203	38.1143430290873	22.0358524248735	2.88406133947494e-28	c11
HLA-DQB1	2.02368021908671e-25	0.241807960144378	45.7372116349047	31.4489735197858	4.94100589144259e-23	c11
PSMB9	1.65118067754939e-07	0.123585065736936	89.9699097291876	86.3842606367153	8.29133856175097e-06	c11
HLA-DMB	1.48409943923893e-10	0.0768866980055898	14.0421263791374	8.49821481701874	1.09901640671905e-08	c11
XXbac-BPG181M17.5	0.000406623232293934	0.00115531628869065	0.100300902708124	0.00371913121094912	0.00852037511748248	c11
HLA-DMA	2.42325234270723e-07	0.0876733717548769	29.6890672016048	23.3524248735495	1.11390265259451e-05	c11
HLA-DPA1	2.55506385784415e-47	0.426875574054105	83.2497492477432	60.2499256173758	1.53732717189644e-44	c11
HLA-DPB1	2.31893755948186e-78	0.540685110531922	86.5596790371113	59.725528116632	3.39714270126877e-75	c11
TAPBP	5.55873947937722e-12	0.154574189494458	75.9277833500501	71.4482296935436	4.80277031979148e-10	c11
HMGA1	2.4514185148038e-11	0.145323811201644	46.5396188565697	39.5232073787563	1.97131492691645e-09	c11
SPDEF	0.00258209137974514	0.0022629530939962	0.200601805416249	0.0260339184766439	0.0397245132164589	c11
RP1-8B1.4	2.12070447241527e-05	0.0114688262977407	1.50451354062187	0.502082713478131	0.000663463477191831	c11
ENPP4	0.000524142354918266	0.0282202666116532	5.71715145436309	3.65590598036299	0.0105814574635207	c11
ENPP5	0.000186432304392247	0.0157380082362146	2.50752256770311	1.18268372508182	0.00454204632262645	c11
RCAN2	6.62189296998506e-09	0.0351539906597905	4.81444332998997	2.0975900029753	4.05669203146685e-07	c11
MYO6	4.54454182830063e-11	0.0551065235505235	7.72316950852558	3.72656947337102	3.53634624394368e-09	c11
RP11-250B2.5	1.52236974530075e-06	0.00299538197959773	0.300902708124373	0.0223147872656947	6.08478365340018e-05	c11
PNRC1	1.53769512822852e-13	0.150996733316475	94.6840521564694	93.2944064266587	1.63959176109278e-11	c11
AIM1	0.00343459928663343	0.0658755772646942	35.3059177532598	32.6502529009223	0.0498386685460064	c11
SCML4	0.00114335164079534	0.0703546920266371	44.7342026078235	42.0187444213032	0.0203723374854354	c11
FYN	2.77063402532453e-22	0.233352068378311	72.7181544633902	63.8835168104731	5.55677040769553e-20	c11
THEMIS	3.09757913185881e-11	0.135120878287384	36.8104312938816	29.1170782505207	2.46737189760877e-09	c11
SAMD3	1.59269784382031e-74	0.38408779331356	52.2567703109328	28.0310919369235	2.06401389037237e-71	c11
VNN2	4.13459620899125e-08	0.0555332740370529	10.8324974924774	6.53451353763761	2.2397280492886e-06	c11
IFNGR1	1.3014412935861e-23	0.17523227889612	32.0962888665998	20.3994346920559	2.75790961925094e-21	c11
CITED2	6.09536777390126e-07	0.150896583413889	54.4633901705115	48.7801249628087	2.60300788053015e-05	c11
UTRN	6.79685266605701e-06	0.0988359040614865	36.6098294884654	32.7097590002975	0.000236583836498063	c11
SYNE1	3.88600653906095e-19	0.182164815851909	40.9227683049147	30.5601011603689	6.61288405692524e-17	c11
EZR	3.06480846218207e-05	0.0964346322537942	64.8946840521565	60.4396013091342	0.00092614938407859	c11
TAGAP	6.42184107595798e-09	0.156495039980152	68.5055165496489	64.3074977685213	3.94130260862164e-07	c11
C7orf50	0.00224801225792419	0.0590880466779382	32.5977933801404	30.0357036596251	0.0354941541792397	c11
CHST12	1.61751760570275e-08	0.108139395624383	38.1143430290873	30.9506099375186	9.3966617597497e-07	c11
ANKRD61	0.000406203030491663	0.00113659338283999	0.100300902708124	0.00371913121094912	0.00852037511748248	c11
CYTH3	0.000138975332342028	0.0345640994948836	6.21865596790371	3.89021124665278	0.00349189772403601	c11
CYCS	0.000155866411047282	0.0740972435539762	53.7612838515547	52.2575126450461	0.00386672048583869	c11
HOXA1	0.0020645290408333	0.012237330710537	1.80541624874624	0.870276703362095	0.0330148274807011	c11
CHN2	0.000808980351491583	0.0281725780861259	5.21564694082247	3.32118417137757	0.0152193098621761	c11
HERPUD2	2.9665170485915e-08	0.115860883265712	44.4332998996991	39.0174055340672	1.64940305998749e-06	c11
SEPT7	3.79152503829336e-05	0.0855908831986985	68.7061183550652	67.1823861945849	0.00112655771287704	c11
AOAH	2.35926714074416e-86	0.380047216793958	46.5396188565697	21.6639393037786	4.67606747295493e-83	c11
STARD3NL	6.90872742225445e-06	0.0724234875260232	19.1574724172518	14.7947039571556	0.000239734976071515	c11
TRGC2	2.11697983834072e-10	0.0711712063067423	12.136409227683	7.02543885748289	1.54392897560719e-08	c11
TRGV10	2.10574817012004e-12	0.104539264100396	16.5496489468405	9.81106813448378	1.93327190310693e-10	c11
TRGV9	0.000703758522573592	0.0390537483302284	7.12136409227683	4.78280273728057	0.0135499655197683	c11
RP11-121A8.1	0.000869490123876586	0.00613957588001181	0.702106318956871	0.200833085391253	0.0162128390890413	c11
TRGV8	9.67446423920676e-28	0.0967934247972034	9.52858575727181	3.18357631657245	2.76246947521892e-25	c11
TRGV7	3.72812300244248e-09	0.0500038277562739	7.22166499498496	3.66334424278489	2.38812502745812e-07	c11
TRG-AS1	0.000231310666504145	0.060619600564456	21.6649949849549	17.5914906277893	0.00544258491423928	c11
TRGV5	2.60836132157959e-05	0.0433176370068148	8.82647943831494	5.75721511454924	0.000802613026203676	c11
TRGV4	3.63992864080264e-18	0.0832721364707674	9.52858575727181	3.97575126450461	5.54949120466987e-16	c11
TRGV3	1.99246438354798e-05	0.0647797945423367	13.9418254764293	10.0974412377269	0.000626835620347951	c11
TRGV2	5.59954484571957e-11	0.0732539985829414	10.4312938816449	5.55638202915799	4.27825542021939e-09	c11
STK17A	3.08078111751275e-26	0.251623874019682	87.061183550652	80.3257958940791	7.98491069026727e-24	c11
PPIA	7.36305659127262e-07	0.0870644762277504	98.5957873620863	97.4672716453436	3.09340185519127e-05	c11
MYO1G	8.40408726710953e-09	0.11910649199636	34.704112337011	28.5963998809878	5.06560494415006e-07	c11
LINC01447	2.06969472819304e-07	0.00108019797954373	0.100300902708124	0	9.63208483035034e-06	c11
SBDS	0.00155371858104076	0.0667156574246061	39.9197592778335	38.4781315084796	0.0261102213813403	c11
AUTS2	9.45823548466011e-17	0.070439444230645	8.92678034102307	3.7935138351681	1.30608928860712e-14	c11
VPS37D	0.000611443589206513	0.0023440183302431	0.300902708124373	0.0446295745313895	0.0119918395196299	c11
NCF1	0.000517103345619703	0.0744562473362725	41.925777331996	38.6380541505504	0.0104581513369209	c11
UPK3B	4.64382905812893e-05	0.00496229477221544	0.501504513540622	0.0855400178518298	0.00134193118597424	c11
PEG10	0.00034152535893686	0.0090096723096504	1.00300902708124	0.323564415352574	0.00755075816536651	c11
PVRIG	1.50813096416787e-07	0.0491691114976891	8.6258776328987	5.00595060993752	7.64134807619129e-06	c11
PILRB	1.80154587712004e-12	0.102569014202364	20.0601805416249	12.8942279083606	1.65850510337931e-10	c11
SLC26A5	2.51396445440706e-05	0.00946151156721449	1.00300902708124	0.267777447188337	0.000776402551116329	c11
CTB-107G13.1	0.000329712207061536	0.00609644959506359	0.802407221664995	0.226867003867896	0.00732612895456944	c11
PIK3CG	0.000336389550663536	0.047880694559808	11.8355065195587	8.82921749479322	0.00745678257898499	c11
LINC-PINT	0.00165985600057645	0.0723047558352162	42.6278836509529	40.9885450758703	0.0275639172417067	c11
AC008154.4	2.06969472819304e-07	0.00145075528742693	0.100300902708124	0	9.63208483035034e-06	c11
AGK	0.00311251161951192	0.0529333170553412	17.0511534603811	14.4897351978578	0.0459969151350151	c11
TRBV4-1	1.12861078544949e-05	0.0973721548221665	6.92076228686058	4.14311216899732	0.000373917520205852	c11
TRBV11-2	2.14152283828162e-10	0.123572316266146	6.92076228686058	3.25052067836953	1.55845508667518e-08	c11
TRBV6-5	3.06567123021884e-09	0.153039875275268	10.4312938816449	5.9357334126748	1.99026447843919e-07	c11
TRBV12-4	0.00020630579329536	0.0571079742627391	5.01504513540622	2.96414757512645	0.00493517694206906	c11
TRBJ1-4	9.51413407006623e-09	0.00479626401186623	0.501504513540622	0.0446295745313895	5.70000785584895e-07	c11
ZYX	2.23439296440802e-11	0.151286258878928	71.4142427281845	64.0545968461767	1.82217088969839e-09	c11
EPHA1	1.69284735553219e-18	0.122656016678089	20.3610832497492	11.6892293960131	2.71613327606198e-16	c11
EPHA1-AS1	3.89626893772145e-08	0.0614422994162035	11.8355065195587	7.35644153525736	2.11743363850946e-06	c11
GIMAP7	5.61325971312449e-10	0.178988290592333	83.6509528585757	76.5099672716453	3.89162906942421e-08	c11
GIMAP4	8.37329097965136e-37	0.328705904816314	83.4503510531595	72.2887533472181	3.61704700344068e-34	c11
GIMAP2	0.00040755919281436	0.0756728354524875	40.7221664994985	38.3219279976198	0.00853467957904727	c11
SMARCD3	1.75232969441775e-15	0.084360961480972	12.8385155466399	6.53451353763761	2.17870836618862e-13	c11
VIPR2	1.65468994274147e-06	0.0222333681913857	2.80842527582748	1.13433501933948	6.57466072296358e-05	c11
CD99	1.60202966700718e-44	0.337774243515068	95.4864593781344	88.0467122880095	9.46996273686663e-42	c11
TMSB4X	1.41106213922812e-21	0.116010114061797	100	99.9851234751562	2.73243262753748e-19	c11
RAB9A	8.49804983494281e-11	0.116980936691317	29.0872617853561	21.9689080630765	6.39136810577149e-09	c11
OFD1	3.00211112188681e-07	0.106560227096799	37.7131394182548	32.4754537340077	1.36508950257563e-05	c11
XK	0.000151547071719426	0.00352405652947726	0.300902708124373	0.0371913121094912	0.00377959069912239	c11
USP11	3.31220313879601e-05	0.0715172348682852	22.9689067201605	18.640285629277	0.000998223368144835	c11
TBC1D25	0.00326928554955316	0.0346699193869727	8.12437311935808	6.03614995537043	0.0478520014364223	c11
PLP2	1.11613028495937e-32	0.309730392336692	79.6389167502508	69.1869979172865	4.13262569466164e-30	c11
DGKK	3.96392789316776e-09	0.00229526917596733	0.200601805416249	0.00371913121094912	2.51053733895478e-07	c11
MAGED2	0.000196126374642785	0.0813992562508614	32.4974924774323	29.5038678964594	0.00474051798221951	c11
CXCR3	2.31400363372939e-16	0.223580657960257	63.9919759277834	53.4476346325498	3.13124652348909e-14	c11
KLHL4	0.00234138967231064	0.00463425776499816	0.501504513540622	0.130169592383219	0.0367251521881003	c11
FRMPD3	2.48430277540433e-06	0.0115837636663855	1.30391173520562	0.357036596251116	9.50125967247145e-05	c11
TSC22D3	0.000861022857491284	0.119069675659901	96.2888665997994	93.9861648318953	0.0160816541908599	c11
SH2D1A	5.45243431341376e-23	0.22186911058508	55.4663991975928	43.2683725081821	1.1410827438271e-20	c11
IDS	1.10182554609913e-10	0.146409550808848	60.6820461384152	54.2546861053258	8.26835410919024e-09	c11
FLNA	6.25037112400443e-12	0.159250765575594	56.3691073219659	49.6541207973817	5.3451777830509e-10	c11
GAB3	2.93151490938309e-17	0.0998668390070716	15.7472417251755	8.40895566795596	4.20316865347888e-15	c11
IL9R	1.85072062717712e-07	0.0461060704287048	7.32196589769308	4.03897649509075	9.21095728391518e-06	c11
RP11-468H14.2	0.000406623232293934	0.00101824987963536	0.100300902708124	0.00371913121094912	0.00852037511748248	c11
PPP3CC	0.000288988186360025	0.0728403028088668	42.0260782347041	39.3484082118417	0.00656585836224861	c11
SORBS3	4.18304964020722e-07	0.0720672152491188	17.753259779338	12.8161261529307	1.85452203390977e-05	c11
PDLIM2	1.85912057344103e-05	0.087160046653425	33.5005015045135	29.6675096697412	0.000587628598513341	c11
PTK2B	8.52866741292301e-07	0.097861286237904	32.5977933801404	27.7261231776257	3.56532158574476e-05	c11
CLU	3.26267360740698e-18	0.0941878567051346	12.8385155466399	6.18119607259744	5.05852162543461e-16	c11
KIF13B	0.000500689717723162	0.0449274706922606	11.9358074222668	8.97426361202023	0.0101627947885327	c11
EIF4EBP1	6.24308701902663e-32	0.187315418604013	27.7833500501505	15.2186849152038	2.14647524509269e-29	c11
CTD-2544N14.3	0.000406203030491663	0.00124175910879632	0.100300902708124	0.00371913121094912	0.00852037511748248	c11
MYBL1	9.072768841627e-15	0.0927007577377355	16.2487462387162	9.12674799166914	1.06514938449401e-12	c11
NCOA2	4.86528639578799e-06	0.0714382801931465	19.358074222668	14.690568283249	0.000174209309053858	c11
MSC-AS1	0.000368333035493685	0.0295315910759007	5.51654964894684	3.45507289497173	0.00801201633177805	c11
MSC	9.52426076702961e-09	0.0604670333104697	10.3309929789368	6.03243082415948	5.70000785584895e-07	c11
RP3-388N13.3	2.06969472819304e-07	0.00120836846069006	0.100300902708124	0	9.63208483035034e-06	c11
RPL30	0.00338266865712291	0.00136388416673405	100	99.9888426063672	0.0491698178313629	c11
YWHAZ	0.00193478064660225	0.0768736841937616	91.0732196589769	88.4967271645344	0.0312964470026961	c11
FBXO32	0.000829069144402004	0.062857883822414	26.0782347041123	22.3110681344838	0.0155519824341794	c11
LINC00861	2.08195303659936e-07	0.118843791267649	50.1504513540622	43.0080333234157	9.6757690503695e-06	c11
INSL6	0.00258757610005828	0.00188140520279714	0.200601805416249	0.0260339184766439	0.0397382812740946	c11
DENND4C	0.00032137962860205	0.0600736566354188	17.0511534603811	13.890955072895	0.0071712352358394	c11
MLLT3	3.51001105819491e-08	0.117613026431171	31.6950852557673	26.0301993454329	1.92616144291236e-06	c11
B4GALT1	4.89178583989477e-05	0.0817459748415558	30.9929789368104	26.9153525736388	0.00140395086958615	c11
GLIPR2	2.70012141622606e-32	0.254001054305972	50.3510531594784	35.7706039869087	9.67849904237457e-30	c11
AC129778.2	0.00109754515706525	0.00231730403807713	0.200601805416249	0.0223147872656947	0.0196601204264521	c11
TRPM3	1.14947771102591e-05	0.00242281483454956	0.200601805416249	0.0111573936328474	0.00037859728245657	c11
TMEM2	3.77090195348955e-05	0.0975871483246475	47.9438314944835	44.8043736983041	0.00112141897988417	c11
ANXA1	3.87735361485993e-41	0.450861671855446	83.5506519558676	61.5293067539423	2.00990081075524e-38	c11
TLE4	0.00131356745423917	0.0616480463662091	22.6680040120361	19.6927997619756	0.0228494278797804	c11
AGTPBP1	4.88780221554635e-05	0.0504928227761787	12.0361083249749	8.61350788455817	0.00140395086958615	c11
RP11-498P14.5	0.00310998544772681	0.0114237891840629	1.80541624874624	0.896310621838738	0.0459797497480066	c11
TRMO	5.73176240119893e-08	0.0979087929547775	23.0692076228686	17.3832192799762	3.06063395160058e-06	c11
COL15A1	1.14947771102591e-05	0.00243190315962474	0.200601805416249	0.0111573936328474	0.00037859728245657	c11
AKNA	1.58196272679119e-13	0.161138020179878	50.4513540621866	42.7253793513835	1.68147167559944e-11	c11
STOM	4.15721876044387e-32	0.264770921889492	53.7612838515547	39.2591490627789	1.45909717619162e-29	c11
TTLL11-IT1	0.000406203030491663	0.00118842888694056	0.100300902708124	0.00371913121094912	0.00852037511748248	c11
ARPC5L	5.96009040953661e-37	0.285465556360178	62.3871614844534	49.7991669146087	2.67759048345236e-34	c11
MVB12B	1.53400045541459e-12	0.069784361833456	11.6349047141424	6.20351085986314	1.42780694322484e-10	c11
TTC16	6.90476134993811e-07	0.0390115702248045	6.41925777331996	3.49598333829218	2.91905933406292e-05	c11
FAM102A	6.04288089767167e-07	0.115741432292841	46.2387161484453	41.955519190717	2.58715157517343e-05	c11
AK8	0.000406203030491663	0.000975397594784511	0.100300902708124	0.00371913121094912	0.00852037511748248	c11
RPL7A	2.73876794405741e-12	0.0970030319630966	100	99.9553704254686	2.47399590099384e-10	c11
C9orf142	1.45977570848037e-18	0.20469277022917	76.2286860581745	68.205147277596	2.35338194839892e-16	c11
SIGIRR	3.92567045160597e-08	0.116029644574134	56.469408224674	51.9079143112169	2.12997649269584e-06	c11
RPLP2	6.96243935797923e-05	0.0790039354414995	99.8996990972919	99.9628086878905	0.00190880741845201	c11
POLR2L	1.54470710309754e-05	0.0890336996955466	66.7001003009027	63.3851532282059	0.00049806087207434	c11
LSP1	0.00158411064562653	0.0987789036545257	92.6780341023069	87.8756322523059	0.0264888457040895	c11
CD81	1.08975476152813e-05	0.0692295147604387	18.1544633901705	13.812853317465	0.000362469861154282	c11
RPL27A	3.27286078929407e-18	0.181188699916936	97.8936810431294	96.0465635227611	5.05852162543461e-16	c11
DKK3	8.01274030927624e-27	0.0918629089563832	10.7321965897693	3.86417732817614	2.21296124574388e-24	c11
CALCA	2.06969472819304e-07	0.00089600062689054	0.100300902708124	0	9.63208483035034e-06	c11
NUCB2	7.58106708752717e-05	0.07762299347861	37.3119358074223	32.7432311811961	0.00205499979442591	c11
LDHA	0.00298143938317636	0.0757143799179514	74.8244734202608	72.0581672121392	0.0444695080021002	c11
CD44	3.47922286006535e-21	0.223228732953369	88.6659979939819	83.9482296935436	6.62310367497413e-19	c11
PRR5L	2.23891122554501e-11	0.0809044940243541	15.346038114343	9.29410889616186	1.82217088969839e-09	c11
TP53I11	9.34989228911682e-16	0.0844728462437142	12.3370110330993	6.19979172865219	1.19785274064449e-13	c11
DGKZ	4.81979680062855e-06	0.0947328500726862	36.308926780341	31.9584944956858	0.000172764078085509	c11
MS4A1	2.31168011548579e-54	0.162006227711359	18.0541624874624	5.93945254388575	1.94724374527945e-51	c11
TMEM109	5.34914908686745e-15	0.160671003619605	43.0290872617854	34.6102350490925	6.39128472811744e-13	c11
AHNAK	3.54541138129484e-29	0.312512382300168	74.222668004012	61.6706337399583	1.07620802775989e-26	c11
RARRES3	3.17244441729547e-49	0.349157492932746	94.0822467402207	86.3173162749182	2.09592827835988e-46	c11
PLA2G16	7.38070844627533e-16	0.142544094990063	28.1845536609829	19.1944361797084	9.67648211629576e-14	c11
FERMT3	9.29793152812235e-05	0.0798665401079945	41.8254764292879	38.9802142219578	0.00245906204794784	c11
FKBP2	4.77160625865998e-08	0.115371040645991	38.3149448345035	33.4833382921749	2.57239202046863e-06	c11
PPP1R14B	1.01432487303036e-48	0.313997312267167	35.8074222668004	18.5101160368938	6.57243505228557e-46	c11
TRMT112	3.48379572993316e-12	0.142000311511862	78.7362086258776	74.8884260636715	3.09717713256908e-10	c11
PYGM	0.00144638260528757	0.00630974698877716	1.00300902708124	0.364474858673014	0.0246367930585215	c11
FAU	1.17753440442454e-12	0.0799494878047802	100	99.9330556382029	1.1176294147234e-10	c11
CFL1	7.34539227486096e-05	0.0873684778008323	99.5987963891675	97.8986908658137	0.00200077321996091	c11
CTSW	1.83930038079608e-135	0.778434780748364	88.2647943831495	51.0487950014877	5.63394427550392e-132	c11
ANKRD13D	0.000127926975780416	0.062746418930364	18.555667001003	14.9546265992264	0.00324576168821185	c11
TBC1D10C	3.29242197149223e-12	0.151426526425658	69.8094282848546	64.3707229991074	2.93478481236664e-10	c11
PTPRCAP	9.8568152913162e-07	0.163561085588512	81.2437311935807	77.0938708717644	4.07339375323902e-05	c11
GSTP1	3.5497397822933e-39	0.300498074001594	66.098294884654	49.5685807795299	1.6845765102055e-36	c11
RPS3	3.41139554916509e-07	0.0942935380276975	100	99.9925617375781	1.54494034453721e-05	c11
CTD-2530H12.4	0.000406623232293934	0.00103255414970964	0.100300902708124	0.00371913121094912	0.00852037511748248	c11
RP11-91P24.5	2.06969472819304e-07	0.00127844914889015	0.100300902708124	0	9.63208483035034e-06	c11
PCF11	0.0022920721623588	0.0619257938909603	28.0842527582748	25.513240107111	0.0360555019848737	c11
CTSC	6.52281360340891e-06	0.102854027349832	56.9709127382146	51.6438559952395	0.000227750965340165	c11
DYNC2H1	0.0020112622189009	0.0162247092801382	2.80842527582748	1.56575423980958	0.0323163897013099	c11
PDGFD	1.27284730396991e-11	0.0331356957915829	4.01203610832497	1.38723594168402	1.0537424339057e-09	c11
ATM	9.08878535053699e-05	0.083172241341569	45.8375125376128	43.1196072597441	0.0024132193349172	c11
USP28	1.40859689670821e-15	0.0889922457497671	13.5406218655968	7.07378756322523	1.77757542463245e-13	c11
IL10RA	3.75755000738244e-13	0.161848623155303	57.271815446339	49.1297232966379	3.7793101477237e-11	c11
CD3E	3.80862933964418e-08	0.0845283194717359	99.4984954864594	98.9586432609342	2.07650415809014e-06	c11
RP11-770J1.4	2.28537727398744e-05	0.00346320020528637	0.300902708124373	0.029753049687593	0.000711020331207136	c11
DDX6	0.00154572492378062	0.0684574259697012	41.123370110331	39.2368342755132	0.0260148129779542	c11
RPS25	1.10981622489738e-09	0.0935652359613104	100	99.9665278191015	7.53914271808313e-08	c11
CRTAM	4.81030384137482e-105	0.423057116610623	43.8314944834503	17.3460279678667	1.01298986019552e-101	c11
KLF6	1.48199729965084e-14	0.240624068283927	95.4864593781344	90.7058911038381	1.70424631448585e-12	c11
VIM	5.53612006213146e-42	0.41333716706093	98.7963891675025	93.6774769413865	2.91459420896027e-39	c11
PIP4K2A	0.000186910080526029	0.0600786144403645	17.753259779338	14.1587325200833	0.00455039613673702	c11
RP13-16H11.5	0.000406203030491663	0.00114813453037371	0.100300902708124	0.00371913121094912	0.00852037511748248	c11
MAP3K8	5.93026799818415e-07	0.0835154071634041	19.358074222668	14.2219577506694	2.54216857418342e-05	c11
ARHGAP12	0.00289106073500789	0.0336152480782635	7.52256770310933	5.49315679857185	0.043332473489927	c11
RP11-462L8.1	4.90268309155316e-05	0.00640040136216653	0.601805416248746	0.119012198750372	0.00140588088584504	c11
ZNF22	0.00168850906514227	0.0584650285919825	27.0812437311936	24.1520380839036	0.0279570636073237	c11
SRGN	7.3365868164514e-06	0.132946385334147	98.9969909729188	95.3771199047902	0.000252759668909523	c11
PRF1	1.11293524533734e-16	0.182042321158362	44.8345035105316	33.1077060398691	1.53058123087332e-14	c11
SEC24C	9.86492937212277e-07	0.0755683897015579	18.1544633901705	13.4669741148468	4.07339375323902e-05	c11
RPS24	3.49713806506787e-06	0.0478604728749166	99.8996990972919	99.9665278191015	0.000128778764988412	c11
CCSER2	1.93798690986824e-06	0.106331698535258	39.8194583751254	35.6144004760488	7.56645781472773e-05	c11
FGFBP3	0.00315620797782052	0.0238507662223179	4.5135406218656	2.93811365664981	0.04650558330755	c11
PDLIM1	3.2260158209121e-42	0.0915063889871273	10.3309929789368	2.80050580184469	1.72535519158432e-39	c11
ITPRIP	0.00113759365474103	0.0469764004169684	12.136409227683	9.37221065159179	0.0202804659274309	c11
PDCD4	1.70571760473982e-09	0.138757879594571	63.0892678034102	58.2899434692056	1.14486950147617e-07	c11
TCF7L2	5.31931110336394e-07	0.0188158291559785	2.60782347041123	0.97441237726867	2.31561845370471e-05	c11
PTPRE	1.42776045011347e-05	0.0708934718430433	17.8535606820461	13.7049985123475	0.000462122580270157	c11
RP11-234G16.4	2.06969472819304e-07	0.000987452126997859	0.100300902708124	0	9.63208483035034e-06	c11
WNK1	0.000145668434943895	0.0789970156694089	42.728184553661	39.2777447188337	0.00365189899330328	c11
LAG3	0.000202855191037265	0.0522438672861583	32.9989969909729	26.6773281761381	0.00487518031869444	c11
RP11-266K4.13	1.14947771102591e-05	0.0021170004691414	0.200601805416249	0.0111573936328474	0.00037859728245657	c11
KLRG1	5.57952239424848e-55	0.326871945511275	45.2357071213641	24.4495685807795	4.82042121927714e-52	c11
CD69	1.86454554737051e-36	0.435399861523402	95.3861584754263	85.8412674799167	7.95240476874706e-34	c11
KLRF1	0.00101590952719159	0.011782224865293	1.40421263791374	0.580184468908063	0.0184329863269754	c11
CLEC2B	3.03675557152136e-83	0.533446214717967	78.8365095285858	54.8348705742339	5.11602211134204e-80	c11
GABARAPL1	2.05291384275341e-05	0.0724729062278719	20.5616850551655	16.2860755727462	0.000644049152865302	c11
KLRD1	9.7442418275161e-15	0.158159137445032	21.5646940822467	13.2475453734008	1.13606395894923e-12	c11
KLRK1	5.39014853399078e-17	0.0918298426689094	13.6409227683049	6.91014578994347	7.53591969727325e-15	c11
KLRC3	1.71183406279841e-14	0.0653616784758129	9.42828485456369	4.30303481106813	1.95520464108236e-12	c11
RP11-291B21.2	1.86394541421132e-07	0.116712679865513	22.3671013039117	16.0182981255579	9.24945166221447e-06	c11
YBX3	7.64120534697775e-37	0.115595293565608	13.8415245737212	4.89437667360905	3.34367237611777e-34	c11
RP11-428G5.5	0.00147305679420906	0.00763838219717223	0.902708124373119	0.312407021719726	0.0250167215847178	c11
KIAA1551	3.68309267052266e-07	0.122692920102158	70.4112337011033	66.8662600416543	1.64368376742504e-05	c11
KIF21A	6.77491861626283e-05	0.0594558224170671	16.3490471414243	12.5185956560547	0.00186650946734554	c11
LRRK2	6.76682891185879e-06	0.00290036850202107	0.300902708124373	0.0260339184766439	0.000235782350937094	c11
SLC38A1	0.000888995630944461	0.0709693206495865	48.8465396188566	46.6193097292472	0.0164671900984292	c11
PRPH	0.00109648732942346	0.00251508515482924	0.200601805416249	0.0223147872656947	0.0196601204264521	c11
DAZAP2	0.00100438001503709	0.0711853507721876	91.1735205616851	89.3484082118417	0.0182556789598806	c11
SMAGP	9.28801551688411e-09	0.0488182593305775	8.12437311935808	4.35882177923237	5.57843841044373e-07	c11
BIN2	1.73552537871491e-08	0.117835723937946	55.3660982948847	50.1673609044927	1.00303245472419e-06	c11
HOXC4	7.34160411879018e-08	0.0154864347217569	1.80541624874624	0.513240107110979	3.85909530699713e-06	c11
ITGA5	6.2608709025937e-10	0.0770644493811962	15.7472417251755	10.015620351086	4.33169988073906e-08	c11
RPL41	4.5687393274076e-10	0.117604011751758	100	99.9033025885153	3.18055997722462e-08	c11
RP11-977G19.14	0.000406203030491663	0.00120231010559737	0.100300902708124	0.00371913121094912	0.00852037511748248	c11
NXPH4	6.66725025340444e-10	0.0503153012458522	6.11835506519559	2.80422493305564	4.60340840242232e-08	c11
IFNG-AS1	2.85435173503973e-07	0.0748172347546233	17.5526579739218	12.3177625706635	1.30387342514747e-05	c11
RP11-81H14.2	6.48479059981711e-05	0.0204275887649347	3.20962888665998	1.58434989586433	0.00179834184749167	c11
RP11-588G21.2	0.00258209137974514	0.00212864217497993	0.200601805416249	0.0260339184766439	0.0397245132164589	c11
BTG1	1.50542415192978e-25	0.179579653283125	100	99.8586730139839	3.72968833640602e-23	c11
PLXNC1	0.00260390563520782	0.0253238081840673	5.51654964894684	3.72285034216007	0.0399344544709569	c11
CHPT1	4.54729206717486e-05	0.0531359350848283	12.5376128385155	9.05980362987206	0.00131855816619096	c11
RP11-512N21.3	2.06969472819304e-07	0.000997568606517866	0.100300902708124	0	9.63208483035034e-06	c11
RP11-328J6.1	2.06969472819304e-07	0.00139712225299087	0.100300902708124	0	9.63208483035034e-06	c11
C12orf75	3.79463178192647e-34	0.270339552786495	52.1564694082247	35.2908360606962	1.48670143325849e-31	c11
SELPLG	2.55010186140724e-11	0.154315729557968	62.3871614844534	56.2332639095507	2.04092950399657e-09	c11
RP11-240G22.5	0.000406623232293934	0.000578835992772108	0.100300902708124	0.00371913121094912	0.00852037511748248	c11
OASL	0.000662975566968633	0.0690070651982082	32.8986960882648	28.6335911930973	0.0128307287498226	c11
LINC00944	6.49663936259232e-06	0.0437852319558046	9.02708124373119	5.72746206486165	0.000227072372077993	c11
SLC15A4	0.000188855936944588	0.0274811247157074	5.31594784353059	3.20961023504909	0.00459113415541914	c11
RP11-61K9.2	2.06969472819304e-07	0.00145075528742693	0.100300902708124	0	9.63208483035034e-06	c11
UBL3	8.77780472493081e-08	0.0961922659329352	26.8806419257773	21.0019339482297	4.57124192274836e-06	c11
HMGB1	2.18822808196209e-06	0.0924636759445796	94.6840521564694	93.2237429336507	8.46500080294266e-05	c11
RP11-427J23.1	0.000406203030491663	0.00129708636065497	0.100300902708124	0.00371913121094912	0.00852037511748248	c11
RGCC	4.72521970915313e-09	0.194913890809024	56.7703109327984	53.1798571853615	2.95932254424174e-07	c11
LCP1	8.20189094292107e-24	0.266416392938764	89.2678034102307	79.2026182683725	1.78293234471473e-21	c11
ITM2B	1.68818820678674e-10	0.128237213574768	95.7873620862588	94.3432014281464	1.24196099212822e-08	c11
LINC00377	2.06969472819304e-07	0.00128031467129895	0.100300902708124	0	9.63208483035034e-06	c11
GPR183	0.00262851652204359	0.0725729498667569	43.530591775326	39.5343647723892	0.0401963442985542	c11
GAS6-AS2	2.06969472819304e-07	0.00117159747105653	0.100300902708124	0	9.63208483035034e-06	c11
TPPP2	2.06969472819304e-07	0.00114328079401465	0.100300902708124	0	9.63208483035034e-06	c11
TMEM253	8.61935638470208e-05	0.00239762529446733	0.200601805416249	0.0148765248437965	0.00229882613301165	c11
TRAV12-1	1.33777853035547e-08	0.0783725185621968	10.0300902708124	5.69770901517406	7.88026395136314e-07	c11
TRAV12-2	1.04012208275812e-13	0.155467524970247	12.938816449348	6.84692055935733	1.13051204698233e-11	c11
TRAV19	1.82697567536227e-05	0.0915427720348258	11.2337011033099	7.66141029455519	0.00057909800946055	c11
TRAV20	2.70761537150807e-05	0.0712939618208913	5.71715145436309	3.30630764653377	0.000830121859213766	c11
TRAV21	0.000123419458492116	0.0720488269651781	7.92377131394183	5.17331151443023	0.00315037517760103	c11
TRAJ24	0.00013279875949865	0.00380326892963229	0.401203610832498	0.0632252305861351	0.00335925030221285	c11
JPH4	2.06944102342508e-13	0.00234550523953316	0.200601805416249	0	2.13888790930321e-11	c11
PSME1	1.97219454251255e-09	0.13304398292223	94.6840521564694	91.5873252008331	1.31586382010728e-07	c11
GZMH	1.40724401920374e-22	0.193949040429666	25.9779338014042	14.4860160666468	2.87367757473036e-20	c11
RALGAPA1	0.000214300246294806	0.0750100527118614	30.3911735205617	27.0343647723892	0.00510292049375066	c11
RPS29	1.43820177187096e-26	0.15606151317378	99.6990972918756	99.7322225528117	3.84593416677938e-24	c11
RPL36AL	0.00265242744450808	0.0560270921939718	98.5957873620863	97.6197560249926	0.0405126429352926	c11
GNG2	8.07419786833863e-05	0.0878185446201823	51.654964894684	49.5834573043737	0.00216774520299444	c11
PTGDR	3.9023918667117e-48	0.171979815805204	21.2637913741224	8.23043736983041	2.434947991796e-45	c11
SYNE2	3.69157035402913e-08	0.127132953122817	58.876629889669	53.7749181791134	2.02086621606719e-06	c11
FAM71D	0.000367337308898786	0.00232046626538485	0.200601805416249	0.0185956560547456	0.00801031784653841	c11
SYNDIG1L	2.06969472819304e-07	0.00130886164149905	0.100300902708124	0	9.63208483035034e-06	c11
CALM1	7.15479653534703e-08	0.122633666243278	96.4894684052156	94.0159178815829	3.77858486617528e-06	c11
CCDC88C	9.59944204846217e-07	0.104108881304265	38.2146439317954	33.5725974412377	3.98329557119316e-05	c11
TC2N	2.49680926309628e-34	0.309325190886945	65.8976930792377	51.1083011008628	9.89735191891367e-32	c11
RP11-1029J19.4	0.000610545778218769	0.00256569830423487	0.300902708124373	0.0446295745313895	0.0119881873259343	c11
PPP2R5C	2.07402515269796e-26	0.25768939961668	66.900702106319	57.0365962511157	5.50253570826811e-24	c11
DYNC1H1	4.45640223793894e-05	0.0868009342448403	37.913741223671	34.4837845879203	0.00129778752813409	c11
PPP1R13B	0.00072343816776542	0.0232139412107866	4.1123370110331	2.43975007438262	0.0138733782724462	c11
C14orf2	0.00239709380190718	0.0526278268805954	64.6940822467402	64.5008925914906	0.0373405818592051	c11
CDCA4	0.00137276678294542	0.0517379087855549	14.4433299899699	11.7041059208569	0.0236714452326321	c11
IGHV1-18	0.000320027527174226	0.003206570051267	0.300902708124373	0.0409104433204403	0.0071552803587315	c11
IGHV7-81	2.06969472819304e-07	0.00343911732227685	0.100300902708124	0	9.63208483035034e-06	c11
APBA2	7.99989528452547e-05	0.0487566101287829	11.7352056168506	8.37176435584647	0.00215122483413249	c11
RP11-346D14.1	8.62500715135672e-05	0.00238474167249523	0.200601805416249	0.0148765248437965	0.00229882613301165	c11
RP11-111A22.1	0.000411602398068875	0.00570818235167426	0.601805416248746	0.145046117227016	0.0085979734659223	c11
SPTBN5	2.97482074217589e-05	0.0117223937661884	1.40421263791374	0.461172270157691	0.000903819748303647	c11
RP11-23P13.6	3.58315106311014e-11	0.0620529724847223	9.02708124373119	4.59312704552217	2.83405380094913e-09	c11
B2M	1.59033982659749e-17	0.086996805127149	100	100	2.29978155010196e-15	c11
CTD-2306A12.1	0.000406203030491663	0.00113177689930561	0.100300902708124	0.00371913121094912	0.00852037511748248	c11
RP11-562A8.5	0.000367337308898786	0.00212535821550851	0.200601805416249	0.0185956560547456	0.00801031784653841	c11
RAB27A	0.000247551659369172	0.0731696418679374	38.6158475426279	34.7032133293663	0.00575241766261027	c11
ANXA2	1.57772930519986e-22	0.23228044312986	58.5757271815446	44.7634632549836	3.20241031381953e-20	c11
UBAP1L	0.00175313590697579	0.00846156899763304	1.10330992978937	0.427700089259149	0.0288006637004594	c11
PSTPIP1	2.17247592225896e-09	0.130316952405333	51.654964894684	46.2176435584647	1.43810223427492e-07	c11
IL16	0.000147955498922143	0.0805614587476159	55.667001003009	53.4885450758703	0.00369548745788191	c11
STARD5	8.06745579946876e-05	0.0174159218774499	2.50752256770311	1.13805415055043	0.00216766232621452	c11
ADAMTSL3	0.00177846263132964	0.00221399151748291	0.300902708124373	0.0520678369532877	0.0291017050635009	c11
AKAP13	0.000366552334508971	0.0767291463935844	56.3691073219659	54.024099970247	0.00800947753498395	c11
MIR9-3HG	0.000109413513719283	0.0176828165726854	2.70812437311936	1.28310026777745	0.00283582994712117	c11
IDH2	6.2578266977506e-06	0.0941994778513731	46.9408224674022	43.1939898839631	0.000220095211643015	c11
CTD-2315E11.1	5.71014905690644e-07	0.0020965407141972	0.200601805416249	0.00743826242189824	2.45405309085976e-05	c11
IQGAP1	3.88448276262404e-05	0.0908665433425068	52.3570712136409	48.4900327283547	0.00115113247320892	c11
MCTP2	1.64348520943731e-05	0.0457892593680806	9.72918756268806	6.44525438857483	0.000526383941509323	c11
LA16c-349E10.1	2.06969472819304e-07	0.00113522116756336	0.100300902708124	0	9.63208483035034e-06	c11
NDUFB10	1.91825983748639e-09	0.117900805195504	62.4874623871615	58.4721808985421	1.28241759849735e-07	c11
IL32	3.078142894385e-17	0.219778803846396	99.6990972918756	97.3556977090152	4.39470113065289e-15	c11
MTRNR2L4	0.000406623232293934	0.00117694848331292	0.100300902708124	0.00371913121094912	0.00852037511748248	c11
NMRAL1	0.000342458799185439	0.0630998525765898	21.765295887663	18.4654864623624	0.00756147233273538	c11
LITAF	4.88459875358369e-40	0.315896792310671	74.5235707121364	59.5656054745611	2.45644284183953e-37	c11
RPS15A	3.3170041941942e-10	0.0775992379206585	100	99.9814043439453	2.35787213753543e-08	c11
RP11-1035H13.3	0.000406203030491663	0.00139120570506188	0.100300902708124	0.00371913121094912	0.00852037511748248	c11
GGA2	1.66464251418636e-06	0.0878699702553425	21.9658976930792	17.2418922939601	6.59864292623473e-05	c11
PRKCB	0.000649852836015697	0.0708656206715788	25.6770310932798	22.515620351086	0.01265672916573	c11
MAZ	0.000556175041925048	0.0691587467476213	26.4794383149448	23.5421005653079	0.0110773839287042	c11
CORO1A	7.93694734556529e-06	0.123302487680793	98.0942828485456	95.2357929187742	0.000270675611195827	c11
ITFG1-AS1	8.63066141823391e-05	0.00207180936113722	0.200601805416249	0.0148765248437965	0.00229882613301165	c11
CES1	0.000424493306705408	0.0111831095997822	1.60481444332999	0.662005355548944	0.00884508429319228	c11
GNAO1	2.04545987506558e-05	0.0316902259591546	5.01504513540622	2.77447188336805	0.000642308714170174	c11
MT2A	1.82505270773583e-06	0.13836963885826	75.5265797392177	66.8997322225528	7.20062364572026e-05	c11
MT1F	1.43315583343289e-06	0.0955955225742368	27.2818455366098	22.29619160964	5.77616658513011e-05	c11
HERPUD1	5.41068432577542e-11	0.162184332162899	47.8435305917753	40.7691163344243	4.14335449256084e-09	c11
NLRC5	0.00146499172424004	0.067597310857888	32.8986960882648	30.2774471883368	0.0248923001293716	c11
CPNE2	1.68329607708065e-05	0.0503499534691598	10.4312938816449	7.01800059506099	0.000537601687404316	c11
ARL2BP	0.000104958534423196	0.0725439569639961	34.8044132397192	31.4712883070515	0.00272875992195615	c11
ADGRG5	0.00136211353513552	0.0192490656319074	3.41023069207623	1.97485867301398	0.0235600890415073	c11
CTD-2012K14.4	0.00258428399096962	0.00198324118519644	0.200601805416249	0.0260339184766439	0.0397245132164589	c11
PSMB10	0.001443318795905	0.0586754733074357	67.6028084252758	67.8183576316572	0.024615952434241	c11
GABARAPL2	1.87006269669128e-08	0.104573134211861	66.1985957873621	64.0174055340672	1.07525413826478e-06	c11
TERF2IP	5.13795249593273e-11	0.147549675942057	67.3019057171515	61.473519785778	3.956286933645e-09	c11
PLCG2	9.27344837931251e-12	0.0503255208923821	7.02106318956871	3.14638500446296	7.79200921926573e-10	c11
RP11-483P21.2	2.06969472819304e-07	0.00127863542418844	0.100300902708124	0	9.63208483035034e-06	c11
COTL1	5.53760437593319e-41	0.353665772226675	93.0792377131394	86.4586432609342	2.8270309370105e-38	c11
KLHDC4	3.96383138906459e-09	0.0868333127048338	19.1574724172518	13.4111871466825	2.51053733895478e-07	c11
CYBA	1.43843074084674e-28	0.256692481310548	96.6900702106319	91.8699791728652	4.21447698974695e-26	c11
RNF166	0.00315647269844448	0.0655525335809292	34.5035105315948	32.6539720321333	0.04650558330755	c11
CPNE7	2.7248314743242e-10	0.111755685793132	26.1785356068205	18.9452543885748	1.9534142914017e-08	c11
ZNF276	5.64625425202447e-06	0.0730946168244523	19.7592778335005	15.2484379648914	0.000200047203751538	c11
ATP2A3	0.00161234156387786	0.0670672752946918	27.9839518555667	25.5169592383219	0.0268941765610399	c11
SPNS3	0.000102193660933892	0.0614536005704977	15.2457372116349	11.845432906873	0.00266923504767951	c11
ARRB2	3.03048694086087e-08	0.117620216608553	48.4453360080241	42.8741445998215	1.6821948432515e-06	c11
RNF167	9.10768701440575e-05	0.0802822090425347	53.1594784353059	51.9525438857483	0.00241443277941296	c11
SCIMP	0.0010772268361798	0.00287559805649679	0.300902708124373	0.0483487057423386	0.0193682396041847	c11
TRAPPC1	0.000436547425239356	0.0679448467510887	69.9097291875627	67.4055340672419	0.00905171012062453	c11
PIK3R6	0.00053911827064274	0.0111824585574575	1.60481444332999	0.673162749181791	0.0108189702269425	c11
GAS7	1.40917175693943e-07	0.0226138336129836	2.90872617853561	1.09714370722999	7.18807340449699e-06	c11
NCOR1	0.0028049863240346	0.0581032750828776	57.6730190571715	56.9510562332639	0.0423437317213359	c11
RP11-138I1.3	0.000406623232293934	0.000995598180095612	0.100300902708124	0.00371913121094912	0.00852037511748248	c11
EPN2	0.00258377735343677	0.0187935145513071	3.61083249749248	2.19056828324903	0.0397245132164589	c11
RPL23A	2.1773668111518e-61	0.232247258575918	100	99.9033025885153	2.22315749499844e-58	c11
SSH2	0.000300145236851995	0.0772401666452558	36.7101303911735	33.6172270157691	0.00679186944962466	c11
AC090616.2	0.000367541740094628	0.00222612813625635	0.200601805416249	0.0185956560547456	0.00801031784653841	c11
RP11-47L3.1	6.91855924541847e-18	0.117438333725271	20.2607823470411	11.8305563820292	1.02693363530894e-15	c11
CCL5	3.28974724549846e-173	1.60084886865532	99.7993981945838	63.5413567390658	1.58349633842607e-169	c11
CCL4	2.81218400821569e-254	1.6030614264171	88.4653961885657	36.4326093424576	2.36884319932049e-250	c11
AC131056.3	5.63418643157561e-08	0.0389101951267785	6.11835506519559	3.05712585540018	3.01809662361699e-06	c11
CCL3L3	1.49210894649095e-48	0.179791498998834	19.358074222668	6.93246057720916	9.48587147982377e-46	c11
CCL4L2	2.55513853449156e-120	0.575432718180689	45.937813440321	17.1600714073193	6.62252598316604e-117	c11
KRT10	0.00192026444786904	0.0489762124924297	58.074222668004	57.8473668551026	0.0311163210743177	c11
EIF1	8.12270109006093e-06	0.0575424850893285	99.4984954864594	99.4309729247248	0.000276730324093542	c11
TBX21	4.31626884956458e-07	0.0888535002632988	22.567703109328	17.3906575423981	1.90356495572289e-05	c11
MRPL10	8.13975147232095e-23	0.184567125752831	36.5095285857573	25.3161261529307	1.68258150986737e-20	c11
HOXB7	0.00206940526412374	0.0114978243271662	1.60481444332999	0.740107110978875	0.0330739980498741	c11
RP11-357H14.17	8.91265509664434e-05	0.0359379023991734	6.31895687061184	3.91996429634037	0.00237206161790154	c11
ABI3	1.64183940926013e-21	0.171462255274839	32.4974924774323	21.1730139839334	3.14318960543243e-19	c11
NGFR	0.0011742699599532	0.00365735710786725	0.401203610832498	0.0818208866408807	0.0208680654170163	c11
RP11-613C6.2	0.000406203030491663	0.00129719652346048	0.100300902708124	0.00371913121094912	0.00852037511748248	c11
RP11-700H6.2	0.000406203030491663	0.00121727406906506	0.100300902708124	0.00371913121094912	0.00852037511748248	c11
CCDC182	2.06969472819304e-07	0.00135081309374702	0.100300902708124	0	9.63208483035034e-06	c11
PECAM1	9.37410684545198e-20	0.111760379464253	18.7562688064193	9.96727164534365	1.680059340695e-17	c11
PITPNC1	1.01672211133916e-11	0.142083595802361	35.0050150451354	27.9418327878608	8.47956307412414e-10	c11
GPR142	2.06969472819304e-07	0.00125510153580841	0.100300902708124	0	9.63208483035034e-06	c11
CD300A	1.11308093751995e-06	0.0594885763594883	11.1334002006018	7.27833977982743	4.55147440640742e-05	c11
SLC9A3R1	5.30130558335161e-13	0.165754171149825	64.2928786359077	57.3415650104136	5.23818739957329e-11	c11
TSEN54	5.22576678089802e-07	0.0927004235803637	30.7923771313942	25.4165426956263	2.27783940382378e-05	c11
H3F3B	3.48502141970445e-15	0.173736227438756	99.5987963891675	98.6685510264802	4.2087566923126e-13	c11
RHBDF2	0.000624915038893094	0.0410464591596134	10.3309929789368	7.61306158881285	0.0122302136568395	c11
MXRA7	4.45592019374639e-05	0.026464556509248	4.01203610832497	2.11618565903005	0.00129778752813409	c11
JMJD6	0.000253607189135572	0.0680958092365647	22.0661985957874	18.6663195477536	0.00586884658704255	c11
METTL23	0.000492973524650319	0.0698284389444629	37.913741223671	35.5660517703065	0.010036404797322	c11
SRSF2	7.21188908575858e-05	0.0814140093765293	69.0070210631896	67.3497470990776	0.00196759020935668	c11
TNRC6C	4.6216685448377e-05	0.0664756382302506	18.7562688064193	14.764950907468	0.00133782216451685	c11
RNF213	6.12079148748918e-06	0.0959002520960066	71.3139418254764	69.3617970842011	0.000215951778407812	c11
ARHGDIA	1.35358927053122e-12	0.159181903007486	69.5085255767302	62.6933948229694	1.2668843578133e-10	c11
TBCD	2.255486395583e-13	0.151633439986012	32.6980942828485	24.4681642368343	2.31696215282847e-11	c11
MYL12A	1.64275813996587e-05	0.09795585302028	98.39518555667	96.5449271050283	0.000526383941509323	c11
MYL12B	2.87089562988039e-18	0.190879769316964	95.987963891675	91.4608747396608	4.47833135894397e-16	c11
NPC1	7.08437617519775e-05	0.0572223120751924	15.1454363089268	11.4698006545671	0.00193750788025254	c11
RNF125	0.000146403733980745	0.0709688676789967	27.9839518555667	24.1631954775364	0.00366215843559556	c11
RAB27B	3.01131759552202e-05	0.0303123985610248	4.81444332998997	2.66289794703957	0.000911620261127753	c11
MBP	5.23742888137093e-29	0.270464561715058	65.6970912738215	53.5703659625112	1.575624363651e-26	c11
CDC25B	1.08514186469411e-05	0.0776969567446155	26.2788365095286	21.3552514132699	0.000361292193567226	c11
PLCB1	6.98001717429152e-06	0.0341900883963194	5.81745235707121	3.25423980958048	0.000241710892775517	c11
KIZ	0.0030666918025696	0.0419754876804273	13.9418254764293	11.2875632252306	0.045539494753539	c11
CST7	1.006638186325e-262	1.31160901804865	97.7933801404213	61.1387979767926	1.13058890166782e-258	c11
APMAP	3.72349086514894e-32	0.238708015577448	47.0411233701103	32.672567688188	1.32062422326662e-29	c11
PPP1R16B	0.000209716576367055	0.0686391612599832	22.1664994984955	18.6774769413865	0.00500438408223198	c11
STK4	0.00162922440146359	0.0470751382966665	73.7211634904714	74.8400773579292	0.0271354854092507	c11
ADNP-AS1	0.000313355649855501	0.00654151551592112	0.702106318956871	0.182237429336507	0.00702943093623919	c11
NFATC2	2.87947268663752e-14	0.172615598706692	55.5667001003009	46.2920261826837	3.26669874422776e-12	c11
CTCFL	2.06969472819304e-07	0.00132803616072484	0.100300902708124	0	9.63208483035034e-06	c11
PSMA7	3.05391845174001e-08	0.123684518726338	82.3470411233701	78.7600416542696	1.69241329462053e-06	c11
PPDPF	6.13625200186451e-13	0.137150883918215	97.3921765295888	95.7118417137757	5.97557442054401e-11	c11
LIME1	3.15975862438148e-08	0.118891524628345	41.925777331996	36.1164831895269	1.74819223464548e-06	c11
ABHD16B	2.06969472819304e-07	0.00130964799215763	0.100300902708124	0	9.63208483035034e-06	c11
GZMM	9.20470755415586e-118	0.610142222318149	84.2527582748245	57.9552216602202	2.21531011664091e-114	c11
CNN2	2.25534793554618e-06	0.104855533482894	78.3350050150451	75.3198452841416	8.68476495317634e-05	c11
MIDN	0.0017929473918633	0.0540026142225722	15.0451354062187	12.3177625706635	0.029283358905207	c11
SF3A2	0.00243473049807726	0.0568974951457231	47.1414242728185	47.4895864326093	0.0378568571306947	c11
OAZ1	0.0012400841582838	0.0710430330206342	96.5897693079238	95.0423980958048	0.021796241851442	c11
MATK	2.78615805744247e-84	0.375725474466138	49.0471414242728	23.6350788455817	4.94088471512981e-81	c11
ZBTB7A	9.36078382484636e-05	0.0634130398928824	17.1514543630893	13.5190419518001	0.0024737431387794	c11
TUBB4A	5.73227455706084e-06	0.0146249689737946	1.90571715145436	0.673162749181791	0.000202456246253258	c11
TNFSF9	5.40055948822429e-07	0.0500174485291714	9.72918756268806	5.89110383814341	2.34795421156425e-05	c11
TNFSF14	0.00342047570342568	0.0458928924427889	15.6469408224674	12.8830705147278	0.0496765122203556	c11
TGFBR3L	0.00227702868684588	0.0166804000595104	3.00902708124373	1.72567688188039	0.0358794752463079	c11
MYO1F	1.54687177272324e-15	0.152480999347675	35.3059177532598	26.0748289199643	1.93038138926432e-13	c11
ZNF846	0.000756208064963211	0.0288242291661796	6.61985957873621	4.42948527224041	0.0143709388273381	c11
UBL5	0.00143481566762978	0.0508752540275974	86.3590772316951	86.3954180303481	0.0245279954871222	c11
EIF3G	0.0012155621107851	0.0455190056153698	77.3319959879639	78.585242487355	0.0214211034313771	c11
S1PR5	1.6453845796191e-08	0.0282846327690483	4.1123370110331	1.69964296340375	9.54209776689949e-07	c11
CDKN2D	4.88172293962857e-05	0.061348259599738	16.148445336008	12.2880095209759	0.00140345369221711	c11
NFIX	0.000973842992498901	0.00866588067897534	1.00300902708124	0.353317465040167	0.0177653848344656	c11
IER2	1.39865352913531e-08	0.165573813762319	53.9618856569709	48.3487057423386	8.2101449495967e-07	c11
CTD-3252C9.4	1.60947315770735e-09	0.172870319389873	41.123370110331	34.2160071407319	1.08242691768047e-07	c11
ADGRE5	7.80181487992582e-11	0.155126126508884	49.5486459378134	43.0675394227908	5.90728877672406e-09	c11
DNAJB1	1.30328276107876e-07	0.206100072991423	83.3500501504514	77.6814936030943	6.68383703984595e-06	c11
TECR	4.06744666707364e-05	0.0771617816596081	60.8826479438315	59.3759297828027	0.00119588610820575	c11
RASAL3	2.9601141288153e-05	0.0873083687085502	47.2417251755266	43.4134186254091	0.000900976381719084	c11
LLNLR-249E10.1	3.96392789316776e-09	0.0028561055106999	0.200601805416249	0.00371913121094912	2.51053733895478e-07	c11
KLF2	3.5643243685812e-09	0.232198052359524	67.9037111334002	58.4684617673311	2.29629723279111e-07	c11
NWD1	2.06969472819304e-07	0.00125189510822178	0.100300902708124	0	9.63208483035034e-06	c11
CTD-2528A14.5	2.06969472819304e-07	0.000784988791055311	0.100300902708124	0	9.63208483035034e-06	c11
SLC7A9	0.00258538093488527	0.00188620743064592	0.200601805416249	0.0260339184766439	0.0397245132164589	c11
HCST	1.03239490219594e-74	0.449591744821549	97.3921765295888	90.1666170782505	1.3914205533836e-71	c11
ACTN4	1.11695497598556e-05	0.0846988152632072	39.3179538615848	34.79619160964	0.000370785034097117	c11
CAPN12	0.00328290065659211	0.0350191135494065	7.12136409227683	5.16215412079738	0.0480304188984865	c11
ZFP36	5.80425462878213e-50	0.586311117024322	94.0822467402207	82.5981850639691	3.99119500943235e-47	c11
SERTAD1	0.000829432908951753	0.0636354439110118	24.2728184553661	20.8792026182684	0.0155519824341794	c11
ARHGEF1	0.0018349142096353	0.06281861507111	64.8946840521565	63.5673906575424	0.0298963246515724	c11
RABAC1	1.37328034195588e-12	0.160679388255479	68.0040120361083	59.9709907765546	1.28175367982995e-10	c11
ATP1A3	4.86226918188656e-05	0.0321873364571513	5.41624874623872	3.15754239809581	0.0013990546354781	c11
PINLYP	0.0028321387172583	0.00686808894175683	0.802407221664995	0.278934840821184	0.0426389999728782	c11
AC005757.6	2.06969472819304e-07	0.00117037379060796	0.100300902708124	0	9.63208483035034e-06	c11
PPM1N	0.000884476314572049	0.016805773158548	2.70812437311936	1.42814638500446	0.0164233298243144	c11
EMP3	1.97958655394719e-16	0.214087807786376	82.5476429287864	76.9971734602797	2.68952376406034e-14	c11
NKG7	0	1.7603824629911	97.8936810431294	42.90761678072	0	c11
CTD-2616J11.2	2.06969472819304e-07	0.00131063244426426	0.100300902708124	0	9.63208483035034e-06	c11
MYADM	4.57426917440955e-05	0.100434811935626	28.5857572718154	24.2152633144897	0.00132524011661699	c11
NDUFA3	9.91566296707248e-05	0.0647418242304824	64.493480441324	64.8132996132103	0.00260201205617243	c11
LILRB1	2.76237484286829e-06	0.0184406094265667	2.10631895687061	0.758702767033621	0.000104344683806731	c11
FCAR	2.06969472819304e-07	0.00096908053860943	0.100300902708124	0	9.63208483035034e-06	c11
RPL28	1.39241048255977e-17	0.110422100974318	100	99.9925617375781	2.02223615514521e-15	c11
SHISA7	2.06969472819304e-07	0.0016559891684266	0.100300902708124	0	9.63208483035034e-06	c11
AC007064.24	2.06969472819304e-07	0.00117037379060796	0.100300902708124	0	9.63208483035034e-06	c11
AC000068.9	2.06969472819304e-07	0.000621683290468609	0.100300902708124	0	9.63208483035034e-06	c11
AC006547.8	8.61370911624365e-05	0.00221046677807879	0.200601805416249	0.0148765248437965	0.00229882613301165	c11
DGCR6L	1.03797742054307e-05	0.0897892744565986	40.6218655967904	37.3214817018744	0.000346960428648594	c11
MED15	5.55460833357696e-05	0.0869084101096628	35.4062186559679	32.0105623326391	0.00156485763538079	c11
SERPIND1	0.000406623232293934	0.000571710714357999	0.100300902708124	0.00371913121094912	0.00852037511748248	c11
YPEL1	6.93205316170675e-09	0.0498719397041479	8.12437311935808	4.36254091044332	4.23899454138924e-07	c11
MAPK1	8.78819898356112e-13	0.132752461093237	29.8896690070211	22.1623028860458	8.48451508745296e-11	c11
IGLV3-27	0.000406203030491663	0.00140959486957292	0.100300902708124	0.00371913121094912	0.00852037511748248	c11
IGLV2-23	3.88136384544401e-06	0.00560807653916055	0.401203610832498	0.0446295745313895	0.000141688703584388	c11
IGLV2-18	6.37542880949448e-05	0.00367040345984843	0.300902708124373	0.0334721808985421	0.00177239025005864	c11
IGLV2-14	1.28290827827681e-81	0.273845008964636	32.4974924774323	11.9904790241	2.05839578705994e-78	c11
TPST2	7.19490179941519e-14	0.14475063951423	34.0020060180542	25.8702767033621	7.89658049607477e-12	c11
MIAT	1.35603606256263e-13	0.118688020452892	23.8716148445336	15.8769711395418	1.45510442968105e-11	c11
RFPL3S	0.000608306615143654	0.00302505123015957	0.300902708124373	0.0446295745313895	0.0119581581625731	c11
MYH9	0.000625049798690497	0.0818142811947353	75.9277833500501	74.0367450163642	0.0122302136568395	c11
RAC2	0.000754515753450691	0.0791181199007904	97.3921765295888	95.6300208271348	0.0143468700884693	c11
CYTH4	0.00247189766984385	0.0615128576266828	26.7803410230692	24.2636120202321	0.0383110028002386	c11
LGALS1	3.59406155482254e-09	0.155708420041419	41.6248746238716	32.9254686105326	2.31103645091967e-07	c11
RP5-1039K5.13	2.06969472819304e-07	0.00105878085488148	0.100300902708124	0	9.63208483035034e-06	c11
SUN2	5.66878121514949e-06	0.0955077401011464	64.5937813440321	63.3219279976198	0.000200634363721898	c11
APOBEC3C	0.000660527414391924	0.0704111336919795	40.6218655967904	37.3289199642963	0.0128054146723369	c11
APOBEC3D	0.000258465315678156	0.05400537039368	14.7442326980943	11.5069919666766	0.00596080105849404	c11
APOBEC3G	2.92015003556813e-80	0.49379393931935	75.5265797392177	49.6057720916394	4.47234251356512e-77	c11
GRAP2	0.000535025337066115	0.0765739798434785	34.5035105315948	31.6758405236537	0.0107432322449974	c11
USP25	0.000517490258479837	0.0475605578228934	12.136409227683	9.21600714073193	0.0104596981219074	c11
AF131217.1	1.88645079948363e-05	0.0451011793700002	9.82948846539619	6.50104135673906	0.000595708277767587	c11
CSTB	0.00279878155939785	0.0560758791068031	67.4022066198596	66.6207973817316	0.0422690030759081	c11
TSPEAR-AS1	0.000406203030491663	0.00140280288141999	0.100300902708124	0.00371913121094912	0.00852037511748248	c11
ITGB2	2.74984452457309e-19	0.218388050360495	78.5356068204614	70.4477833977983	4.72720721484519e-17	c11
DIP2A	0.0023664686761939	0.0583891946173587	24.7743229689067	22.0656054745611	0.0370175466925149	c11
MT-ND1	1.28261778827616e-26	0.237625591791535	99.2978936810431	98.6016066646831	3.45732190065416e-24	c11
MT-ND2	4.59821546941328e-18	0.213293644912732	96.9909729187563	95.0535554894377	6.91661928689335e-16	c11
MT-CO1	5.24029263823976e-12	0.12614287316121	99.8996990972919	99.8437964891401	4.55068093177449e-10	c11
MT-CO2	5.27798505213317e-09	0.0929722970171101	99.8996990972919	99.9181791133591	3.27869190762287e-07	c11
MT-ATP8	3.92163416542017e-11	0.143691481531025	99.5987963891675	98.9586432609342	3.09450917024982e-09	c11
MT-ATP6	2.35399496125482e-08	0.123457285501627	99.3981945837512	99.3231181196073	1.3285679434593e-06	c11
MT-CO3	3.5452648391484e-15	0.172121349471121	99.8996990972919	99.5797381731628	4.26621976750951e-13	c11
MT-ND3	1.000091883216e-12	0.16126974614658	99.8996990972919	99.2822076762868	9.60031222594865e-11	c11
MT-ND4L	6.73981872016648e-12	0.13292819864584	99.8996990972919	99.8400773579292	5.74915068246302e-10	c11
MT-ND4	7.24699499935726e-08	0.132132270097435	97.2918756268806	96.0316869979173	3.82128715975498e-06	c11
MT-ND5	3.58231570952733e-05	0.0951360688460738	97.2918756268806	96.7197262719429	0.00107386606331685	c11
MT-CYB	2.11753876430105e-09	0.158306636898508	99.7993981945838	99.561142517108	1.40449510087322e-07	c11
