p_val	avg_log2FC	pct.1	pct.2	p_val_adj	cluster	gene
0	2.79101494431838	0.921	0.335	0	c17	MX1
0	3.89794026696101	0.643	0.077	0	c17	IFIT1
0	2.74209611603532	0.751	0.199	0	c17	OAS1
0	3.54286384408338	0.633	0.084	0	c17	CMPK2
0	2.83072769086911	0.923	0.38	0	c17	IFI6
0	2.79470410099552	0.928	0.402	0	c17	ISG15
0	2.60318133625366	0.792	0.273	0	c17	OASL
0	3.6922772084499	0.601	0.086	0	c17	RSAD2
0	2.68824015876807	0.74	0.225	0	c17	MX2
0	3.989332479097	0.546	0.062	0	c17	IFIT3
0	2.82011753078053	0.683	0.202	0	c17	PLSCR1
0	2.80979240714987	0.625	0.147	0	c17	HERC5
0	4.03071925719588	0.384	0.044	0	c17	IFIT2
0	1.86560593966904	0.987	0.77	0	c17	LY6E
0	1.65239189790776	0.999	0.966	0	c17	IFITM1
1.90052306522767e-303	2.31514117508509	0.836	0.332	6.40362241597812e-299	c17	IRF7
1.04038109408046e-285	2.91407210328073	0.473	0.093	3.50546005839471e-281	c17	USP18
2.71731845557337e-284	3.56714326037533	0.279	0.032	9.15573280420892e-280	c17	LAMP3
3.45875629956254e-270	2.18523767224767	0.77	0.285	1.1653933475746e-265	c17	EIF2AK2
1.65599582342884e-258	2.72412376307264	0.511	0.12	5.57971232746114e-254	c17	OAS3
3.60436324984059e-254	2.10954925761858	0.803	0.336	1.21445415340129e-249	c17	XAF1
3.81052505619618e-250	1.87706327868539	0.969	0.728	1.28391831243474e-245	c17	ISG20
1.04749335606529e-244	2.26097192190162	0.733	0.286	3.52942411392638e-240	c17	IFI35
6.95678682261239e-235	2.3055344248699	0.654	0.209	2.34401975201102e-230	c17	IFI44L
3.34588128671143e-212	1.54859193860482	0.908	0.575	1.12736124074455e-207	c17	BST2
3.6381094663399e-202	2.14188180544022	0.616	0.212	1.22582460358857e-197	c17	OAS2
2.14125278683161e-194	2.11526258438786	0.655	0.25	7.21473713995044e-190	c17	SAMD9L
5.92018743339429e-194	1.72607269351555	0.93	0.665	1.99474795380787e-189	c17	MT2A
6.64649812855569e-190	1.79220836488806	0.761	0.335	2.23947107943555e-185	c17	EPSTI1
1.13865672362877e-189	1.35620978764958	0.889	0.406	3.83658996459478e-185	c17	CD8A
2.08551651120946e-188	1.90122251157222	0.674	0.257	7.02693933286916e-184	c17	LAG3
6.31453650053737e-187	1.25832683688506	0.937	0.434	2.12761992849106e-182	c17	NKG7
1.73587745957897e-182	1.47538235743759	0.881	0.581	5.84886551230537e-178	c17	UBE2L6
2.09810508638712e-181	0.597717338875051	1	0.999	7.06935527807276e-177	c17	HLA-B
3.97393495424686e-176	1.33767842435531	0.917	0.67	1.33897764348394e-171	c17	DRAP1
6.66564231128207e-176	1.25197693799403	0.955	0.767	2.24592152036338e-171	c17	PTPRCAP
5.67872997777038e-174	1.90566510976569	0.692	0.301	1.91339127870995e-169	c17	CHST12
4.73928812103552e-168	1.6478785375665	0.833	0.505	1.59685573950171e-163	c17	TRIM22
4.30620657921011e-159	1.57618928229272	0.8	0.457	1.45093324479906e-154	c17	C19orf66
1.81919537002759e-157	2.17283245934107	0.478	0.15	6.12959687977097e-153	c17	DDX60
6.94392453801778e-157	2.26933133379582	0.445	0.131	2.33968593383971e-152	c17	HELZ2
7.92313958257609e-152	1.90948186450781	0.678	0.318	2.66962265095319e-147	c17	GBP1
2.0086749561618e-151	1.02499087453551	0.962	0.862	6.76802939729158e-147	c17	PSMB9
5.72796627745066e-148	2.30393798876531	0.418	0.122	1.92998095752423e-143	c17	RTP4
1.7136858142736e-147	2.09523475526785	0.521	0.186	5.77409298261345e-143	c17	ZBP1
1.23028551445346e-146	2.15849656035743	0.425	0.126	4.1453240123995e-142	c17	IFIT5
1.1381204132477e-144	1.98745270064746	0.556	0.218	3.83478292039679e-140	c17	PARP9
1.86097509636395e-144	0.907641396047031	0.997	0.991	6.27036948968869e-140	c17	AC090498.1
1.92152923447182e-144	1.31641408538053	0.882	0.551	6.47440060262936e-140	c17	STAT1
3.50789130704656e-144	1.80881895880205	0.668	0.314	1.18194889699627e-139	c17	PPM1K
3.58328435895184e-143	1.30748574806665	0.869	0.548	1.20735183190523e-138	c17	CLEC2B
6.36201368915264e-140	2.20600817193383	0.431	0.134	2.14361689242309e-135	c17	DDX60L
7.80035583539454e-140	2.3350452469194	0.454	0.152	2.62825189517783e-135	c17	DDX58
1.40297078830621e-137	1.23071450887505	0.903	0.688	4.72716977411895e-133	c17	RNF213
4.47354892160095e-134	1.76117854882753	0.698	0.351	1.50731757364422e-129	c17	CLDND1
4.15145032002223e-131	0.501298910146625	1	0.996	1.39878967082829e-126	c17	HLA-C
2.38977198402277e-130	2.09629735052605	0.498	0.182	8.05209772296631e-126	c17	PPP1R14B
1.91528611358598e-128	1.84037984572704	0.543	0.219	6.45336503111662e-124	c17	LAP3
5.48064274949197e-127	1.18559727199872	0.86	0.634	1.84664776801382e-122	c17	SP100
2.61298816533375e-120	1.425477859748	0.662	0.319	8.80420232427552e-116	c17	TYMP
4.53321623194312e-120	1.97221441300934	0.467	0.172	1.52742187719091e-115	c17	IFI44
8.16142574541811e-120	1.37145203318666	0.702	0.339	2.74991079066118e-115	c17	ITM2C
2.70628985101805e-118	1.76045079848851	0.581	0.26	9.11857302402022e-114	c17	SAMD9
3.23688130181773e-113	0.966072080299936	0.946	0.794	1.09063478583446e-108	c17	RPS10
4.11375552849241e-113	1.03994250950133	0.785	0.373	1.38608878777023e-108	c17	CD8B
6.9237812580794e-113	0.876271796409434	0.958	0.863	2.33289885709727e-108	c17	RARRES3
4.07576128154611e-111	0.81620436335324	0.987	0.638	1.37328700620414e-106	c17	CCL5
1.18091563304192e-110	1.62580238031513	0.487	0.188	3.97897713397146e-106	c17	ODF3B
2.40421447985719e-109	0.810342695360794	0.997	0.987	8.10076026843082e-105	c17	H3F3B
1.15984092075171e-108	2.62123836276018	0.233	0.052	3.90796799838082e-104	c17	AKAP2
8.37647217105908e-108	0.92674477087462	0.889	0.506	2.82236853331665e-103	c17	GZMK
8.33256425268605e-106	0.68203822794091	0.991	0.965	2.80757419930004e-101	c17	MYL12A
9.75854147106903e-106	2.07336893521099	0.351	0.109	3.288042963262e-101	c17	FASLG
1.53462714069511e-105	2.21607311552466	0.333	0.102	5.1707726878581e-101	c17	PNPT1
4.03585467820483e-105	1.62757388161608	0.501	0.197	1.35984087527434e-100	c17	EOMES
9.04791814051878e-105	1.43088423491312	0.684	0.386	3.0486055382664e-100	c17	C5orf56
2.33890888139642e-104	1.95292946822804	0.397	0.14	7.88071958497709e-100	c17	HSH2D
9.90326081026192e-104	1.6197842101653	0.6	0.301	3.33680469740965e-99	c17	SP110
1.90664199203021e-103	1.88176534512646	0.464	0.185	6.42423952794658e-99	c17	PARP14
1.2655879377424e-100	1.67305487997944	0.508	0.223	4.26427199742925e-96	c17	PARP10
4.8601168144749e-97	0.875784139514023	0.886	0.519	1.63756775946917e-92	c17	GZMA
1.22397994585737e-96	0.805663964031675	0.947	0.615	4.12407802957183e-92	c17	CST7
1.80366899034507e-96	2.06111582518972	0.346	0.115	6.07728229606867e-92	c17	IFIH1
1.8977430874326e-96	1.76573791519952	0.444	0.177	6.39425555879542e-92	c17	DTX3L
3.2888680723799e-96	0.733239089204931	0.961	0.87	1.10815120830768e-91	c17	RPL17
3.7293135242097e-96	1.39584572896808	0.636	0.346	1.25655489884722e-91	c17	PHF11
2.65724296014078e-94	0.983567612443595	0.879	0.658	8.95331442989835e-90	c17	CRIP1
1.54045365622829e-92	1.0552618588983	0.789	0.497	5.19040454929561e-88	c17	APOBEC3G
4.76200253736119e-92	1.09852396485508	0.794	0.554	1.60450913493848e-87	c17	IFI16
4.86306881232217e-91	1.49889073512834	0.423	0.155	1.63856240562383e-86	c17	RP11-291B21.2
2.30689803419414e-89	1.99512952610362	0.527	0.262	7.77286223641374e-85	c17	TNFSF10
2.22959052123311e-88	1.02845118453197	0.923	0.872	7.51238230224283e-84	c17	IFITM2
3.4760012186836e-85	1.81828528953782	0.385	0.148	1.17120385062325e-80	c17	PARP12
1.31431081952681e-84	1.02768605921253	0.757	0.478	4.42843887531365e-80	c17	IER2
2.86378492028288e-84	1.69257590510937	0.394	0.152	9.64923691040114e-80	c17	LGALS9
9.79265527333401e-81	1.39710338976763	0.613	0.327	3.29953726779716e-76	c17	PRF1
2.25100411685899e-79	1.03216775159185	0.779	0.564	7.58453327134468e-75	c17	TAP1
2.76423635100596e-79	2.51407246145635	0.214	0.056	9.31381796107949e-75	c17	PRR5
3.3877673260165e-78	2.58404640400961	0.166	0.036	1.141474322828e-73	c17	HIST2H2AA4
1.43795484014152e-76	1.41122257784941	0.499	0.24	4.84504503837285e-72	c17	TBCD
1.65370937502299e-76	0.514132941665592	0.991	0.988	5.57200836820246e-72	c17	RPL26
2.43522476809099e-76	0.908401544469902	0.835	0.664	8.20524633360579e-72	c17	SHISA5
2.4721749387954e-76	0.923172419365502	0.875	0.717	8.32974623877724e-72	c17	LDHA
2.68262243030986e-76	0.578068646188652	0.989	0.929	9.03882801668603e-72	c17	UBC
3.40395986762089e-76	1.5682834689359	0.472	0.229	1.14693023779618e-71	c17	NMI
3.10211319717519e-75	1.08331790561528	0.741	0.519	1.04522602065621e-70	c17	SLFN5
3.3797868753664e-75	0.422307829965647	0.997	0.992	1.13878538978595e-70	c17	HLA-E
6.05382899987344e-75	1.706344454957	0.314	0.109	2.03977714321736e-70	c17	SLAMF7
7.15722385097696e-74	1.06370797718999	0.722	0.484	2.41155500434818e-69	c17	ADAR
6.15955125932677e-73	3.63532041167205	0.064	0.006	2.07539920131756e-68	c17	NEXN
6.20761724968525e-73	1.13496495215923	0.648	0.39	2.09159455610895e-68	c17	STOM
1.1147439702722e-72	1.36276499932967	0.46	0.209	3.75601833343515e-68	c17	ABI3
2.42053583694926e-72	0.722528066735767	0.838	0.515	8.15575344901684e-68	c17	CTSW
3.8619434200637e-72	0.23464765483477	1	1	1.30124321595626e-67	c17	B2M
6.93638581828478e-72	1.52430338514788	0.497	0.259	2.33714583761287e-67	c17	NT5C3A
1.45899919184112e-71	1.13770546866998	0.721	0.48	4.91595187698947e-67	c17	IRF1
2.43714948031462e-71	1.28454336152967	0.547	0.292	8.21173145897209e-67	c17	GYG1
8.02161870457947e-71	1.36898740135687	0.43	0.183	2.70280420632101e-66	c17	ZNF683
4.65019383635243e-70	0.369417766253865	1	0.996	1.56683631122059e-65	c17	HLA-A
1.00159862479387e-68	0.548679189516556	0.97	0.915	3.37478640638048e-64	c17	PSME1
1.93209594904761e-68	1.44630804000865	0.489	0.254	6.510004090721e-64	c17	NUB1
2.55188951287162e-68	1.96667978864873	0.252	0.081	8.59833652466965e-64	c17	FBXO6
4.25079006278689e-67	2.11495488750251	0.216	0.063	1.43226120375542e-62	c17	SMARCD3
9.35669675841399e-67	1.14668743726576	0.59	0.343	3.15264540578001e-62	c17	CHMP5
1.01836678611488e-66	1.06745112154289	0.662	0.422	3.43128504913549e-62	c17	NAPA
1.91415496378283e-66	0.294680442126764	1	1	6.44955373496986e-62	c17	TMSB4X
3.56017294835725e-64	1.77945472990065	0.309	0.12	1.19956467321949e-59	c17	STAT2
7.62673919805311e-63	0.910193626441131	0.668	0.388	2.56975350539202e-58	c17	RNASEK
8.64155895950405e-63	1.31800995925038	0.521	0.289	2.9116868758153e-58	c17	APOL6
1.60348518913079e-62	1.87759301941772	0.273	0.098	5.40278299625727e-58	c17	HERC6
2.23293703048761e-62	1.66592821045725	0.282	0.1	7.52365803052496e-58	c17	ITGA1
5.23460748918461e-62	1.14961665729605	0.547	0.309	1.76374864740586e-57	c17	LYSMD2
8.0726559025505e-62	0.650960300422916	0.918	0.802	2.72000067980537e-57	c17	CD48
1.73280964912438e-61	0.757078996362206	0.955	0.859	5.83852883175968e-57	c17	CD69
1.38237179002401e-60	0.686673165129399	0.761	0.481	4.65776350930689e-56	c17	EEF1G
2.13657717977888e-60	0.781270995191953	0.864	0.699	7.19898314954697e-56	c17	PSMB8
1.66632615295431e-59	0.774510826415486	0.826	0.6	5.61451933976426e-55	c17	HLA-DPB1
2.19120358828045e-59	1.16491239209588	0.545	0.305	7.38304137035216e-55	c17	GIMAP1
7.631005466389e-59	0.594513772166186	0.977	0.937	2.57119098184511e-54	c17	VIM
1.2894207521212e-58	0.828811633306192	0.839	0.691	4.34457428219716e-54	c17	PLP2
3.28680699317403e-58	2.49810470284097	0.123	0.026	1.10745674828006e-53	c17	NXPH4
3.63711966239516e-58	0.771193290248175	0.869	0.736	1.22549109904743e-53	c17	SRSF7
5.50445551120183e-58	0.695732675250189	0.943	0.922	1.85467123994435e-53	c17	CXCR4
1.1011505867581e-56	1.59210483032594	0.347	0.153	3.71021678702275e-52	c17	TRIM21
9.92729321751873e-56	1.08969104294177	0.714	0.528	3.34490217671076e-51	c17	RGCC
2.48587560482812e-55	0.88743677456807	0.751	0.532	8.37590926290787e-51	c17	CXCR3
8.87765033822923e-55	3.35473623140601	0.062	0.008	2.99123550496296e-50	c17	CD68
2.82740531608317e-54	0.909286846906293	0.672	0.446	9.52665947201064e-50	c17	ANXA2
3.7629119432887e-54	1.20483110393354	0.442	0.219	1.2678755501717e-49	c17	AOAH
4.22141326414882e-54	0.329776767837669	0.699	0.374	1.4223629852223e-49	c17	CCL4
4.52130603671066e-54	2.01197673897931	0.194	0.06	1.52340885600929e-49	c17	SLC38A5
4.56073513623191e-54	0.711211122617848	0.839	0.604	1.53669409680198e-49	c17	HLA-DPA1
8.47063960053442e-54	2.11540390775609	0.192	0.06	2.85409730700407e-49	c17	TRIM25
1.65025605922672e-52	1.39254203727199	0.419	0.217	5.56037276595852e-48	c17	TRANK1
1.74723999396371e-52	1.02500307104173	0.516	0.28	5.88715043566134e-48	c17	ARL6IP1
8.18449507155985e-52	1.22286960549854	0.796	0.663	2.75768376941138e-47	c17	SAT1
1.36827442538083e-51	0.945036037781705	0.678	0.491	4.61026384887817e-47	c17	RBCK1
5.15822898218009e-51	1.58729646421705	0.293	0.123	1.73801367325576e-46	c17	N4BP1
5.61844562650601e-51	1.22599306092534	0.438	0.231	1.89307906939493e-46	c17	SKIL
1.12886179521312e-50	0.936310517760519	0.668	0.477	3.80358693279108e-46	c17	DNAJA1
2.33929076267965e-50	2.11104618448561	0.196	0.065	7.88200629577283e-46	c17	ENDOD1
4.87556692120147e-50	0.670229965042173	0.881	0.749	1.64277351842962e-45	c17	PSME2
5.21755387155368e-50	1.46545158180152	0.42	0.223	1.7580026014813e-45	c17	GBP4
1.27008009575642e-49	0.965481428044507	0.503	0.269	4.27940787464169e-45	c17	CSNK2B
2.24652984701055e-49	2.21192196139449	0.143	0.039	7.56945766651735e-45	c17	IL9R
5.49111488913362e-49	1.35780590569278	0.421	0.226	1.85017625074468e-44	c17	ZNFX1
8.2909387871151e-49	0.44993644989301	0.962	0.915	2.79354891493056e-44	c17	MYL12B
1.1319819106406e-47	1.63079127999241	0.201	0.068	3.81409984971243e-43	c17	KLRK1
5.62172893261333e-47	1.29121433571128	0.323	0.144	1.89418534655473e-42	c17	GZMH
2.87936307267494e-46	1.04311918866954	0.306	0.128	9.70172593707094e-42	c17	GZMB
3.5199539683267e-46	0.647025462617943	0.84	0.712	1.186013290088e-41	c17	TAPBP
5.77022787397083e-46	1.1867205889687	0.448	0.255	1.94422057985573e-41	c17	OGFR
7.16113186430262e-46	0.60447866242264	0.828	0.617	2.41287177035812e-41	c17	ANXA1
2.67814419350019e-45	0.858605281377878	0.633	0.427	9.02373904557953e-41	c17	IDH2
3.55360790778138e-45	1.85562329390534	0.176	0.057	1.19735264844786e-40	c17	TNFSF9
3.23195707803867e-44	1.14056303354229	0.408	0.213	1.08897561787435e-39	c17	SLFN12L
4.36568568496054e-44	0.753169587569683	0.719	0.546	1.4709741346906e-39	c17	CD164
1.64093526841767e-43	1.64641788187903	0.224	0.086	5.52896729340651e-39	c17	TRIM5
2.83599667285874e-43	0.966536341087437	0.499	0.283	9.55560718953025e-39	c17	SAMD3
3.53677670313188e-43	1.93527045997658	0.142	0.041	1.19168154235325e-38	c17	RASGEF1B
4.91548329250008e-43	1.08794975022516	0.457	0.262	1.65622294057498e-38	c17	SLA2
6.36787839777275e-43	1.39646143383674	0.273	0.116	2.14559294734555e-38	c17	EPHA1
8.5177898358276e-43	0.825310398778192	0.653	0.455	2.86998410728375e-38	c17	CHURC1
1.7045372920265e-42	0.515212972423348	0.898	0.803	5.7432679517541e-38	c17	STK17A
1.80962753016166e-42	0.459656080908779	0.947	0.881	6.0973590001267e-38	c17	CD99
2.11832622868706e-42	1.45648303967305	0.274	0.12	7.1374883949382e-38	c17	BISPR
1.11730760646199e-40	0.685874362380818	0.852	0.691	3.76465624921302e-36	c17	DUSP2
4.59591540547763e-40	0.738860926848033	0.767	0.597	1.54854773672163e-35	c17	SLC2A3
1.18999021094482e-39	1.09705051058881	0.418	0.233	4.00955301675748e-35	c17	PRKD2
1.58570793185874e-39	1.19763334154526	0.384	0.209	5.34288430560482e-35	c17	MYD88
1.61384501290513e-39	1.18655134937373	0.433	0.253	5.43768938648255e-35	c17	XRN1
2.18925115190295e-39	0.539682108306029	0.896	0.793	7.37646283122179e-35	c17	LCP1
7.08493494789236e-39	0.945965299019741	0.54	0.358	2.38719798134285e-34	c17	GLIPR2
1.59163857523646e-38	0.696207681578977	0.736	0.56	5.36286701540174e-34	c17	SELPLG
2.08124761592295e-38	1.38231134459759	0.343	0.181	7.0125557170908e-34	c17	PML
2.37801314363983e-38	0.519279746280552	0.921	0.839	8.01247748618006e-34	c17	CD44
1.13791328946548e-37	1.49598427683996	0.245	0.107	3.834085037525e-33	c17	ARL2
1.34265707547705e-37	1.57646892975007	0.184	0.067	4.52394875011236e-33	c17	TRAV12-2
8.57127853728326e-37	0.851177273669862	0.59	0.419	2.88800659035222e-32	c17	CAPN2
1.7448732272049e-36	0.836070575587408	0.541	0.339	5.8791758517442e-32	c17	CTD-3252C9.4
2.18036135670752e-36	2.73824248292676	0.059	0.01	7.3465095552903e-32	c17	IFI30
2.87135198878834e-36	1.32827987821108	0.313	0.157	9.67473339102344e-32	c17	MIAT
4.68297651380442e-36	1.71492232053655	0.204	0.082	1.57788210656126e-31	c17	PI4K2B
6.1231921773153e-36	0.635863596634706	0.787	0.675	2.06314837222462e-31	c17	PSMB10
2.82134889341605e-35	1.35110914088353	0.262	0.12	9.50625296147604e-31	c17	CDKN2D
5.39082672276068e-35	1.41670701712173	0.273	0.13	1.81638515596698e-30	c17	APOBEC3H
6.61724089028312e-35	0.699444630495159	0.668	0.498	2.22961314557199e-30	c17	ARPC5L
1.05387859202342e-34	1.3251894880224	0.332	0.179	3.5509385279637e-30	c17	TRAFD1
1.29955741353612e-34	1.64674077878599	0.171	0.063	4.37872874916862e-30	c17	APOL1
1.41775565379374e-34	0.417751705030869	0.923	0.865	4.77698589989262e-30	c17	COTL1
3.52472779530347e-34	0.435403558943816	0.936	0.897	1.18762178334955e-29	c17	EVL
5.20971904609599e-34	1.27460690350619	0.288	0.14	1.75536273539158e-29	c17	MAP3K8
7.19159663895096e-34	0.892397812120098	0.572	0.394	2.42313657152814e-29	c17	GBP5
1.89556819050153e-33	1.02767976526972	0.395	0.229	6.38692746107585e-29	c17	TUBB4B
2.46568001331505e-33	1.52522409609595	0.166	0.061	8.30786223686373e-29	c17	MS4A1
3.9981708714317e-33	1.41955870507896	0.235	0.107	1.3471436934202e-28	c17	CNP
4.64342057316557e-33	0.680093416314788	0.747	0.612	1.56455412792241e-28	c17	ALOX5AP
4.87136726606838e-33	2.56160425649382	0.067	0.014	1.64135848662908e-28	c17	RASGRP3
5.73852579829382e-33	0.625849320173927	0.634	0.435	1.93353888247712e-28	c17	IL2RB
1.13290351831852e-32	0.899424131166129	0.511	0.343	3.81720511462243e-28	c17	IRF2
1.15878348600702e-32	1.10005564152387	0.327	0.174	3.90440507775204e-28	c17	C11orf98
1.21034467183229e-32	1.13883301324984	0.346	0.188	4.07813533727173e-28	c17	CPNE7
5.53440977232495e-32	0.758698154331239	0.513	0.327	1.86476402868717e-27	c17	LGALS1
6.1157425459033e-32	0.541020059957108	0.926	0.822	2.06063829341666e-27	c17	JUN
6.81091137087354e-32	0.425594625491379	0.95	0.906	2.29486847730213e-27	c17	DDX5
9.30229220771791e-32	0.515328104012012	0.875	0.764	3.13431433646847e-27	c17	GIMAP7
1.09959608964071e-31	1.7685797806243	0.147	0.053	3.7049790644354e-27	c17	DHX58
2.32815487967309e-31	1.96386824164957	0.186	0.077	7.8444850515705e-27	c17	CD38
4.84453359085099e-31	1.44380065696579	0.205	0.088	1.63231714810133e-26	c17	PARP11
5.25157488653638e-31	0.760021076612608	0.633	0.485	1.76946564226957e-26	c17	CCDC85B
6.00630775263657e-31	0.898091578640475	0.512	0.347	2.02376533417336e-26	c17	CASP1
7.83716094005362e-31	1.36551217229036	0.24	0.113	2.64065300714167e-26	c17	RP5-1171I10.5
1.29932996423311e-30	1.008243242757	0.436	0.274	4.37796238148706e-26	c17	PTK2B
1.65469799183937e-30	0.381952214495813	0.98	0.952	5.57533941370357e-26	c17	HSPA8
1.92442900842392e-30	0.901780653740441	0.438	0.272	6.48417110098356e-26	c17	RUNX3
1.99053961130631e-30	0.437364725573551	0.94	0.827	6.70692416633549e-26	c17	ZFP36
2.94693926088123e-30	1.3611732137356	0.208	0.09	9.92941714561322e-26	c17	MCOLN2
3.61788954757028e-30	0.289251335613255	0.994	0.949	1.21901170415833e-25	c17	CD74
4.04387338453298e-30	0.85106070763387	0.504	0.345	1.36254269818454e-25	c17	TMEM109
4.167556630429e-30	0.569089971393587	0.776	0.628	1.40421653105675e-25	c17	MCL1
4.91069604981626e-30	0.902734246478382	0.414	0.247	1.65460992702509e-25	c17	KLRG1
8.86259591715273e-30	2.69491716339967	0.052	0.01	2.98616306832544e-25	c17	HIST2H2AA3
9.42223710210615e-30	0.977603074899718	0.469	0.317	3.17472856918365e-25	c17	SP140
1.1848532438831e-29	0.826382790976914	0.546	0.374	3.99224451993971e-25	c17	NR4A2
2.11814573082456e-29	0.355987195967809	0.727	0.508	7.13688022544027e-25	c17	HLA-DRB1
2.18969753954658e-29	0.687151801934149	0.521	0.338	7.37796688974823e-25	c17	DUSP4
3.98069543727531e-29	0.54107089970431	0.756	0.594	1.34125552063554e-24	c17	TMEM50A
7.12934849941933e-29	0.641032295082103	0.668	0.521	2.40216268339435e-24	c17	REEP5
9.60578517006016e-29	1.17326213892466	0.291	0.153	3.23657325520007e-24	c17	EIF4EBP1
1.27352213860316e-28	1.08013855170583	0.307	0.168	4.29100549380948e-24	c17	SARNP
1.72021300184547e-28	1.19744623221252	0.278	0.145	5.79608568841813e-24	c17	NDUFA9
3.97647493867981e-28	0.596043101203203	0.675	0.536	1.33983346583877e-23	c17	NEDD8
1.02870964018359e-27	1.03908510568367	0.371	0.223	3.46613426163459e-23	c17	TRIM38
1.20563380771131e-27	1.11516226079532	0.308	0.169	4.06226255170248e-23	c17	TMEM140
1.28795055543475e-27	0.324061515860519	0.965	0.957	4.33962060148183e-23	c17	RAC2
1.63420103094049e-27	1.40004613327106	0.205	0.094	5.50627695365088e-23	c17	IRF9
3.73048018768022e-27	0.688913071135436	0.533	0.36	1.25694799443697e-22	c17	NDUFA13
6.79823795486936e-27	0.796789342227836	0.397	0.239	2.29059829651368e-22	c17	GADD45B
9.86508683545289e-27	1.59757952213253	0.161	0.066	3.3239423583375e-22	c17	FANCA
1.25943256556716e-26	1.16043502278569	0.25	0.126	4.24353208642197e-22	c17	TNFSF14
1.77308689911022e-26	0.41229269445564	0.96	0.907	5.97423899786199e-22	c17	KLF6
2.01986452442878e-26	0.388485061542072	0.948	0.911	6.80573152861034e-22	c17	S100A6
2.68380741694056e-26	0.462045423330354	0.65	0.493	9.04282071063954e-22	c17	TUBA1B
4.7363966857132e-26	1.40466475953716	0.203	0.094	1.59588149928421e-21	c17	IL15RA
6.11531915388669e-26	1.58925566060454	0.121	0.043	2.06049563571058e-21	c17	SMAGP
9.22333121867288e-26	1.3937992251495	0.208	0.099	3.10770922081964e-21	c17	MOV10
1.02272005790917e-25	1.21589533986801	0.253	0.132	3.44595296311917e-21	c17	SPATS2L
1.12618338664098e-25	0.623025682479694	0.652	0.515	3.79456230294812e-21	c17	PSMA5
1.45263711846241e-25	0.883997576918543	0.457	0.314	4.89451550694723e-21	c17	GRAP2
1.49537214046398e-25	0.963795598181514	0.257	0.129	5.03850689007933e-21	c17	PLEK
1.51271635794093e-25	1.39760961153777	0.174	0.076	5.09694649644617e-21	c17	EMG1
1.96579893143512e-25	0.570403172888872	0.686	0.545	6.62356291957748e-21	c17	BTN3A2
2.13022472821606e-25	0.327686919198591	0.97	0.957	7.17757919925119e-21	c17	PPDPF
2.54114154086346e-25	0.713293882413463	0.614	0.461	8.56212230778534e-21	c17	TUBA1A
2.87596888330136e-25	0.621079289109601	0.571	0.414	9.6902895553956e-21	c17	CKLF
4.21335132410086e-25	0.641396312237163	0.613	0.462	1.41964659514254e-20	c17	NFATC2
5.8290838349438e-25	0.198284068243463	1	0.999	1.96405150734596e-20	c17	PTMA
7.37261652199368e-25	0.324152835715917	0.962	0.919	2.48412941092055e-20	c17	CYBA
9.58440502199493e-25	1.81957675243925	0.109	0.038	3.22936942811097e-20	c17	TDRD7
1.07594777445896e-24	1.25529242063934	0.215	0.105	3.62529843126203e-20	c17	SLC6A6
1.22399755503023e-24	0.49855974080446	0.74	0.602	4.12413736191887e-20	c17	EZR
1.35983842440905e-24	1.93890950528915	0.086	0.026	4.58183958720385e-20	c17	LINC01260
1.75541247366653e-24	1.34201754880463	0.209	0.101	5.91468678877199e-20	c17	CMTR1
2.81015928180841e-24	1.18455325939424	0.205	0.097	9.46855068412525e-20	c17	ATF3
3.14818767423417e-24	0.825536994981506	0.335	0.192	1.06075035495646e-19	c17	PTMS
4.15355721804361e-24	0.506036566079088	0.81	0.704	1.39949956904761e-19	c17	PGK1
4.1735010287957e-24	0.46931136260918	0.83	0.724	1.40621943664242e-19	c17	GIMAP4
4.40510842696726e-24	0.845517483836968	0.465	0.324	1.48425723338235e-19	c17	UTRN
4.63842806679879e-24	1.06105721861183	0.263	0.141	1.56287195282718e-19	c17	NDUFC2
4.72884360774773e-24	0.955291510023275	0.387	0.252	1.59333656519452e-19	c17	TMEM43
5.23209068150337e-24	0.765825520502369	0.453	0.305	1.76290063422575e-19	c17	RAB5C
6.0258796577914e-24	0.70735150685699	0.564	0.429	2.03035989189623e-19	c17	ADGRE5
6.92748472891375e-24	1.38407039943153	0.18	0.082	2.3341467045602e-19	c17	PSMA2
7.19562411181027e-24	1.04839240924315	0.289	0.164	2.42449358823335e-19	c17	PSENEN
7.20200635070168e-24	1.51049398462743	0.098	0.032	2.42664401980542e-19	c17	TRGV8
7.29715881616982e-24	1.26875220094688	0.238	0.125	2.45870469152026e-19	c17	EHD4
8.09927004827439e-24	0.757194360219342	0.533	0.393	2.72896805006557e-19	c17	SLC3A2
9.43524988386309e-24	0.398568533830548	0.875	0.816	3.17911309586883e-19	c17	CALM2
1.09011881476298e-23	0.92747991904577	0.395	0.258	3.67304633446237e-19	c17	MLLT3
1.26525438519919e-23	0.816328895521189	0.248	0.128	4.26314812549013e-19	c17	XCL2
1.73142416530817e-23	0.406763019787578	0.897	0.779	5.83386058258934e-19	c17	FOS
2.21842382416314e-23	1.09046159497107	0.297	0.173	7.47475723313529e-19	c17	C1GALT1
2.65411011657844e-23	2.03535314843196	0.096	0.032	8.94275862679938e-19	c17	PGAP1
3.39906810768757e-23	0.794852000377179	0.423	0.281	1.14528200820425e-18	c17	DEGS1
4.44153322614827e-23	1.79357051266721	0.107	0.038	1.4965302052184e-18	c17	RP11-357H14.17
4.65141594592764e-23	1.80694839256299	0.079	0.024	1.56724808882086e-18	c17	N4BP3
4.69440219167412e-23	0.992421637153888	0.336	0.206	1.58173187446268e-18	c17	SERTAD1
5.25285309846354e-23	0.533254469001346	0.64	0.498	1.7698963229963e-18	c17	GSTP1
5.28116285410944e-23	1.52673502075715	0.111	0.04	1.77943501206364e-18	c17	TRGV4
1.56883529299302e-22	1.0556369191455	0.236	0.124	5.2860336362107e-18	c17	CTD-2192J16.22
1.62221092363634e-22	0.713964044332592	0.511	0.37	5.4658774861003e-18	c17	APOBEC3C
1.72832844712289e-22	0.37482068541895	0.799	0.666	5.82342986973587e-18	c17	ARPC1B
2.34659559088199e-22	1.86063526224818	0.072	0.02	7.90661918391777e-18	c17	RCAN2
3.08319228897921e-22	0.919234579337174	0.328	0.2	1.03885080984866e-17	c17	IER3IP1
7.41082822327011e-22	0.90835691118539	0.321	0.191	2.49700446154863e-17	c17	PLA2G16
8.30953253766399e-22	0.766040272912115	0.449	0.311	2.79981389324051e-17	c17	CDC42EP3
1.47189898965189e-21	0.811683568296715	0.396	0.26	4.95941645573308e-17	c17	RBM4
1.63435463738114e-21	0.928734947919931	0.239	0.124	5.50679451519202e-17	c17	IGLV2-14
1.93372064709628e-21	1.10317151553805	0.257	0.144	6.51547834832619e-17	c17	GBP3
2.35588380960282e-21	0.503661885813709	0.748	0.669	7.93791490807575e-17	c17	HNRNPF
2.4308102358864e-21	0.838152192262135	0.403	0.27	8.19037200879563e-17	c17	NMRK1
2.84370361447443e-21	0.960628514593031	0.308	0.184	9.58157495861013e-17	c17	USP11
3.08676083584068e-21	0.62193962897703	0.669	0.552	1.04005319602816e-16	c17	DYNLT1
3.21423780070632e-21	0.458714579479281	0.703	0.585	1.08300528456999e-16	c17	EIF5A
3.73307877379357e-21	0.850073624388292	0.347	0.216	1.257823562042e-16	c17	TMBIM4
4.50477271551117e-21	0.924481399665366	0.309	0.184	1.51783811876433e-16	c17	BTN3A3
4.79712730187952e-21	2.09317286991388	0.065	0.018	1.61634407309528e-16	c17	SBK1
5.85138473000817e-21	1.44147000175216	0.138	0.059	1.97156557092895e-16	c17	TRBV6-5
7.49434266133652e-21	0.862651116994958	0.313	0.186	2.52514381631073e-16	c17	F2R
9.65211418217248e-21	0.94250217913169	0.313	0.193	3.2521833525412e-16	c17	SMIM7
9.7031884939996e-21	0.274121575259002	0.955	0.903	3.26939233116823e-16	c17	HCST
1.02081289081708e-20	1.1123721260519	0.199	0.099	3.43952695431907e-16	c17	ITGA5
1.18523935543097e-20	0.718480019058029	0.473	0.341	3.99354548418911e-16	c17	PSMA3
1.94150711939493e-20	1.00738011258347	0.304	0.187	6.54171408808926e-16	c17	CHMP4A
2.52204944041375e-20	0.319159773922459	0.95	0.884	8.49779338453008e-16	c17	YWHAZ
2.68567509246669e-20	0.898935067143902	0.292	0.172	9.04911365655728e-16	c17	TBX21
3.28934375719429e-20	1.0267832544785	0.231	0.123	1.10831148554904e-15	c17	KIF21A
3.78004635504364e-20	0.782461662499089	0.372	0.242	1.2736488188684e-15	c17	BTN3A1
7.39895362082589e-20	0.778794516406953	0.365	0.236	2.49300343300108e-15	c17	UBE2V1
9.81663808579319e-20	0.305994158092108	0.931	0.872	3.30761803662716e-15	c17	CLIC1
1.42759050986653e-19	0.689969427227616	0.517	0.393	4.81012346394428e-15	c17	DNAJB6
1.47233475130152e-19	0.7409329720658	0.186	0.091	4.96088471103535e-15	c17	XCL1
1.66966239665621e-19	1.58793863130011	0.091	0.032	5.62576047929343e-15	c17	TRBV11-2
1.71523763888353e-19	0.705504005362355	0.467	0.333	5.77932170045416e-15	c17	FKBP2
1.75893679959804e-19	0.418982561472616	0.873	0.786	5.92656165256565e-15	c17	PSMA7
2.19614568693012e-19	0.787714603950202	0.415	0.288	7.39969327754234e-15	c17	LDLRAD4
2.25157554982778e-19	0.504757460604792	0.648	0.515	7.58645865758974e-15	c17	CTSC
2.72792926429019e-19	0.644563942253981	0.486	0.349	9.19148486309936e-15	c17	FOSB
2.76508199914667e-19	0.585049808166378	0.594	0.48	9.31666728792478e-15	c17	SNX6
3.35656075070939e-19	1.79162237967293	0.084	0.029	1.13095957934402e-14	c17	TRIM34
3.49111073076192e-19	0.511571016162731	0.687	0.584	1.17629484962292e-14	c17	SMCHD1
5.92045951519523e-19	1.16475873287203	0.187	0.096	1.99483962904988e-14	c17	MICB
7.47709164628546e-19	1.03241375680672	0.265	0.158	2.51933125929942e-14	c17	AZI2
8.72344660339646e-19	0.629947021721366	0.372	0.24	2.9392780985484e-14	c17	MYADM
9.95706662837704e-19	0.943493266565778	0.234	0.128	3.35493402976536e-14	c17	PILRB
1.09005224130667e-18	0.845356435374838	0.273	0.159	3.67282202185869e-14	c17	CLIC3
1.32369974524055e-18	1.28206085601054	0.165	0.081	4.46007392161352e-14	c17	FCHSD2
1.55502507559828e-18	0.904444211873323	0.294	0.181	5.23950148972086e-14	c17	RAB24
2.80269738665653e-18	0.260058345536719	0.969	0.943	9.4434085746005e-14	c17	ITM2B
2.82204865982652e-18	0.580360698727173	0.55	0.434	9.50861075441948e-14	c17	CD47
3.24683954972304e-18	1.26003327802417	0.131	0.057	1.09399011788368e-13	c17	ADRB2
3.4810671347142e-18	0.842514754992541	0.338	0.219	1.1729107603706e-13	c17	TBC1D1
3.59654926252848e-18	1.20216037295717	0.15	0.07	1.21182130851635e-13	c17	TRGC2
5.31839573905564e-18	0.815219374655976	0.325	0.205	1.79198026031741e-13	c17	SLC7A5
5.57249918599209e-18	1.11761726095548	0.209	0.114	1.87759787572817e-13	c17	APOBEC3D
1.21989183441101e-17	0.96179587504496	0.278	0.171	4.11030354686446e-13	c17	GGA2
1.23864637633554e-17	0.929052894652035	0.298	0.19	4.17349510042498e-13	c17	TVP23B
1.45180628235914e-17	1.11574174764942	0.189	0.1	4.8917160877809e-13	c17	CASP7
1.78153767219323e-17	0.799397365788593	0.309	0.195	6.00271303268788e-13	c17	BCL3
3.25640551229776e-17	0.663819060378301	0.492	0.374	1.09721327331361e-12	c17	DDX3X
6.05690036295636e-17	1.02877224480331	0.21	0.117	2.04081200829452e-12	c17	CCR5
6.81259357744728e-17	0.905156272484061	0.319	0.213	2.29543527998509e-12	c17	BAG1
7.82884509162428e-17	1.16589885833455	0.223	0.129	2.63785106517188e-12	c17	ECE1
8.69896686378012e-17	0.531281253955143	0.621	0.514	2.93102989508207e-12	c17	RNF149
9.87263314314437e-17	1.7258820128509	0.089	0.034	3.32648501125106e-12	c17	CCR1
1.09730401138682e-16	0.664587038479629	0.512	0.394	3.69725613596674e-12	c17	HMGA1
1.68579527756369e-16	0.794976370835659	0.333	0.219	5.68011860822309e-12	c17	KCNA3
2.38894190693872e-16	0.727703397745036	0.346	0.228	8.04930086123931e-12	c17	RHOB
2.40057452731122e-16	1.39024410209262	0.127	0.058	8.08849581232243e-12	c17	TARBP1
2.46236541887567e-16	0.931966277639135	0.268	0.166	8.29669404235968e-12	c17	ZFYVE28
2.64487705413822e-16	2.10140780733548	0.035	0.008	8.91164874621333e-12	c17	AP001610.5
2.81799982031232e-16	0.67844157347824	0.416	0.3	9.49496859456032e-12	c17	TRA2A
3.02289725345619e-16	0.411602328061316	0.775	0.682	1.01853500057953e-11	c17	C9orf142
3.0362173401722e-16	0.98753028978255	0.298	0.194	1.02302307059762e-11	c17	HELB
3.36260634112331e-16	0.425008836873885	0.614	0.494	1.13299658057809e-11	c17	CARD16
3.39105171365408e-16	0.771688316861248	0.404	0.293	1.14258096439861e-11	c17	MAGED2
3.86803716722404e-16	0.699439060736553	0.448	0.332	1.30329644312447e-11	c17	CGGBP1
3.88660920958004e-16	0.671112345623867	0.379	0.259	1.3095541070759e-11	c17	MATR3.1
5.07307197677035e-16	1.0312154814027	0.208	0.117	1.709320871853e-11	c17	AC006369.2
5.49835737179361e-16	0.625861798370365	0.468	0.352	1.85261653285214e-11	c17	CTSS
6.20433080886909e-16	0.461539202163949	0.643	0.534	2.09048722274035e-11	c17	ARF6
7.41695142303038e-16	0.608460952204824	0.502	0.381	2.49906761247586e-11	c17	GIMAP2
7.63812273308536e-16	0.746498226026337	0.234	0.136	2.57358907368578e-11	c17	CISH
8.18246153486067e-16	0.725367500987953	0.319	0.21	2.75699858955595e-11	c17	SQRDL
8.30236901671911e-16	1.18663502405746	0.132	0.062	2.79740021649334e-11	c17	MVB12B
9.85401546500728e-16	1.15525830395089	0.114	0.05	3.32021197077955e-11	c17	YBX3
1.14580399874135e-15	1.41251101213034	0.132	0.063	3.8606719933591e-11	c17	STAG3
1.46429651290278e-15	0.907923962476481	0.257	0.159	4.93380067057461e-11	c17	BAK1
1.48354416985087e-15	0.640527623251902	0.498	0.389	4.99865372589551e-11	c17	HERPUD2
1.60426195250729e-15	0.391713740816815	0.723	0.617	5.40540022277807e-11	c17	ANXA6
1.65482038570135e-15	3.53752493204122	0.018	0.002	5.57575180758213e-11	c17	GMPR
1.69109896978544e-15	1.02844961798762	0.245	0.15	5.69798886879507e-11	c17	FAM46C
1.78423939699845e-15	0.402722960253553	0.766	0.702	6.01181622424657e-11	c17	WIPF1
1.9372721098152e-15	0.629347718446836	0.565	0.453	6.52744464681133e-11	c17	HSPA5
2.02358144382635e-15	0.759009838901779	0.355	0.248	6.81825531682851e-11	c17	TMX1
2.14395233563492e-15	1.43389199762047	0.109	0.048	7.22383299968829e-11	c17	ZCCHC2
2.47193671784462e-15	0.719017223002186	0.386	0.273	8.32894357710568e-11	c17	ANXA2R
2.59111927685993e-15	1.21419620461527	0.145	0.072	8.73051729145185e-11	c17	PRICKLE4
4.55002106527228e-15	0.452626759298937	0.541	0.433	1.53308409773284e-10	c17	USP15
4.84526645658348e-15	1.35076360943302	0.106	0.046	1.63256407988124e-10	c17	SLC25A4
5.31063427925919e-15	1.165011649422	0.187	0.105	1.78936511405359e-10	c17	VPS37B
5.31124489390233e-15	1.08219099270668	0.175	0.095	1.78957085455145e-10	c17	EEF1E1
5.53580015240693e-15	0.600547516042826	0.44	0.329	1.86523250335199e-10	c17	APMAP
6.06098496509372e-15	0.948018823230466	0.24	0.145	2.04218827413868e-10	c17	GCH1
6.67157349655806e-15	0.68216375589621	0.37	0.259	2.24791997393027e-10	c17	SDHD
7.89916028123346e-15	0.466411496253893	0.681	0.6	2.6615430651588e-10	c17	RABAC1
8.49945273367121e-15	0.458182028986142	0.431	0.302	2.86380560408318e-10	c17	HLA-DRA
8.77708010981721e-15	0.955449929198652	0.184	0.1	2.95734937220181e-10	c17	PECAM1
1.00314172238187e-14	1.18013349676541	0.158	0.083	3.37998571939347e-10	c17	ST3GAL5
1.02293968145661e-14	0.88221124033634	0.262	0.166	3.44669296269992e-10	c17	TUBA1C
1.11463064811617e-14	1.15323704887573	0.164	0.087	3.75563650576262e-10	c17	PIK3CG
1.20704389269465e-14	0.90171496678141	0.236	0.144	4.06701369204537e-10	c17	RARA
1.24759657858859e-14	1.27208864494476	0.116	0.053	4.2036519118964e-10	c17	TAP2
1.25250396491419e-14	0.469696956914078	0.608	0.505	4.22018685938189e-10	c17	CAPZA1
1.30546226749795e-14	0.896677580894946	0.221	0.13	4.39862456410759e-10	c17	PPP2R2B
1.3433779297266e-14	0.332578604808908	0.845	0.77	4.5263775964208e-10	c17	EMP3
1.37309548378866e-14	1.14528803075405	0.18	0.098	4.62650792307753e-10	c17	TRGV10
1.506788956886e-14	0.652362194116498	0.374	0.266	5.0769747113317e-10	c17	ARHGAP25
1.61555444313613e-14	0.73853935711634	0.335	0.23	5.44344914070286e-10	c17	PLEKHF1
1.83731430418371e-14	2.36354694930176	0.031	0.007	6.1906468165166e-10	c17	TLR3
2.06039938226628e-14	2.92913287785955	0.014	0.002	6.94230967860802e-10	c17	RP11-428C19.4
2.37390834545943e-14	0.608966010932128	0.425	0.318	7.99864677919101e-10	c17	RAB8A
2.63548428018954e-14	0.418093325503998	0.614	0.51	8.88000073367063e-10	c17	CCNL1
2.74106403545328e-14	1.29322311343397	0.13	0.064	9.23574116105628e-10	c17	PMEPA1
2.79512236264761e-14	0.394888503545147	0.755	0.67	9.41788528870485e-10	c17	SEPT7
2.91971134457493e-14	0.439097236688985	0.653	0.561	9.83767540441076e-10	c17	RBX1
3.30353439253964e-14	0.349804480841675	0.806	0.726	1.11309287822231e-09	c17	GNG5
3.83799074389977e-14	1.27028892761686	0.096	0.041	1.29317260124959e-09	c17	MAFF
4.39571292488583e-14	0.91840657554442	0.236	0.147	1.48109151291103e-09	c17	LRIF1
4.50283576735819e-14	1.40438912395012	0.228	0.141	1.51718548345367e-09	c17	IFNG
4.94419397570083e-14	0.467555728797633	0.605	0.504	1.66589671817264e-09	c17	PPP1R15A
5.22583378755579e-14	0.297318748435927	0.293	0.18	1.76079243637905e-09	c17	CRTAM
5.54944301618016e-14	1.23741175710904	0.143	0.074	1.86982932987174e-09	c17	STX11
5.61003934519777e-14	2.08317585393599	0.045	0.013	1.89024665697094e-09	c17	ID1
6.49891245071504e-14	1.18015983068564	0.179	0.1	2.18974356114393e-09	c17	TRGV3
6.59055398848779e-14	0.933535063133376	0.229	0.141	2.22062126088108e-09	c17	C14orf159
7.7860831105567e-14	0.639018507955179	0.428	0.325	2.62344284327097e-09	c17	ARAP2
7.90192928494533e-14	0.311212401632934	0.703	0.586	2.66247605326948e-09	c17	GZMM
8.14450341435093e-14	0.648761641278158	0.438	0.345	2.7442089804314e-09	c17	GSDMD
1.03940235257605e-13	0.360863480203442	0.707	0.617	3.50216228676973e-09	c17	RAP1B
1.14552198238897e-13	0.227249385077191	0.936	0.892	3.85972176746138e-09	c17	CD2
1.17483994903173e-13	0.328491287155275	0.678	0.588	3.95850572426751e-09	c17	TUBB
1.17484100713839e-13	1.11679071760587	0.143	0.075	3.95850928945209e-09	c17	TNK2
1.20083955525917e-13	0.814314241983152	0.224	0.135	4.04610879749023e-09	c17	ZEB2
1.29073102095631e-13	1.63575837119395	0.064	0.023	4.34898910201018e-09	c17	GALNT3
1.30761882861716e-13	0.596285822445198	0.436	0.332	4.40589088114267e-09	c17	SNRPN
1.41088455898714e-13	0.633215330813204	0.155	0.081	4.75383443305127e-09	c17	GNLY
1.42855109413721e-13	0.534564393282584	0.355	0.242	4.81336005658591e-09	c17	MATK
1.78700616772126e-13	0.794403575750331	0.355	0.26	6.02113858152e-09	c17	MKRN1
1.83755202428519e-13	0.486631663646144	0.473	0.356	6.19144779062653e-09	c17	C12orf75
1.85146265194414e-13	1.09215715214448	0.164	0.09	6.23831825946057e-09	c17	SCLT1
2.33687388016058e-13	0.868909236218533	0.243	0.154	7.87386285181305e-09	c17	EXOC2
2.50505783563675e-13	0.451189478080831	0.597	0.504	8.44054187139447e-09	c17	MAP1LC3B
2.6280214400238e-13	0.838450229005242	0.184	0.103	8.8548554400162e-09	c17	RP11-222K16.2
3.46658134861185e-13	0.816122626108121	0.255	0.163	1.16802991960128e-08	c17	TRPV2
3.85676491947405e-13	0.599418096211301	0.455	0.358	1.29949837196759e-08	c17	TOP1
4.11804641536275e-13	0.637058819031952	0.41	0.311	1.38753455919233e-08	c17	SARS
5.24553654243144e-13	1.29365306628824	0.087	0.037	1.76743108260685e-08	c17	ZNF80
6.00453993735417e-13	1.03950571244966	0.151	0.081	2.02316968649211e-08	c17	AIM2
6.07048092112166e-13	0.548510247793883	0.444	0.338	2.04538784156273e-08	c17	ECH1
6.31801136018397e-13	0.262282485853784	0.843	0.752	2.12879074770039e-08	c17	ARF1
6.3875791043296e-13	0.746737766318591	0.306	0.21	2.15223090341281e-08	c17	TNFRSF1A
6.59508648016711e-13	0.462215951627528	0.59	0.494	2.22214843862751e-08	c17	GNG2
7.10560706174001e-13	1.15075518380959	0.148	0.08	2.39416324338268e-08	c17	APOBEC3F
7.6164218450777e-13	0.640808986008593	0.331	0.233	2.56627717648048e-08	c17	MOB4
9.82232241590403e-13	0.782369701750293	0.22	0.134	3.3095333148147e-08	c17	FAM105A
1.16994078854255e-12	0.451058844115773	0.59	0.501	3.94199849291528e-08	c17	PSMA6
1.22212016144212e-12	0.266659516988109	0.853	0.801	4.11781167196308e-08	c17	COX6A1
1.30461012150175e-12	0.559774669292573	0.223	0.133	4.39575334338799e-08	c17	KLRD1
1.3199477457316e-12	0.568527239465774	0.406	0.303	4.44743193446805e-08	c17	TINF2
1.35352973981099e-12	0.534590369927418	0.443	0.336	4.56058310531916e-08	c17	CMC1
1.45265911544034e-12	0.324585180209434	0.8	0.761	4.89458962356468e-08	c17	C4orf3
1.48114902434736e-12	0.44524508635626	0.572	0.465	4.990583522636e-08	c17	PARP8
1.67190020526641e-12	0.540463725546421	0.513	0.414	5.63330055162466e-08	c17	GBP2
1.73017846449187e-12	0.615389194178885	0.482	0.383	5.82966331825892e-08	c17	PIM1
1.78461043163012e-12	0.712570826075225	0.331	0.233	6.01306638833454e-08	c17	PCGF5
1.90056214059005e-12	0.935294163863495	0.194	0.116	6.40375407650411e-08	c17	SIDT1
1.93658158726473e-12	1.4395936874738	0.094	0.043	6.52511800012979e-08	c17	C15orf39
1.944118586143e-12	0.79997738992807	0.279	0.189	6.55051316415022e-08	c17	DDIT3
2.17811421434721e-12	0.629150502069377	0.366	0.269	7.33893803382149e-08	c17	RALGAPA1
2.29150111820165e-12	1.0700343726336	0.169	0.097	7.72098386766864e-08	c17	APOL2
2.32494401654163e-12	2.96040069654495	0.013	0.002	7.83366636933538e-08	c17	CYP2J2
2.34130161868917e-12	0.649442262387976	0.353	0.254	7.88878167401129e-08	c17	EVI2B
2.45280629142632e-12	0.577916074516223	0.362	0.261	8.26448551833186e-08	c17	ORMDL3
2.61144501868742e-12	0.993985485061534	0.184	0.108	8.7990028459654e-08	c17	USP30-AS1
3.0841054691585e-12	0.300129254671663	0.81	0.759	1.03915849677826e-07	c17	PTGES3
3.14174323265166e-12	0.367945880485693	0.692	0.581	1.05857896480965e-07	c17	CLEC2D
3.47204889280355e-12	0.36779999806949	0.669	0.573	1.16987215394123e-07	c17	SLC9A3R1
3.95159139188904e-12	1.08301554718861	0.141	0.076	1.33144920358309e-07	c17	NDUFA7
4.12000756243675e-12	1.35874535636021	0.101	0.048	1.38819534808744e-07	c17	TUBB2A
4.68379544281464e-12	0.949879182030965	0.19	0.115	1.57815803650196e-07	c17	MYCBP
5.58064411205286e-12	0.340965796864298	0.717	0.626	1.88034222711509e-07	c17	GNB2
6.99928329676258e-12	1.09609229119565	0.118	0.06	2.35833851401118e-07	c17	MSC
7.127037856627e-12	0.728588445825237	0.288	0.198	2.4013841354119e-07	c17	SLF1
7.48811290420244e-12	0.396967563664169	0.606	0.513	2.52304476194197e-07	c17	RHOF
7.51631560180335e-12	0.800397151322906	0.267	0.181	2.53254737887162e-07	c17	EFR3A
8.60147378274667e-12	0.216837589718067	0.952	0.898	2.89818057635866e-07	c17	HSP90AA1
8.98426603546779e-12	0.987789961284692	0.141	0.077	3.02715859799052e-07	c17	KLF10
9.39147000886430e-12	0.702424467646972	0.314	0.223	3.16436190478674e-07	c17	FLOT1
1.02226900103733e-11	0.395185804772045	0.514	0.408	3.44443317209518e-07	c17	REL
1.12001084370144e-11	0.774589236983897	0.254	0.169	3.77376453676762e-07	c17	STXBP2
1.22509289772245e-11	0.509915156418451	0.447	0.354	4.12782800958604e-07	c17	TANK
1.39755837682241e-11	0.622510872173147	0.348	0.254	4.70893319486542e-07	c17	MRPL10
1.44873043610062e-11	0.676216414341163	0.342	0.25	4.88135233139744e-07	c17	EIF4A1
1.58242537233849e-11	0.713469882504127	0.234	0.15	5.33182404955731e-07	c17	RDH14
1.63264124262957e-11	2.1726749083667	0.039	0.012	5.50102140291607e-07	c17	PAQR6
1.66822978979251e-11	1.42206558241189	0.069	0.028	5.62093345372687e-07	c17	ENC1
1.93047518728936e-11	0.806270034809402	0.158	0.089	6.50454309605278e-07	c17	TPRG1
2.07670912543614e-11	0.68395324945423	0.299	0.211	6.99726372724452e-07	c17	MORC3
2.19359154527024e-11	0.409637897716691	0.628	0.537	7.39108735263353e-07	c17	SYNE2
2.23597454348789e-11	0.846957655651321	0.233	0.152	7.53389262682808e-07	c17	ZNF276
2.29933311388603e-11	1.30841979330418	0.092	0.043	7.7473729939276e-07	c17	ETS2
2.52443854561334e-11	0.588508921349441	0.409	0.32	8.50584323558958e-07	c17	MGAT1
2.66056805496112e-11	0.737132471744388	0.247	0.163	8.964518004386e-07	c17	LPGAT1
2.84183252477388e-11	0.378460187896674	0.693	0.628	9.57527050897312e-07	c17	PDIA3
3.30202483827225e-11	0.861300625373166	0.224	0.145	1.11258424900745e-06	c17	LIPA
3.32796637922743e-11	0.586370765341094	0.352	0.258	1.12132499181689e-06	c17	ARL6IP6
3.69181660978208e-11	0.299242689877883	0.784	0.739	1.24392068849997e-06	c17	KRTCAP2
3.77551339800076e-11	0.275539006854671	0.891	0.852	1.27212148432238e-06	c17	UBB
3.89910167482213e-11	0.298124721615783	0.813	0.762	1.31376331831457e-06	c17	EIF4A2
4.1042572609237e-11	0.288431040587053	0.824	0.764	1.38288844149563e-06	c17	GUK1
4.29380463476777e-11	0.445174584080179	0.615	0.545	1.44675453363865e-06	c17	TMEM123
4.65276705390915e-11	0.342769393333098	0.693	0.612	1.56770333114415e-06	c17	ATP5B
4.83058186811939e-11	1.13251938725365	0.133	0.073	1.62761625464415e-06	c17	EPHA1-AS1
5.01728450798731e-11	1.36082917591183	0.103	0.052	1.69052384212124e-06	c17	SRGAP2
5.35494503420285e-11	0.32774686881413	0.697	0.623	1.80429517982431e-06	c17	CDC42
5.4251151450943e-11	0.442062022995447	0.551	0.462	1.82793829698807e-06	c17	PSTPIP1
5.48764459399062e-11	0.918928259226882	0.189	0.116	1.8490069694992e-06	c17	ZNF107
5.68541633045079e-11	1.08727881869711	0.137	0.076	1.91564417838209e-06	c17	TRAV19
5.72933529825236e-11	0.559834331649704	0.38	0.29	1.93044223539315e-06	c17	CPNE1
5.90914351028991e-11	0.830445981041247	0.15	0.084	1.99102681435708e-06	c17	DTHD1
5.91064805791192e-11	0.87396899732465	0.229	0.153	1.99153375663284e-06	c17	ME2
6.27467902359218e-11	2.36019779501022	0.014	0.002	2.11419035020915e-06	c17	SERHL2
6.31596765872293e-11	0.370321587128899	0.648	0.563	2.1281021429301e-06	c17	BTG2
7.44902964465526e-11	0.705416180694687	0.225	0.145	2.50987604847014e-06	c17	KMT2E-AS1
7.65741616257028e-11	1.74240990327748	0.045	0.016	2.58008980181643e-06	c17	RP11-81H14.2
8.21533410867643e-11	0.665616703164642	0.282	0.196	2.76807467457744e-06	c17	C16orf54
8.73815168336562e-11	0.390065760792892	0.644	0.567	2.94423282819321e-06	c17	CDKN1B
9.47072488132732e-11	1.40703725933688	0.082	0.037	3.19106604151443e-06	c17	MYO6
9.58404341896138e-11	0.579338852572907	0.34	0.249	3.22924758958485e-06	c17	NASP
9.65344872755589e-11	0.359557429263787	0.585	0.481	3.25263301426268e-06	c17	ARL4C
9.7601082800072e-11	0.559777196627796	0.367	0.277	3.28857088386563e-06	c17	CCT5
1.16402469805764e-10	0.627241327850435	0.304	0.217	3.92206481763543e-06	c17	NAA10
1.20145356666645e-10	1.41380604489609	0.059	0.023	4.04817764752593e-06	c17	FAM84B
1.23700017336269e-10	0.359966319685528	0.704	0.643	4.16794838412825e-06	c17	TAGAP
1.2667847946414e-10	0.526851101949824	0.455	0.365	4.26830468706472e-06	c17	PDE4B
1.48930223231733e-10	0.851989360500893	0.192	0.122	5.01805494157001e-06	c17	PYCR2
1.49690687339546e-10	1.09993120976849	0.099	0.049	5.04367801921865e-06	c17	SNTB1
1.51916907972649e-10	0.867801242262937	0.176	0.107	5.11868829723045e-06	c17	LLPH
1.55072106727405e-10	0.446611656564893	0.528	0.449	5.22499956407317e-06	c17	UBE2L3
1.83613808146832e-10	1.10747462067907	0.086	0.04	6.18668365169937e-06	c17	DKK3
1.83744310673249e-10	0.839709644922163	0.223	0.147	6.19108080382445e-06	c17	STARD3NL
1.84004941145708e-10	0.542853634658261	0.377	0.286	6.19986248696347e-06	c17	PARVG
2.16807075577137e-10	0.34797100875887	0.649	0.572	7.30509760449605e-06	c17	PPP2R5C
2.22502365925198e-10	0.439049846191192	0.475	0.382	7.49699471748361e-06	c17	XBP1
2.24996999117075e-10	0.571877444324813	0.337	0.247	7.58104888825074e-06	c17	FKBP11
2.319631556206e-10	0.778371039728877	0.249	0.171	7.8157665654805e-06	c17	CSRNP1
2.32852418561803e-10	0.754656804027476	0.275	0.197	7.84572939102137e-06	c17	PSMD9
2.33798635873236e-10	0.777238253558744	0.264	0.186	7.8776112371128e-06	c17	JMJD6
2.38347777772858e-10	0.386931449605804	0.601	0.521	8.03089002427868e-06	c17	CYCS
2.58264171905007e-10	0.599271787537074	0.395	0.314	8.70195300816731e-06	c17	CALCOCO2
2.95747166878896e-10	0.677545748753666	0.262	0.181	9.96490504081753e-06	c17	ACSL5
2.96861874118171e-10	0.614512015157852	0.358	0.274	1.00024639865376e-05	c17	DAXX
3.00970259369701e-10	0.220985048318029	0.882	0.833	1.01408919192027e-05	c17	SKP1
3.08412518452682e-10	0.576317858340021	0.322	0.235	1.03916513967447e-05	c17	PTPN4
3.34231440970867e-10	1.14513242312704	0.133	0.076	1.12615941720724e-05	c17	YEATS2
3.42548165836342e-10	0.325508294214349	0.679	0.615	1.15418178996897e-05	c17	MSN
3.53858895255936e-10	1.48629863517554	0.065	0.028	1.19229216167535e-05	c17	CTD-2095E4.5
3.63404055795813e-10	0.48241096780353	0.463	0.382	1.22445362559841e-05	c17	MRFAP1
3.71817244697234e-10	0.731078574183771	0.254	0.174	1.25280102428286e-05	c17	CLSTN3
3.84380494814043e-10	0.739130159894097	0.322	0.241	1.29513163922644e-05	c17	SRM
3.90255572046237e-10	0.564107976432932	0.333	0.247	1.31492712445259e-05	c17	GNAI3
4.04544078758707e-10	2.54894909363248	0.015	0.003	1.36307081896959e-05	c17	RP11-713M15.2
4.78159340906169e-10	0.710813945880898	0.288	0.207	1.61111008324925e-05	c17	CNDP2
4.84260151375732e-10	0.890936782482176	0.141	0.081	1.63166615404539e-05	c17	HIST2H2AC
4.85596267983603e-10	0.711885497869528	0.327	0.244	1.63616806534395e-05	c17	KDSR
4.87171945483994e-10	1.02982702699641	0.145	0.085	1.64147715311377e-05	c17	RAD9A
5.14829959754796e-10	0.438513952810723	0.474	0.377	1.73466806639781e-05	c17	SURF4
5.19809532435808e-10	0.509917471486628	0.44	0.355	1.75144623858921e-05	c17	CCSER2
5.39155583665596e-10	0.754757652271353	0.197	0.126	1.81663082360286e-05	c17	RCC1
5.64326443137189e-10	1.09416444485049	0.103	0.053	1.90144151750644e-05	c17	GCNT1
5.75637303441803e-10	0.696773035594584	0.281	0.202	1.93955233021681e-05	c17	ZNF331
5.98736862961606e-10	1.1328888227862	0.108	0.057	2.01738398606283e-05	c17	CHRNB1
6.38449077922879e-10	0.363510523459627	0.584	0.504	2.15119032315335e-05	c17	THRAP3
6.44995273739491e-10	1.43654741926796	0.075	0.035	2.17324707533784e-05	c17	SEMA4A
6.65488272314236e-10	0.292220307969277	0.795	0.749	2.24229618473559e-05	c17	TRMT112
7.01836064026362e-10	0.835156880104052	0.22	0.147	2.36476643413042e-05	c17	SYS1
7.62019226613795e-10	2.9636089516165	0.013	0.002	2.56754758215252e-05	c17	MN1
8.00249212212442e-10	0.473869530434105	0.513	0.443	2.6963596956286e-05	c17	SERPINB1
9.10064363890579e-10	0.685004134232429	0.312	0.226	3.06637086769292e-05	c17	PMAIP1
9.56611936853167e-10	0.522263807453241	0.415	0.335	3.22320826003306e-05	c17	CMC2
9.68580015932649e-10	0.124794786065038	0.999	0.989	3.26353350568347e-05	c17	SH3BGRL3
9.88876808076214e-10	0.602311077310639	0.317	0.231	3.331921517132e-05	c17	SOCS3
1.04166507372702e-09	0.398408503776696	0.59	0.513	3.50978629941582e-05	c17	SRSF3
1.06657237121765e-09	0.319531881755551	0.688	0.617	3.59370894758075e-05	c17	RSRP1
1.09966849149136e-09	1.691165984086	0.036	0.012	3.705223015231e-05	c17	XXbac-BPG246D15.9
1.19490630231766e-09	0.98602668908903	0.118	0.065	4.02611729502911e-05	c17	AF131217.1
1.28894124982246e-09	1.11934447557591	0.092	0.046	4.34295864715179e-05	c17	ZNF841
1.29759362801206e-09	0.682723276365061	0.236	0.159	4.37211197022385e-05	c17	LINC00623
1.37308165701259e-09	0.439684678166115	0.523	0.444	4.62646133513821e-05	c17	EIF1AX
1.40357399506905e-09	1.6441872906363	0.034	0.011	4.72920221898566e-05	c17	TTC21A
1.45344688870603e-09	0.292484446526915	0.779	0.709	4.89724394680609e-05	c17	DDX24
1.56286568250945e-09	0.918923808349023	0.141	0.082	5.26591963064733e-05	c17	PIK3CB
1.68240622921123e-09	0.72613827902667	0.284	0.208	5.6686995487043e-05	c17	LGALS8
1.69407469371422e-09	3.196302689435	0.01	0.001	5.70801527300069e-05	c17	FAM110B
1.82331647752627e-09	0.770544172242179	0.264	0.189	6.14348253937702e-05	c17	TIA1
1.84607589265916e-09	0.455883966810704	0.418	0.337	6.22016811272578e-05	c17	CCND2
1.92612802236556e-09	0.306280901965068	0.736	0.664	6.48989575855852e-05	c17	CSTB
1.93677359894624e-09	1.07574446336614	0.104	0.055	6.52576496428945e-05	c17	ALG11
1.98895873115741e-09	0.175112445081514	0.969	0.953	6.70159754876176e-05	c17	CORO1A
2.07847565606332e-09	0.850814197679109	0.106	0.055	7.00321587553974e-05	c17	KLRC1
2.08401633146851e-09	0.466106540465503	0.487	0.412	7.02188462725001e-05	c17	BZW1
2.09990738234449e-09	0.59022789343594	0.353	0.273	7.07542793407153e-05	c17	C6orf1
2.10063357964063e-09	0.57855909340513	0.346	0.266	7.07787478324115e-05	c17	ADSS
2.22754824774171e-09	1.19983216245949	0.099	0.052	7.50550106594091e-05	c17	SCARB2
2.68479556410311e-09	0.586147693527415	0.325	0.242	9.04615017368903e-05	c17	CISD3
2.69751305131409e-09	0.452076164059497	0.511	0.432	9.08900047509769e-05	c17	CASP4
2.73321512650246e-09	0.136461198470026	0.995	0.979	9.20929504723739e-05	c17	CFL1
3.011027516959e-09	0.954404326575534	0.14	0.082	0.000101453561156417	c17	PCYT1A
3.0744918177124e-09	0.545847600737991	0.455	0.384	0.000103591927306002	c17	HM13
3.16358634439128e-09	0.607190649310689	0.304	0.227	0.00010659387828792	c17	DNPEP
3.24063785506462e-09	0.52859662126464	0.108	0.057	0.000109190051888547	c17	TRAV12-1
3.34534418418686e-09	1.14187386194365	0.099	0.052	0.000112718026941992	c17	UNC93B1
3.42427608735999e-09	0.25792690408442	0.865	0.836	0.000115377558487508	c17	S100A10
3.5627429532859e-09	0.993656999578126	0.13	0.075	0.000120043061068015	c17	SERTAD3
4.04423467984136e-09	0.882021844979928	0.153	0.093	0.000136266443302575	c17	PRR5L
4.2204069489385e-09	0.863905663265087	0.169	0.107	0.000142202391737534	c17	CH507-9B2.3
4.26726300144675e-09	1.05325286119626	0.148	0.091	0.000143781159570747	c17	SCO2
4.45783313014913e-09	0.803200955884936	0.196	0.129	0.000150202229487245	c17	TTC39B
4.5261003580967e-09	0.393290722402615	0.6	0.538	0.00015250242546571	c17	MBP
4.89173163404308e-09	0.640018005916529	0.346	0.273	0.000164822005677448	c17	RANBP2
5.39399130723074e-09	0.790945262587595	0.194	0.128	0.000181745143105833	c17	TRIM26
5.43263340249842e-09	0.55023247361998	0.327	0.247	0.000183047149863782	c17	CEBPZ
5.4397515091972e-09	0.737849303364478	0.269	0.194	0.00018328698735089	c17	SLC38A2
5.49883350886588e-09	0.677151265302498	0.284	0.209	0.000185277696247727	c17	ZRSR2
5.6043780883173e-09	0.561150656898299	0.338	0.258	0.000188833915307763	c17	DERL1
5.70025086020702e-09	0.693817971953106	0.204	0.135	0.000192064252483815	c17	EGLN2
6.06414519152506e-09	1.33698473788341	0.068	0.031	0.000204325308083245	c17	CDKL1
6.18731282642826e-09	0.597024364590963	0.379	0.302	0.000208475318373674	c17	NLRC5
6.24976903998866e-09	0.633729685798355	0.348	0.275	0.000210579718033378	c17	LPIN2
6.4687844879814e-09	0.551131366774692	0.405	0.323	0.000217959224538045	c17	GLUD1
6.64912833903551e-09	0.52043067230791	0.362	0.281	0.000224035730255462	c17	CD58
7.37652244800759e-09	1.47384209126849	0.053	0.022	0.000248544547363168	c17	TMEM110
7.81476508463566e-09	0.811151857073288	0.165	0.104	0.000263310694761714	c17	EPHA4
7.93888277172573e-09	0.51601792432571	0.439	0.368	0.000267492716110527	c17	ARHGEF3
7.98717704183644e-09	0.45645488774975	0.433	0.346	0.000269119943247637	c17	RAB27A
8.25096568107545e-09	0.822962642142708	0.152	0.093	0.000278008037658156	c17	GPR18
8.31939028172074e-09	0.721211587800931	0.262	0.191	0.000280313536152299	c17	TRIM14
8.40891854910051e-09	1.3159505665976	0.052	0.021	0.000283330101593393	c17	GZF1
8.55457831103629e-09	0.619282672066394	0.291	0.217	0.000288237961612057	c17	XPC
8.81393755516794e-09	0.766590166764987	0.18	0.116	0.000296976811983828	c17	CDCA4
9.76043756504494e-09	0.452944720108264	0.436	0.359	0.000328868183316624	c17	RAB11A
9.77392658516113e-09	0.199569748970124	0.877	0.826	0.000329322682360419	c17	TMBIM6
9.8282484036211e-09	0.919430287288479	0.137	0.082	0.000331153001711609	c17	TM9SF1
9.87318123574091e-09	0.481439709183191	0.366	0.286	0.000332666968557054	c17	ZNF24
1.00534006336585e-08	1.01353321802451	0.078	0.038	0.00033873928095049	c17	IFI27
1.03917353443543e-08	0.477979450776571	0.362	0.279	0.000350139130692673	c17	C18orf32
1.06233678308785e-08	0.547607789084044	0.37	0.292	0.000357943755693622	c17	PSMA4
1.12128870609665e-08	0.87270356868292	0.127	0.074	0.000377807016632205	c17	KIAA1671
1.3261823371048e-08	0.396105522819548	0.442	0.356	0.000446843876664091	c17	PYHIN1
1.33176783954023e-08	2.07687160256347	0.023	0.006	0.000448725855854685	c17	RGPD1
1.35519540814222e-08	0.779782032674242	0.203	0.137	0.00045661954081944	c17	TBK1
1.53248460415396e-08	0.215155773850738	0.684	0.597	0.000516355362523637	c17	CTSD
1.61726306583278e-08	0.483173607144599	0.406	0.328	0.000544920617401698	c17	HSPB11
1.65538025424031e-08	0.610264323441225	0.296	0.224	0.000557763822863729	c17	PPP2CA
1.69387644002944e-08	0.257340680672363	0.741	0.689	0.00057073472770352	c17	CD53
2.03573368347178e-08	0.930464356654265	0.113	0.064	0.000685920107308982	c17	MCTP2
2.09019535283342e-08	2.83639279052467	0.014	0.003	0.000704270422183692	c17	RAB31
2.09653028979997e-08	0.905728135159787	0.142	0.087	0.000706404915845201	c17	ANKFY1
2.17553102224443e-08	2.24937183004351	0.034	0.012	0.000733023422635039	c17	OTOF
2.21254844203275e-08	1.32530230092887	0.072	0.035	0.000745496072058513	c17	RP11-449H3.3
2.26224575206466e-08	0.271731813074674	0.73	0.67	0.000762241083700665	c17	FUS
2.3473813540081e-08	0.598030695208369	0.17	0.109	0.000790926673419489	c17	LMNA
2.38542118363835e-08	0.3286171055883	0.579	0.515	0.000803743813615105	c17	OSTF1
2.40856956674607e-08	0.573327620485886	0.297	0.224	0.000811543429819421	c17	DYNLT3
2.44071660250999e-08	1.02675296948751	0.088	0.046	0.000822375052049715	c17	SEC22A
2.45292142980439e-08	1.17498016021207	0.079	0.04	0.00082648734655829	c17	BCL6
2.76853710807747e-08	0.585907139715661	0.309	0.237	0.000932830893195623	c17	RAB29
2.86923900312591e-08	1.58574131568243	0.054	0.024	0.000966761389713245	c17	PLEKHO2
2.88928111376237e-08	0.582027914514854	0.34	0.259	0.000973514378471092	c17	RGS2
3.08067254225644e-08	0.928402298498005	0.118	0.069	0.00103800180638788	c17	GPR89B
3.24693129606672e-08	0.474182317044813	0.384	0.307	0.00109402103089672	c17	SYNE1
3.32843923024564e-08	0.520816977971221	0.358	0.285	0.00112148431423897	c17	RHEB
3.33374589294063e-08	0.676513572236448	0.231	0.164	0.00112327234116742	c17	ERVK3-1
3.34493230632213e-08	1.64064153935214	0.038	0.014	0.00112704149129218	c17	FUT7
3.34965934226042e-08	0.737069399786859	0.174	0.112	0.00112863421878123	c17	MED6
3.50801459798222e-08	0.329327518797294	0.596	0.514	0.00118199043864413	c17	TC2N
3.54170109798891e-08	1.14522933268497	0.065	0.031	0.00119334076795638	c17	TMOD2
3.69773292279141e-08	0.520327044356415	0.301	0.227	0.00124591413100534	c17	CHORDC1
3.79434854679614e-08	0.464842627313048	0.401	0.324	0.00127846779935749	c17	OFD1
4.15017851891461e-08	0.798754970614136	0.189	0.128	0.00139836115016309	c17	TRAF2
4.21404650195878e-08	1.12523363218795	0.088	0.047	0.00141988082836999	c17	GPR180
4.48653825836847e-08	0.643558909614836	0.336	0.265	0.00151169420077467	c17	GCHFR
4.71047276771536e-08	0.808789047377989	0.157	0.1	0.00158714669435402	c17	SBNO2
4.80522641499884e-08	0.397324169568152	0.526	0.469	0.00161907298826971	c17	PNRC2
4.84797269892434e-08	0.630946931750293	0.255	0.187	0.00163347592117557	c17	B3GNT2
5.11852592648494e-08	0.830569933998092	0.182	0.122	0.00172463612566983	c17	MIDN
5.65804878748595e-08	0.472896234564945	0.457	0.394	0.00190642295845552	c17	ZC3HAV1
6.00892279815694e-08	0.493609761510229	0.464	0.394	0.002024646447611	c17	PTPN6
6.05466977912442e-08	0.326246905854848	0.401	0.311	0.00204006043537818	c17	LGALS3
6.41516724615293e-08	0.662916009215436	0.206	0.141	0.00216152645191877	c17	TMEM170A
6.42278830562044e-08	1.27761807196966	0.072	0.036	0.00216409429169575	c17	PINX1
6.44991860137535e-08	0.916048635749083	0.121	0.072	0.00217323557354741	c17	USP28
6.55750132838557e-08	0.839934400281426	0.113	0.066	0.00220948449758623	c17	VNN2
6.61111633784289e-08	1.76590849707809	0.036	0.014	0.00222754953887278	c17	FKBP1B
6.66159856551514e-08	0.246167543412056	0.308	0.224	0.00224455902066467	c17	HLA-DQA1
6.70151899506937e-08	0.777790820978139	0.17	0.112	0.00225800981019867	c17	ISY1
6.83959502660715e-08	0.193276146408933	0.922	0.855	0.00230453314826501	c17	JUNB
7.22189162304389e-08	0.492702798391061	0.358	0.286	0.00243334416346841	c17	EMC7
7.27815282406201e-08	2.2503190873658	0.016	0.004	0.00245230081253945	c17	SGCE
7.2844864004817e-08	0.497422823251721	0.408	0.338	0.00245443484777831	c17	NRBP1
7.8222690089956e-08	0.421769192009173	0.453	0.382	0.00263563531989098	c17	MINOS1
8.42352990334188e-08	0.285394964049769	0.659	0.582	0.00283822416563201	c17	PDCD4
8.52606025409922e-08	0.72016904255171	0.195	0.133	0.00287277074201619	c17	CASP3
9.04160641601533e-08	0.713014768650294	0.209	0.145	0.00304647886581221	c17	JAKMIP1
9.16946478259423e-08	1.12846766075504	0.069	0.034	0.0030895594638473	c17	TRAV1-2
9.32638765032535e-08	0.369591906638985	0.509	0.429	0.00314243305490062	c17	MRPS6
9.85866056189661e-08	0.362398626232486	0.546	0.473	0.00332177708972544	c17	BRD2
9.95512752650421e-08	1.18073672942433	0.091	0.05	0.00335428066878033	c17	U2AF1L5
1.06395879590588e-07	1.22386321164069	0.197	0.137	0.00358490276692527	c17	TNF
1.0887812344779e-07	0.394889296768585	0.487	0.416	0.00366853949144983	c17	CCT7
1.10310382434865e-07	1.03818045728592	0.097	0.054	0.00371679802576034	c17	TIMM10B
1.11424267040333e-07	2.15128437855724	0.025	0.008	0.00375432925365697	c17	BCL2L14
1.14270488327377e-07	0.382841875566625	0.514	0.439	0.00385022983370264	c17	YPEL5
1.20340401852529e-07	0.474293036149064	0.396	0.322	0.0040547495000191	c17	SPN
1.23928356664195e-07	0.415339360175551	0.452	0.375	0.00417564204944339	c17	RNH1
1.25033383584131e-07	0.456345618995387	0.415	0.353	0.00421287482648373	c17	RAB14
1.26030286088542e-07	0.239438062780684	0.845	0.819	0.00424646445946732	c17	HNRNPDL
1.26478726892091e-07	0.245329863486902	0.673	0.586	0.00426157422390213	c17	SNRPB
1.29509651275226e-07	1.06939119277706	0.106	0.062	0.00436369819006747	c17	PELO
1.34942371199268e-07	0.555563543335743	0.303	0.234	0.00454674825518815	c17	TOR1AIP1
1.39364406294504e-07	0.854318561534585	0.158	0.104	0.00469574430568701	c17	SPTLC2
1.41042453320055e-07	0.346771450555712	0.496	0.416	0.00475228442216592	c17	PSMG2
1.44609350991726e-07	0.165882936441064	0.75	0.672	0.00487246747231521	c17	ENO1
1.45809453739684e-07	0.320800489187563	0.616	0.556	0.00491290373430492	c17	SFPQ
1.48468837502308e-07	0.696797047929879	0.22	0.157	0.00500250901080277	c17	PARP15
1.52185527956548e-07	0.520804379191952	0.382	0.318	0.00512773917896794	c17	MVP
1.53878765260535e-07	0.493828020446127	0.325	0.25	0.00518479111668846	c17	C12orf65
1.56589635519423e-07	0.535467330408186	0.381	0.318	0.00527613117919143	c17	IRF3
1.59530277077646e-07	0.705741530434894	0.171	0.114	0.0053752131558542	c17	ANKHD1
1.61798598744959e-07	1.06949182661354	0.092	0.051	0.00545164198611264	c17	WIPI1
1.74086662521135e-07	0.365875189959949	0.521	0.46	0.00586567600698713	c17	MRPL41
1.82933827118044e-07	1.43600975769343	0.045	0.019	0.00616377237091537	c17	ASAH2B
1.88935390280885e-07	0.509853187472237	0.336	0.265	0.00636598904012414	c17	UPP1
1.92757133582199e-07	0.640918402386356	0.254	0.189	0.00649475885891861	c17	PANK2
1.97753834426275e-07	0.759424590355144	0.142	0.09	0.00666311769715891	c17	RALB
2.01075136908486e-07	0.458760020303714	0.443	0.377	0.00677502566299453	c17	SUSD3
2.08731937170604e-07	0.837793599609497	0.151	0.098	0.00703301389102633	c17	RIPK1
2.18968146236821e-07	1.76619734045431	0.028	0.009	0.00737791271930345	c17	RP11-277P12.6
2.30371700275052e-07	0.914601417463735	0.122	0.075	0.0077621440690676	c17	NDUFB8
2.31104128703428e-07	0.268805810576992	0.833	0.81	0.00778682251253329	c17	HSP90AB1
2.41514972055723e-07	1.05852495319088	0.092	0.051	0.00813760546844555	c17	YES1
2.46442740233056e-07	0.345022837220362	0.464	0.389	0.00830364168941259	c17	FERMT3
2.47432764482867e-07	1.44268463840624	0.04	0.016	0.00833699956648574	c17	PSEN2
2.50610907780633e-07	0.369610349584121	0.517	0.445	0.00844408392676066	c17	CLK1
2.51720982513447e-07	0.227342529727794	0.843	0.794	0.00848148678480809	c17	S100A11
2.52034465745268e-07	0.563093377493544	0.283	0.215	0.00849204928882105	c17	RELA
2.60615368419981e-07	1.15683477951258	0.065	0.033	0.00878117422354283	c17	SLC18B1
2.72715121511831e-07	1.07701477832542	0.082	0.044	0.00918886330421963	c17	NOD1
2.74097359210424e-07	0.424379209734948	0.391	0.319	0.00923543642123603	c17	SH3GLB1
2.80385666413615e-07	0.53080076207717	0.304	0.239	0.00944731464414036	c17	YIPF5
2.91359508693336e-07	0.916365668977967	0.102	0.059	0.00981706728591326	c17	AARSD1
2.93369428294664e-07	0.316906941851755	0.558	0.491	0.0098847895169604	c17	ACTR2
2.93552375056017e-07	0.271575511046954	0.701	0.644	0.00989095372513744	c17	CD96
3.06884830591499e-07	0.648355940196778	0.291	0.227	0.01034017748195	c17	SENP7
3.44617108188131e-07	1.47913298556958	0.034	0.013	0.0116115288432909	c17	FAM49A
3.53065197143594e-07	0.951938746063423	0.069	0.035	0.0118961787525562	c17	TTC16
3.57005302489748e-07	0.788484294810857	0.122	0.074	0.0120289366620896	c17	GALNT6
3.61764368840029e-07	0.744787352405936	0.155	0.101	0.0121892886436959	c17	KLHDC7B
3.69152964763534e-07	0.945638971971488	0.117	0.071	0.0124382399947425	c17	FMR1
3.69393739256233e-07	0.639587433169951	0.272	0.205	0.0124463526504995	c17	TRIM56
3.73916153545902e-07	0.746978023107054	0.127	0.078	0.0125987308775756	c17	UBE2S
3.84847043475264e-07	0.228890447459662	0.762	0.708	0.0129670362828555	c17	CALR
3.95456352808137e-07	0.621462583675374	0.255	0.192	0.0133245063515174	c17	TBC1D5
3.98525549291764e-07	0.36712366413805	0.53	0.457	0.0134279198578367	c17	SASH3
4.08514462873308e-07	1.76684057457816	0.024	0.008	0.0137644863120532	c17	LILRB1
4.09574650468033e-07	0.297350945131495	0.626	0.563	0.0138002082728699	c17	COPE
4.19646629878909e-07	0.521961963585974	0.387	0.322	0.01413957354714	c17	ATP2B4
4.4261519617382e-07	0.993980886074976	0.089	0.05	0.0149134764198807	c17	PVRIG
4.43394224530291e-07	0.611568490323967	0.269	0.207	0.0149397250013236	c17	PPP2R2A
4.67385681899659e-07	0.449940644052024	0.395	0.325	0.0157480931659271	c17	RNF166
5.09408860291365e-07	0.480847727625876	0.386	0.322	0.0171640221386572	c17	LY9
5.59804837979278e-07	0.312594109627256	0.592	0.537	0.0188620642108738	c17	PRMT2
5.64821473718684e-07	0.408905079536941	0.399	0.331	0.0190310947354773	c17	LAPTM4A
6.1910728946621e-07	2.16171227983911	0.021	0.007	0.0208602010112745	c17	CD86
6.21738316505006e-07	0.247808174969724	0.579	0.493	0.0209488508363197	c17	NME2
6.30012180880468e-07	0.766903702797736	0.153	0.101	0.0212276304225865	c17	HEXDC
6.48273707182233e-07	0.584535597675915	0.239	0.177	0.0218429342897982	c17	APOL3
6.81075269157782e-07	0.357304125866508	0.467	0.409	0.0229481501190023	c17	MAGOH
6.84106355194202e-07	1.24311268260264	0.054	0.026	0.0230502795319134	c17	RP11-644F5.10
6.92417575445042e-07	0.313136250414743	0.605	0.543	0.0233303177870453	c17	IDS
7.1213354108592e-07	0.625085674526714	0.204	0.144	0.023994627533349	c17	EXOSC9
7.16357322427571e-07	0.361660403577235	0.421	0.347	0.0241369436218746	c17	ACTN4
7.44124955893722e-07	0.40260110013019	0.399	0.331	0.0250725462638831	c17	PCMT1
7.48359922857765e-07	0.324005386282189	0.502	0.429	0.0252152392407695	c17	ANXA5
7.50237841425543e-07	0.768053150888774	0.153	0.102	0.0252785138289922	c17	SPSB1
7.51739069516945e-07	0.755007349355966	0.122	0.076	0.0253290962083039	c17	RHBDF2
7.92249939299682e-07	1.35129848971295	0.048	0.022	0.0266940694547635	c17	TMEM191B
8.0315070413396e-07	0.554133604613034	0.264	0.2	0.0270613598250896	c17	SUPT3H
8.71685427031486e-07	0.793932416316878	0.135	0.087	0.0293705687783989	c17	NUP93
8.93307510399684e-07	0.546731243122946	0.319	0.255	0.030099103255407	c17	TRIM69
9.04529972092748e-07	2.15989322210804	0.018	0.005	0.0304772328796931	c17	KIR2DL3
9.07436608856978e-07	1.20673550489403	0.047	0.021	0.030575169098827	c17	RP11-89K10.1
9.15224544273354e-07	0.585878258538894	0.258	0.197	0.0308375757947464	c17	STIP1
9.54541866645924e-07	0.2774552753449	0.423	0.343	0.0321623336547678	c17	LYAR
9.65513098081495e-07	0.284593589740529	0.577	0.519	0.0325319983267579	c17	PYURF
9.80472645410848e-07	0.596665626504714	0.263	0.202	0.0330360453144731	c17	TRPC4AP
1.0162488478867e-06	0.702539921970875	0.181	0.127	0.0342414886806944	c17	TRAPPC5
1.0509298261757e-06	1.19707681237398	0.05	0.023	0.0354100295631641	c17	CDC14B
1.07131736583449e-06	0.457619220843356	0.375	0.312	0.0360969673244272	c17	SF3B4
1.10111647983655e-06	0.64944348061613	0.218	0.159	0.0371010186716128	c17	PAIP1
1.14672739678173e-06	0.50327402070892	0.284	0.219	0.0386378329071637	c17	SP140L
1.16682345803385e-06	0.58165376550452	0.284	0.222	0.0393149495949925	c17	NAA50
1.17200850506072e-06	0.710180957836838	0.17	0.117	0.0394896545695159	c17	GPR155
1.20451128759715e-06	0.52862459786547	0.301	0.237	0.0405848033242983	c17	STX17
1.24055122125014e-06	1.91152550857129	0.023	0.007	0.0417991328488023	c17	FGD2
1.299432135282e-06	0.992454125055029	0.091	0.053	0.0437830663661916	c17	GTF2H2C
1.3033024608508e-06	0.21503854656466	0.691	0.603	0.0439134731159068	c17	PPP1R18
1.3201217453183e-06	0.907493147233391	0.083	0.046	0.0444801820867548	c17	RP11-23P13.6
1.34631716712116e-06	0.36181867807455	0.486	0.427	0.0453628106289805	c17	RBMS1
1.45326212060813e-06	0.466782048095079	0.301	0.235	0.0489662138917705	c17	RPP21
