gene	p_val	avg_log2FC	pct.1	pct.2	p_val_adj	cluster
RP11-34P13.9	1.88414345310842e-11	0.00249382024146893	0.165289256198347	0	2.10213011619322e-09	c24
PERM1	0.00172278985970162	0.00179139572615409	0.165289256198347	0.0109970674486804	0.0274298397002907	c24
MMP23B	1.6065514873251e-06	0.0295962623390997	2.97520661157025	0.993401759530792	7.92592871904906e-05	c24
HES3	1.88414345310842e-11	0.00260153007113955	0.165289256198347	0	2.10213011619322e-09	c24
RP5-888M10.2	0.000211453087581878	0.00225108370676909	0.165289256198347	0.00733137829912024	0.00514418796605328	c24
RAP1GAP	0.00172278985970162	0.00157265008233884	0.165289256198347	0.0109970674486804	0.0274298397002907	c24
CNR2	0.000558733008478035	0.0146934392796636	1.65289256198347	0.568181818181818	0.0112662776706517	c24
RUNX3	0.000118062503675191	0.113473137798656	31.5702479338843	27.5769794721408	0.00321584316801285	c24
RP3-465N24.6	0.00172278985970162	0.0021674864518953	0.165289256198347	0.0109970674486804	0.0274298397002907	c24
SH3BGRL3	1.20599379586411e-07	0.146454733484294	100	98.9076246334311	7.59528130053182e-06	c24
RP3-476K8.3	0.00172278985970162	0.0021588329048469	0.165289256198347	0.0109970674486804	0.0274298397002907	c24
FGR	1.41638182949297e-13	0.0636471370142353	6.11570247933884	1.91348973607038	2.24054316257916e-11	c24
PTPRU	1.62496343813157e-06	0.00378725034906077	0.330578512396694	0.0183284457478006	7.97617775750823e-05	c24
LAPTM5	3.40935918300211e-05	0.0897743210277113	94.8760330578512	95.4068914956012	0.00114645656998077	c24
PTP4A2	7.72332660007215e-20	0.279959268486651	56.0330578512397	46.9171554252199	2.28271724967396e-17	c24
LCK	0.000816410751416935	0.0798979382408882	81.1570247933884	81.3269794721408	0.0154888197400012	c24
FOXE3	1.88414345310842e-11	0.00189270017404453	0.165289256198347	0	2.10213011619322e-09	c24
GLIS1	0.00056587832693902	0.00310553113521052	0.330578512396694	0.0366568914956012	0.0113831070733632	c24
HSPB11	0.00014897669749822	0.104829482283364	35.702479338843	32.9875366568915	0.00392771584155322	c24
ZRANB2-AS1	0.000108095873929733	0.0046552349026605	0.330578512396694	0.0293255131964809	0.00301199184565681	c24
WDR63	0.000306932560600167	0.0199551685502842	2.47933884297521	0.993401759530792	0.0069782629533482	c24
DENND2D	5.36196649517953e-08	0.160570419699091	60	58.1781524926686	3.59228587935526e-06	c24
CHI3L2	4.30544630078323e-41	0.161029426147923	15.0413223140496	4.07258064516129	4.02965854607195e-38	c24
RP4-671G15.2	3.43410105183376e-06	0.00217299717136087	0.165289256198347	0.00366568914956012	0.000149746498186434	c24
RP11-344P13.1	0.000211216096962102	0.00210506311896271	0.165289256198347	0.00733137829912024	0.00514418796605328	c24
CD160	0.000301977263704393	0.0310343400238786	3.47107438016529	1.60557184750733	0.00689351078811369	c24
TXNIP	0.0009777622077323	0.147446637732513	94.8760330578512	93.8233137829912	0.0178950134857861	c24
RP4-565E6.1	0.000211216096962102	0.0025086689857971	0.165289256198347	0.00733137829912024	0.00514418796605328	c24
RPS27	1.01432005345611e-23	0.161528620281826	100	100	4.06863093823215e-21	c24
KRTCAP2	8.61016144620988e-05	0.0718068242642054	71.0743801652893	74.0652492668622	0.00249970055180737	c24
FCRL3	4.06096297144528e-25	0.205778727961222	24.6280991735537	11.7192082111437	1.80039587315628e-22	c24
PYHIN1	1.79398847273103e-08	0.174723208428583	41.4876033057851	35.6928152492669	1.32558437719735e-06	c24
FCRL6	4.5436777560694e-14	0.134305396084628	17.6859504132231	9.19354838709677	7.61665066233842e-12	c24
KCNJ10	1.88414345310842e-11	0.00213231246567574	0.165289256198347	0	2.10213011619322e-09	c24
SLAMF6	3.88385273104754e-11	0.175436930264311	36.6942148760331	28.200146627566	4.22137206193276e-09	c24
CD48	0.000111444647184752	0.0904633266662829	80.3305785123967	80.5791788856305	0.00308546913906577	c24
SLAMF7	2.54314295871823e-31	0.220434403446642	25.4545454545455	11.1400293255132	1.4281443141842e-28	c24
LY9	0.00176066015656381	0.0989909264562766	33.8842975206612	32.3130498533724	0.0278776707308558	c24
XCL2	0.00199999236480233	0.0737538817096783	17.0247933884298	13.0205278592375	0.0307987855300045	c24
RP3-471M13.2	0.000211453087581878	0.00180566068711793	0.165289256198347	0.00733137829912024	0.00514418796605328	c24
C1orf21	8.23629423070813e-20	0.130697243286656	14.3801652892562	5.76979472140763	2.37191194708957e-17	c24
NEK7	0.000332101973038951	0.109409779403477	24.6280991735537	21.2719941348974	0.00741049263547975	c24
PTPRC	7.2114158006613e-13	0.190485679128667	96.3636363636364	94.5931085043988	1.03396359143609e-10	c24
LGR6	4.93559973844121e-13	0.0452041202555934	4.79338842975207	1.31964809384164	7.2304390255234e-11	c24
RP11-504P24.9	0.000211453087581878	0.0019217803468089	0.165289256198347	0.00733137829912024	0.00514418796605328	c24
GUK1	1.74319139173702e-12	0.169192423207884	77.1900826446281	76.5872434017595	2.34004345630228e-10	c24
LYST	0.000158124913095337	0.121090323172413	32.0661157024793	27.7675953079179	0.00413308646457986	c24
MTRNR2L11	3.43989403443639e-06	0.0017303836028898	0.165289256198347	0.00366568914956012	0.000149746498186434	c24
RP11-11N7.5	0.000211453087581878	0.00197589467739655	0.165289256198347	0.00733137829912024	0.00514418796605328	c24
RPS7	6.11486942224017e-15	0.113214993633265	99.8347107438017	99.9523460410557	1.10771188340301e-12	c24
TMEM17	1.08123369431778e-06	0.00689478500071729	0.661157024793388	0.0733137829912024	5.4948850824047e-05	c24
AC015969.3	3.43410105183376e-06	0.00201755182326585	0.165289256198347	0.00366568914956012	0.000149746498186434	c24
PLEK	1.52955476424017e-69	0.355369318238431	36.0330578512397	12.7859237536657	3.96437063279295e-66	c24
ARHGAP25	0.00371477224025267	0.0943208987440072	28.4297520661157	26.8365102639296	0.0492777700248321	c24
PCBP1	0.000483627273437936	0.0634434345693291	84.297520661157	87.2104105571847	0.0100526448804552	c24
CD8A	3.89549302650094e-91	1.11185298719256	80.6611570247934	41.0813782991202	1.64068427543653e-87	c24
CD8B	1.93564414243355e-58	0.695459040521884	69.7520661157025	37.7932551319648	3.62331076306422e-55	c24
LINC00152	1.30486026276446e-09	0.190712612702296	46.7768595041322	38.4310850439883	1.16005175972522e-07	c24
IGKV3-7	1.88414345310842e-11	0.00284064439426383	0.165289256198347	0	2.10213011619322e-09	c24
IGKV3D-7	1.88414345310842e-11	0.00284064439426383	0.165289256198347	0	2.10213011619322e-09	c24
DUSP2	7.96267988845731e-24	0.550150247725555	82.8099173553719	69.2521994134897	3.23246429110458e-21	c24
AC017074.2	0.000211216096962102	0.00209336708265278	0.165289256198347	0.00733137829912024	0.00514418796605328	c24
BIN1	1.05032425621287e-06	0.132804013493299	50.0826446280992	47.6649560117302	5.36206446800552e-05	c24
RP11-570L15.1	0.000211216096962102	0.00238824082500384	0.165289256198347	0.00733137829912024	0.00514418796605328	c24
ZEB2	1.24094471061521e-05	0.0992317269826084	19.0082644628099	13.6217008797654	0.000470744586693435	c24
KLHL41	1.88414345310842e-11	0.00206157798888732	0.165289256198347	0	2.10213011619322e-09	c24
GAD1	0.00298597754376024	0.00375760693905338	0.330578512396694	0.0476539589442815	0.0418060273728559	c24
WIPF1	4.9404993800916e-07	0.127501544912852	68.7603305785124	70.3958944281525	2.72893747725912e-05	c24
UBE2E3	0.00263061413764916	0.08821317086143	26.9421487603306	24.5711143695015	0.0378462479735059	c24
HSPE1-MOB4	1.61331953221835e-07	0.00265678262752599	0.330578512396694	0.0146627565982405	9.74179002124824e-06	c24
MPP4	3.43410105183376e-06	0.00230145918627881	0.165289256198347	0.00366568914956012	0.000149746498186434	c24
TUBA4A	4.86961787235424e-05	0.112407649609007	60.9917355371901	60.6121700879765	0.00154352685410257	c24
EPHA4	1.32876669291245e-07	0.104179997752954	16.3636363636364	10.3995601173021	8.26041788763694e-06	c24
ITM2C	1.54543017483334e-146	1.00008149045584	75.3719008264463	34.0725806451613	1.73572414369448e-142	c24
AGAP1	5.57984122613957e-05	0.0156967760080403	1.48760330578512	0.406891495601173	0.00173919676478766	c24
RTP5	5.95088515761559e-06	0.0333557695537354	3.63636363636364	1.42228739002933	0.000245721966299877	c24
AC069277.2	0.000667089330240569	0.00620601695902221	0.661157024793388	0.131964809384164	0.013015001675232	c24
RP11-222K16.2	6.30927847892545e-08	0.0962115001299787	16.6942148760331	10.3702346041056	4.18474072970304e-06	c24
EOMES	3.69073483343268e-90	0.535337984799441	50.9090909090909	19.8607038123167	1.38172910530756e-86	c24
CMC1	1.50423372422907e-67	0.594284228710322	58.8429752066116	33.3284457478006	3.6202607931553e-64	c24
TGFBR2	6.4776290874117e-06	0.151174830450148	49.4214876033058	47.5806451612903	0.000263595693805857	c24
RP11-627J17.1	1.88414345310842e-11	0.00209702979318911	0.165289256198347	0	2.10213011619322e-09	c24
TMA7	3.16840194453828e-05	0.0582654463500716	95.702479338843	97.532991202346	0.00107617071692815	c24
SHISA5	5.84815071737360e-10	0.163219169921587	68.7603305785124	66.8181818181818	5.55063634566721e-08	c24
CLDND1	1.85190897646202e-09	0.202472143337857	43.3057851239669	35.9494134897361	1.61653422416868e-07	c24
RP11-227H4.5	6.35163063152096e-09	0.00579616037677486	0.330578512396694	0.0109970674486804	5.11439991594809e-07	c24
RP11-383I23.2	0.00172278985970162	0.00154027857375757	0.165289256198347	0.0109970674486804	0.0274298397002907	c24
TRAT1	1.0227192241665e-13	0.221791860301764	51.0743801652893	41.4296187683284	1.66471021927856e-11	c24
GYG1	5.42468874580002e-06	0.131043233871506	35.2066115702479	29.7800586510264	0.000225932586651404	c24
TPRG1	0.00124644192240575	0.0641787887867339	12.396694214876	9.02859237536657	0.0216148297136075	c24
LYAR	3.92336792175588e-20	0.274542063697346	47.7685950413223	34.2631964809384	1.21278861243709e-17	c24
RP11-484O2.1	0.000211216096962102	0.00239265189831961	0.165289256198347	0.00733137829912024	0.00514418796605328	c24
FGFBP2	1.2530354215337e-17	0.053004706841323	4.95867768595041	1.1217008797654	2.77761680876029e-15	c24
ARAP2	0.00015017202840592	0.115302042620168	36.0330578512397	32.7602639296188	0.00394742826153276	c24
DTHD1	2.81600458957705e-22	0.171293560573553	19.0082644628099	8.31744868035191	1.02024149076569e-19	c24
ATP8A1	0.00277893832751649	0.0826861652989127	22.6446280991736	19.6224340175953	0.0394637672559131	c24
RP11-646I6.6	0.000211453087581878	0.00181782484693911	0.165289256198347	0.00733137829912024	0.00514418796605328	c24
SLC4A4	0.000146134030207567	0.0212630000974201	2.47933884297521	0.94941348973607	0.00385880878825531	c24
CXCL3	0.00141145415248663	0.0076432338654355	0.495867768595041	0.0879765395894428	0.0238503190641347	c24
CCDC109B	2.17528469930292e-08	0.15853447939009	57.5206611570248	53.5447214076246	1.58645113979032e-06	c24
RP11-745L13.2	0.000211216096962102	0.00217228758108926	0.165289256198347	0.00733137829912024	0.00514418796605328	c24
IL15	0.00053198693281825	0.0385793842356201	5.9504132231405	3.43475073313783	0.0108503436527713	c24
RP11-673E1.1	0.000211216096962102	0.00178166863425872	0.165289256198347	0.00733137829912024	0.00514418796605328	c24
TLR3	0.00353097338445442	0.0129785352665778	1.81818181818182	0.762463343108504	0.047437247693703	c24
LPCAT1	9.36933706303366e-07	0.0984619677031569	15.702479338843	10.3262463343109	4.82707099391217e-05	c24
RP11-159F24.6	0.000211216096962102	0.00217531859013763	0.165289256198347	0.00733137829912024	0.00514418796605328	c24
GZMK	3.71695582447028e-238	1.94846374039479	99.1735537190083	50.6268328445748	1.25239109549702e-233	c24
GZMA	5.41513062281954e-136	1.30702380847816	95.8677685950413	52.041788856305	3.64914822410563e-132	c24
CTD-2117L12.1	1.88414345310842e-11	0.00198056220586243	0.165289256198347	0	2.10213011619322e-09	c24
TMEM171	6.87971601003206e-32	0.080318475780634	6.77685950413223	1.2316715542522	4.06675703933369e-29	c24
ENC1	3.32599824577294e-16	0.0829657363329601	8.4297520661157	2.83724340175953	6.47781415566899e-14	c24
F2R	3.28344810280555e-16	0.193953759166019	29.9173553719008	18.7060117302053	6.43212211487967e-14	c24
CTD-2249K22.1	0.000211216096962102	0.00279522556526373	0.165289256198347	0.00733137829912024	0.00514418796605328	c24
POLR3G	0.00189464007984858	0.00932302599343504	0.991735537190083	0.289589442815249	0.0295060809354392	c24
MAN2A1	0.000115094746538191	0.0984180770809327	22.1487603305785	17.7456011730205	0.00315028626308515	c24
REEP5	6.30628478815144e-08	0.146480318388475	56.198347107438	52.4523460410557	4.18474072970304e-06	c24
CDC42SE2	0.00241284344139075	0.0689378689942053	57.1900826446281	59.9926686217009	0.0354550139181072	c24
C5orf56	0.000167787293976796	0.112644659545606	41.8181818181818	39.4464809384164	0.00433877596565938	c24
PCDHGA8	0.00172278985970162	0.00228509361000714	0.165289256198347	0.0109970674486804	0.0274298397002907	c24
PPP2R2B	6.43189730290485e-07	0.103451460324237	19.1735537190083	13.1781524926686	3.43449045521515e-05	c24
JAKMIP2	0.000960112886764221	0.0456467777584374	7.43801652892562	4.71041055718475	0.0176359828839886	c24
CD74	2.62932676128553e-83	0.779652420259106	99.8347107438017	94.941348973607	7.38271132456289e-80	c24
RPS14	4.70374177929552e-05	0.0913643252825174	100	99.9853372434018	0.00150083215446575	c24
ANXA6	0.00298649931401627	0.0730254539219827	61.9834710743802	61.9758064516129	0.0418060273728559	c24
SGCD	5.16305961880774e-09	0.00789668815019286	0.661157024793388	0.0513196480938416	4.22243035912884e-07	c24
HK3	3.43410105183376e-06	0.0021180140212394	0.165289256198347	0.00366568914956012	0.000149746498186434	c24
GRK6	0.000692703041211045	0.102831095952293	35.2066115702479	32.9728739002933	0.0134369235869689	c24
N4BP3	0.0037262340449156	0.0319291084093941	4.29752066115702	2.4816715542522	0.0493520950901675	c24
RP11-239H6.2	0.00130275326949325	0.0066926896095685	0.661157024793388	0.142961876832845	0.0223333705129873	c24
RP1-30M3.5	2.14945527970385e-08	0.0128450886973143	1.15702479338843	0.164956011730205	1.57101401723083e-06	c24
BTN3A2	7.01988385458071e-06	0.125145472982618	55.5371900826446	54.8936950146628	0.000282590163197422	c24
HLA-F	3.06161759267938e-14	0.199388791898139	80.8264462809917	79.0799120234604	5.23645396790554e-12	c24
HLA-A	1.47236445824023e-22	0.197208015578239	99.6694214876033	99.6260997067449	5.4516316544996e-20	c24
HLA-E	2.98686876784232e-08	0.0963417252618108	99.0082644628099	99.2265395894428	2.13672093978088e-06	c24
PPP1R18	0.000542848254619263	0.0977767516348379	60.3305785123967	60.5608504398827	0.0110192276873459	c24
HLA-C	2.14139528708661e-28	0.21486813970148	99.8347107438017	99.5931085043988	1.11003342773994e-25	c24
HLA-B	1.83997607678165e-19	0.179434797208164	100	99.8936950146628	4.95969231448648e-17	c24
HLA-DRB5	5.17981800592506e-13	0.218805945352379	41.9834710743802	30.549853372434	7.55535878318783e-11	c24
HLA-DRB1	2.36389507119482e-24	0.427532102669541	73.0578512396694	50.9934017595308	9.95613506610478e-22	c24
HLA-DQA1	7.98077377822824e-15	0.21422397000666	34.8760330578512	22.3387096774194	1.42277350097155e-12	c24
HLA-DQB1	3.56755509034422e-19	0.272117617483632	45.7851239669422	31.6532258064516	9.24655393954294e-17	c24
PSMB9	3.72082284363933e-10	0.18186675284791	90.2479338842975	86.4296187683284	3.63389579401691e-08	c24
HLA-DMB	0.00347409521343982	0.0565953550816624	11.5702479338843	8.63269794721408	0.0467663460334164	c24
HLA-DMA	0.000445549985207669	0.0934629524504672	27.7685950413223	23.4860703812317	0.00942987512662512	c24
HLA-DOA	1.51921304876024e-05	0.0372088537927018	4.46280991735537	1.99046920821114	0.000561892035838941	c24
HLA-DPA1	2.01742459121293e-35	0.469304434546817	80.9917355371901	60.6304985337243	1.51055787058508e-32	c24
HLA-DPB1	3.31309865477909e-53	0.566038374907473	83.1404958677686	60.1869501466276	5.31578790829175e-50	c24
TAPBP	0.000875428243415264	0.0684207562486261	68.9256198347107	71.6678885630499	0.016351401186227	c24
HMGA1	2.95784368975556e-10	0.183551666661216	46.1157024793388	39.633431085044	2.93122309654776e-08	c24
PACSIN1	2.97717422530636e-17	0.0554241841372473	5.12396694214876	1.21700879765396	6.34891824984003e-15	c24
RP11-134K13.4	3.43410105183376e-06	0.00220299608067182	0.165289256198347	0.00366568914956012	0.000149746498186434	c24
FYN	0.00096046858764525	0.0899905427060271	62.9752066115702	64.2265395894428	0.0176359828839886	c24
THEMIS	5.7405710238871e-05	0.118082642956203	33.3884297520661	29.3035190615836	0.00178434317415915	c24
SAMD3	5.20746034635829e-48	0.423589171640645	50.9090909090909	28.4090909090909	6.74846803500755e-45	c24
VNN2	1.04662317875307e-08	0.086084759845038	12.0661157024793	6.56891495601173	7.97848900110995e-07	c24
RPS12	0.00229944144895209	0.0856529641639439	100	99.9926686217009	0.0342643436417144	c24
IFNGR1	2.41124438242183e-05	0.115508381651937	25.7851239669421	20.7074780058651	0.000839302357658276	c24
SYNE1	1.19264606561196e-05	0.138200819971094	34.8760330578512	30.8431085043988	0.000455612432366548	c24
TOMM7	0.00250769063461551	0.0426276572019377	95.5371900826446	96.799853372434	0.0365301030016148	c24
STK31	0.00106717250583975	0.00422865029329133	0.330578512396694	0.0403225806451613	0.0191567983014195	c24
HOXA-AS2	1.08799914653524e-08	0.00596355295078497	0.495867768595041	0.0293255131964809	8.27517906170615e-07	c24
HOXA10	0.00189950859565163	0.00498233036945283	0.495867768595041	0.0916422287390029	0.0295484961319881	c24
AOAH	9.87869600764001e-43	0.350740980867708	43.1404958677686	22.0967741935484	9.78978774357125e-40	c24
TRGV10	5.75127741267841e-06	0.105978484768019	15.2066115702479	9.93768328445748	0.000238898196546517	c24
TRGV7	0.000724424473381233	0.0447083785704935	6.28099173553719	3.73533724340176	0.013931939615358	c24
TRGV4	0.00093218760812561	0.0475524913725745	6.77685950413223	4.11656891495601	0.017199490800232	c24
AC004837.5	3.43410105183376e-06	0.00186977748054399	0.165289256198347	0.00366568914956012	0.000149746498186434	c24
STK17A	1.55035557377371e-16	0.244693446285505	85.1239669421488	80.4655425219941	3.12800483249888e-14	c24
PPIA	1.5988875808099e-05	0.0699955303813669	97.0247933884298	97.5183284457478	0.000587490928547535	c24
VPS37D	0.00299216112058277	0.00310592528856859	0.330578512396694	0.0476539589442815	0.0418331438991352	c24
SEMA3E	0.00172278985970162	0.00146621907659521	0.165289256198347	0.0109970674486804	0.0274298397002907	c24
PVRIG	0.00340800315302188	0.0394313504042889	7.60330578512397	5.08064516129032	0.0460606731800718	c24
PILRB	6.46959256764093e-13	0.150674168896321	21.8181818181818	12.958211143695	9.31566034077322e-11	c24
CTB-107G13.1	0.00376766118448376	0.00664212431504306	0.826446280991736	0.234604105571848	0.0498224395408147	c24
CDHR3	6.70508162047909e-11	0.0666253110503618	6.94214876033058	2.6466275659824	7.17209587683881e-09	c24
OPN1SW	3.43410105183376e-06	0.0020076663850902	0.165289256198347	0.00366568914956012	0.000149746498186434	c24
PRSS58	3.43410105183376e-06	0.00199394769478924	0.165289256198347	0.00366568914956012	0.000149746498186434	c24
TRBV3-1	0.00165634257409156	0.102455171410836	6.28099173553719	3.8599706744868	0.0268442515889259	c24
TRBV7-9	0.000899490781777247	0.134666463636976	9.09090909090909	6.00439882697947	0.0167167360183136	c24
TRBV14	6.91285836694248e-06	0.093614548479754	5.45454545454545	2.54032258064516	0.000279618067005714	c24
ZYX	0.000792996280974114	0.0846151077053878	63.9669421487603	64.3255131964809	0.0150956026503626	c24
EPHA1	1.92236259561248e-13	0.139522124886264	20.8264462809917	11.8035190615836	2.9848887233441e-11	c24
TAS2R41	0.000211453087581878	0.0017220318499013	0.165289256198347	0.00733137829912024	0.00514418796605328	c24
GIMAP7	1.42110104374121e-12	0.234462123967991	81.1570247933884	76.6678885630499	1.93856593391969e-10	c24
GIMAP4	1.99350841053895e-31	0.37632937725509	82.3140495867769	72.4743401759531	1.14862519927498e-28	c24
GIMAP2	0.00179429484499446	0.0941569318222367	39.8347107438017	38.3760997067449	0.028290580490053	c24
GIMAP1	4.36501716737112e-07	0.150391047024128	36.8595041322314	31.0300586510264	2.42697835705285e-05	c24
RP11-148K1.10	3.43410105183376e-06	0.00218073925646269	0.165289256198347	0.00366568914956012	0.000149746498186434	c24
SMARCD3	1.60381124278479e-14	0.116770224180053	14.2148760330579	6.59457478005865	2.81452166741619e-12	c24
AC099552.4	3.43410105183376e-06	0.00202082094537465	0.165289256198347	0.00366568914956012	0.000149746498186434	c24
CD99	1.12915322150976e-10	0.181394582276933	89.7520661157025	88.2807917888563	1.17424964955401e-08	c24
PLP2	0.000257330365784713	0.107233326025789	67.4380165289256	69.6077712609971	0.00604636634919813	c24
CXCR3	2.31251535527071e-07	0.182893095356903	58.5123966942149	53.7206744868035	1.35509378053028e-05	c24
RPL39	1.7306275971396e-05	0.0909666254079893	100	99.9450146627566	0.000631763448082574	c24
RP1-315G1.3	0.00280139700798424	0.00684835803463665	0.661157024793388	0.157624633431085	0.0397098320517548	c24
SH2D1A	2.49001668163324e-32	0.368080118063136	59.3388429752066	43.3577712609971	1.55367818649908e-29	c24
BCAP31	0.000551009613239104	0.0831421441383644	53.7190082644628	54.5014662756598	0.0111372033044261	c24
RPL10	1.31113382351352e-08	0.0994798958538947	100	99.9926686217009	9.83905190411239e-07	c24
GAB3	0.000431055632354613	0.0649882003415268	12.2314049586777	8.59237536656891	0.00918974093824389	c24
IL9R	1.19311216245306e-06	0.0656411288628765	7.93388429752066	4.07258064516129	6.01807203618166e-05	c24
EIF4EBP1	1.00068631773244e-09	0.146933502147893	22.9752066115702	15.5058651026393	9.03944364334501e-08	c24
RP11-567J20.3	0.00172423578338029	0.00157410413150303	0.165289256198347	0.0109970674486804	0.0274298397002907	c24
RPL30	6.37676617041686e-06	0.0916032417628729	100	99.9890029325513	0.000260119563372912	c24
KB-1254G8.1	6.35998564961788e-09	0.00406527057657856	0.330578512396694	0.0109970674486804	5.11439991594809e-07	c24
LINC00861	1.94166211978174e-14	0.257870749005626	52.396694214876	43.0608504398827	3.35499299815005e-12	c24
PCAT1	0.00233527729403184	0.00709977463599186	0.661157024793388	0.153958944281525	0.0345867398440038	c24
CTD-2292P10.4	0.00185269605430408	0.00409252451677882	0.330578512396694	0.0439882697947214	0.0290482740128998	c24
EEF1D	0.00284642892050403	0.0470800071178865	98.8429752066116	99.149560117302	0.0401999525609772	c24
LINC01230	3.43410105183376e-06	0.00224544293850786	0.165289256198347	0.00366568914956012	0.000149746498186434	c24
RP11-509J21.2	0.00184774543260044	0.00450024285498088	0.330578512396694	0.0439882697947214	0.0289976407107774	c24
MLLT3	0.000395050324966216	0.11285861953789	29.4214876033058	26.1620234604106	0.00858499171728578	c24
ACTL7B	1.88414345310842e-11	0.00239403767660286	0.165289256198347	0	2.10213011619322e-09	c24
AKNA	1.2817170791279e-05	0.124649669826986	45.6198347107438	42.9435483870968	0.000485237924316127	c24
STOM	5.30099176289075e-08	0.168984940933785	44.6280991735537	39.6700879765396	3.56510212492696e-06	c24
STRBP	0.00337561414576399	0.0578512445138678	10.4132231404959	7.59897360703812	0.0458520125615723	c24
MIR181A2HG	1.61509540095258e-05	0.0149791488313539	1.32231404958678	0.30791788856305	0.00059279983049778	c24
OLFML2A	0.00172278985970162	0.00181641405295726	0.165289256198347	0.0109970674486804	0.0274298397002907	c24
ARPC5L	6.87433120663626e-11	0.193463036190203	55.5371900826446	50.1319648093842	7.32986442013931e-09	c24
TTC16	3.78848043460478e-06	0.0534636339433933	6.94214876033058	3.52639296187683	0.000163234091769275	c24
RPL7A	1.10051861718466e-24	0.164187615640642	100	99.9560117302053	4.69378155536961e-22	c24
C9orf142	1.39622047934722e-05	0.105318546691418	68.099173553719	68.5007331378299	0.000522713920345836	c24
SIGIRR	8.6062834725454e-05	0.109714478411717	52.2314049586777	52.0674486803519	0.00249970055180737	c24
RPLP2	8.36682280158844e-09	0.113242358435133	100	99.9596774193548	6.54087534748773e-07	c24
KRTAP5-2	0.00172278985970162	0.00148989469463105	0.165289256198347	0.0109970674486804	0.0274298397002907	c24
CD81	0.00288657225833018	0.0791393329538143	17.0247933884298	13.900293255132	0.0406276442074774	c24
RP11-152H18.4	1.61894006299923e-06	0.00564011603990232	0.330578512396694	0.0183284457478006	7.96329437703592e-05	c24
RPL27A	3.23020928600525e-09	0.12835813457274	95.8677685950413	96.1180351906158	2.75540940968762e-07	c24
DKK3	9.90539189799999e-64	0.227483257457713	17.3553719008264	3.81598240469208	2.22501516407474e-60	c24
C11orf58	2.38551996460329e-05	0.0845904773132371	64.297520661157	67.3973607038123	0.000832281486604076	c24
NUCB2	5.47598215998726e-21	0.27488268096412	45.2892561983471	32.6319648093842	1.86371457473344e-18	c24
RP11-428C19.4	8.44884950559806e-06	0.0096909120510883	0.991735537190083	0.179618768328446	0.000334912394401907	c24
NAV2-AS1	0.000211216096962102	0.00204205009125428	0.165289256198347	0.00733137829912024	0.00514418796605328	c24
CD44	1.81714591329238e-11	0.17530610494651	84.6280991735537	84.1055718475073	2.10213011619322e-09	c24
PRR5L	8.32397306131577e-07	0.0872768809866129	14.8760330578512	9.39149560117302	4.34160910724417e-05	c24
DGKZ	0.000131470258556682	0.117453827931454	35.2066115702479	32.0454545454545	0.00353250310351582	c24
MS4A1	1.37950203396532e-11	0.108354357519378	12.7272727272727	6.2316715542522	1.7025985909314e-09	c24
TMEM109	4.02149037630423e-06	0.134785357223616	39.1735537190083	34.816715542522	0.000172172931053615	c24
RARRES3	4.52463143303287e-34	0.347165808772826	90.9090909090909	86.4992668621701	3.1112843164206e-31	c24
PLA2G16	0.000168415077397369	0.0921950532292405	23.9669421487603	19.4171554252199	0.00434500583294561	c24
FKBP2	0.00188653650684477	0.0924799941205527	35.0413223140496	33.625366568915	0.0294554963214216	c24
PPP1R14B	5.04264678894327e-17	0.260000300194128	30.5785123966942	18.874633431085	1.04880827720157e-14	c24
TRMT112	0.000447680416929585	0.0565989558231479	70.4132231404959	75.1282991202346	0.0094512180250786	c24
FAU	5.0823904697651e-20	0.136043782130738	100	99.9340175953079	1.52898271864522e-17	c24
CFL1	0.00027183433511039	0.0828623980288699	98.3471074380165	97.9508797653959	0.00632977614872803	c24
CTSW	5.35673946278238e-43	0.54681726478674	78.3471074380165	51.8035190615836	5.46939331693907e-40	c24
TBC1D10C	2.37171472427149e-06	0.116182202293527	64.1322314049587	64.574780058651	0.000111922347226335	c24
PTPRCAP	5.46923867956644e-05	0.159997710048515	78.6776859504132	77.2104105571847	0.00170946686520697	c24
GSTP1	9.66468379757172e-18	0.252601609139831	59.1735537190083	49.9596774193548	2.17094570583588e-15	c24
MYEOV	3.43989403443639e-06	0.00186933179486493	0.165289256198347	0.00366568914956012	0.000149746498186434	c24
CCND1	9.7228694474424e-06	0.0388433277444948	5.12396694214876	2.36803519061584	0.00038004914519968	c24
RPS3	3.44872354891946e-10	0.122089362387547	100	99.9926686217009	3.39769857477463e-08	c24
ME3	0.000103806207675043	0.0134356990023011	1.32231404958678	0.351906158357771	0.00290502189485289	c24
CTSC	0.000447159325369764	0.103712567707161	54.7107438016529	51.7705278592375	0.00944613561693343	c24
PDGFD	0.00180384743737915	0.0252637920500523	2.97520661157025	1.44794721407625	0.0284013250257258	c24
APOA1	5.36165891111426e-05	0.0208948349630064	2.14876033057851	0.722140762463343	0.00167895664824427	c24
CD3E	1.84399150492317e-11	0.127592205293576	99.504132231405	98.966275659824	2.10213011619322e-09	c24
CD3G	0.00244697297449108	0.0568643242536038	71.0743801652893	74.0982404692082	0.0358470901750011	c24
CXCR5	0.00022275043602657	0.0614480410240335	9.09090909090909	5.7624633431085	0.00537818502256752	c24
RPS25	2.21404420015678e-16	0.13564543173389	100	99.967008797654	4.38823560471073e-14	c24
CRTAM	1.61367145270242e-59	0.413716841223217	42.3140495867769	17.7602639296188	3.39819037045971e-56	c24
FRMD4A	9.74811389987742e-09	0.039221378293189	4.13223140495868	1.36363636363636	7.49892579320707e-07	c24
MKX	3.43989403443639e-06	0.00164657009727089	0.165289256198347	0.00366568914956012	0.000149746498186434	c24
HNRNPF	0.00221157928671387	0.0536707861089228	63.4710743801653	67.1627565982405	0.0332777072712315	c24
RP11-38L15.2	0.00172134505118635	0.00305333092266455	0.165289256198347	0.0109970674486804	0.0274298397002907	c24
UNC5B-AS1	4.35002439828374e-16	0.0156531224512102	1.32231404958678	0.106304985337243	8.32782511794161e-14	c24
SEC24C	0.0010485086853296	0.0785276400532355	17.0247933884298	13.5593841642229	0.018912447346625	c24
RPS24	8.75268991035633e-16	0.116719035609353	100	99.9633431085044	1.66617589739857e-13	c24
NUTM2E	0.000211216096962102	0.00220406530098535	0.165289256198347	0.00733137829912024	0.00514418796605328	c24
PDLIM1	1.02457736218079e-12	0.0694709129772763	7.93388429752066	2.96187683284457	1.43245268221243e-10	c24
FAM160B1	3.83305027706894e-05	0.100869689763391	19.8347107438017	15.1209677419355	0.00126277900845338	c24
RP11-501J20.5	0.00172278985970162	0.00207714606215447	0.165289256198347	0.0109970674486804	0.0274298397002907	c24
NINJ2	0.000182565481024774	0.107762834225857	21.1570247933884	16.9171554252199	0.00466719371597021	c24
CD27	2.63549876289275e-16	0.270368483167448	73.0578512396694	66.308651026393	5.19301142204143e-14	c24
KLRG1	1.31904445840174e-17	0.268724935049572	37.5206611570248	24.9193548387097	2.90482901839138e-15	c24
CLEC2B	6.49571905764712e-17	0.281523381547717	66.6115702479339	55.4508797653959	1.33455340200221e-14	c24
TAS2R9	1.88414345310842e-11	0.00225285982828892	0.165289256198347	0	2.10213011619322e-09	c24
KIAA1551	1.27311901001343e-07	0.156167441013255	69.5867768595041	66.9354838709677	7.95852911380192e-06	c24
RP11-847H18.2	0.00172423578338029	0.00177947104425267	0.165289256198347	0.0109970674486804	0.0274298397002907	c24
AC079630.4	0.00172134505118635	0.00213789107878565	0.165289256198347	0.0109970674486804	0.0274298397002907	c24
H1FNT	1.88414345310842e-11	0.00208436112523739	0.165289256198347	0	2.10213011619322e-09	c24
SMAGP	0.00041524423836765	0.0511952245974092	7.27272727272727	4.43181818181818	0.00890027949590305	c24
BIN2	0.000380045895748292	0.0922230299092286	50.4132231404959	50.3519061583578	0.00829356632859	c24
RPL41	1.53875386261171e-11	0.154523682869526	100	99.9046920821114	1.88533718715777e-09	c24
NXPH4	1.19969170909379e-07	0.0656035601078689	6.44628099173554	2.84457478005865	7.58394229759963e-06	c24
IFNG-AS1	1.04452808196255e-17	0.172647284804814	23.1404958677686	12.2690615835777	2.33075027772491e-15	c24
TPH2	0.000211453087581878	0.00220111527542832	0.165289256198347	0.00733137829912024	0.00514418796605328	c24
RP11-1060G2.2	3.43410105183376e-06	0.00211268156204092	0.165289256198347	0.00366568914956012	0.000149746498186434	c24
SELPLG	0.000495212904978363	0.0981435115885891	55.0413223140496	56.4846041055718	0.0102366279879392	c24
RPL6	3.24900556837303e-07	0.0871700842770609	99.8347107438017	99.8790322580645	1.84133875082418e-05	c24
RPLP0	2.03984735415438e-05	0.0742978045814402	99.1735537190083	99.6810850439883	0.000727308113765902	c24
FAM101A	0.00172423578338029	0.0014276120460421	0.165289256198347	0.0109970674486804	0.0274298397002907	c24
LINC00384	1.28964186856863e-13	0.0260824827127607	2.14876033057851	0.32258064516129	2.06289763878459e-11	c24
HMGB1	0.000139345088628412	0.0856061018782108	92.7272727272727	93.2881231671554	0.00371741363123177	c24
ITM2B	0.000639354621643893	0.073997685243028	93.7190082644628	94.4098240469208	0.0126103718729125	c24
CCNB1IP1	0.00316610927518611	0.0716080427487624	17.0247933884298	13.9626099706745	0.0436960504336815	c24
TRAV12-1	4.67640051613285e-06	0.101496047857046	10.0826446280992	5.75879765395894	0.000197699672510138	c24
TRDV1	1.77026454768837e-14	0.158483035438748	9.91735537190083	3.86363636363636	3.09053335076746e-12	c24
TRAJ20	0.000211216096962102	0.00172988928452058	0.165289256198347	0.00733137829912024	0.00514418796605328	c24
PSME1	1.98358983356684e-09	0.157853117038806	93.3884297520661	91.6605571847507	1.72700454398452e-07	c24
PSME2	0.00268291281838811	0.060798265077348	74.3801652892562	75.2639296187683	0.0384672614905399	c24
RP11-1103G16.1	0.00172134505118635	0.00221098246959417	0.165289256198347	0.0109970674486804	0.0274298397002907	c24
CTD-3028N15.1	3.43410105183376e-06	0.00213500276384304	0.165289256198347	0.00366568914956012	0.000149746498186434	c24
RPS29	4.76817735898584e-30	0.21374007661374	99.8347107438017	99.7287390029326	2.51029637396358e-27	c24
RPL36AL	0.00028325687236089	0.0766960326819137	98.1818181818182	97.6429618768328	0.00655948938647961	c24
RP11-1033H12.1	1.88414345310842e-11	0.00195684360782384	0.165289256198347	0	2.10213011619322e-09	c24
PTGDR	3.27587946474963e-07	0.0919409951033499	14.0495867768595	8.57771260997067	1.85197118599453e-05	c24
PRKCH	3.61218103169523e-05	0.107841175651459	54.5454545454545	55.1906158357771	0.00120226926328511	c24
RP11-355I22.5	3.43410105183376e-06	0.00302885209111868	0.165289256198347	0.00366568914956012	0.000149746498186434	c24
PPP1R36	5.25845801778288e-06	0.00525960353666832	0.495867768595041	0.0476539589442815	0.000219552025342226	c24
TC2N	2.19289242396885e-22	0.318054842614233	62.4793388429752	51.3966275659824	8.03123014491376e-20	c24
EVL	1.63209842184082e-08	0.139610880645972	89.9173553719008	89.816715542522	1.2166354917147e-06	c24
DEGS2	0.000563500888825675	0.00391653849667641	0.330578512396694	0.0366568914956012	0.0113488338004138	c24
PPP2R5C	1.15467713818752e-05	0.132435015558869	58.5123966942149	57.3643695014663	0.000442110130614661	c24
IGHJ6	3.43410105183376e-06	0.00227412495195996	0.165289256198347	0.00366568914956012	0.000149746498186434	c24
IGHV2-5	0.00172423578338029	0.00160466575285899	0.165289256198347	0.0109970674486804	0.0274298397002907	c24
CH17-224D4.1	0.000108164959139453	0.00489981850006348	0.330578512396694	0.0293255131964809	0.00301199184565681	c24
IGHV1-69	1.88414345310842e-11	0.00426537509555873	0.165289256198347	0	2.10213011619322e-09	c24
RP11-323I15.5	1.88414345310842e-11	0.00240896962458513	0.165289256198347	0	2.10213011619322e-09	c24
SPRED1	0.00170470442022426	0.0108916114567967	0.991735537190083	0.285923753665689	0.0274298397002907	c24
CAPN3	0.000158319232390775	0.0198396013122414	2.31404958677686	0.861436950146627	0.00413308646457986	c24
B2M	1.57917191148711e-19	0.108620155929233	100	100	4.36136216275793e-17	c24
CTD-3185P2.1	0.000166174325781855	0.00724456050077325	0.661157024793388	0.113636363636364	0.00430698287145677	c24
RP11-315D16.4	0.00172134505118635	0.00205819418799034	0.165289256198347	0.0109970674486804	0.0274298397002907	c24
RP11-96C21.1	0.000211216096962102	0.00196146928646995	0.165289256198347	0.00733137829912024	0.00514418796605328	c24
PSTPIP1	0.000180474703924486	0.108684382323517	47.1074380165289	46.3966275659824	0.0046242697140925	c24
IL16	7.50322615316534e-07	0.140014751201412	54.8760330578512	53.5373900293255	3.98131814180713e-05	c24
CTD-2240J17.2	3.43410105183376e-06	0.00207421030779518	0.165289256198347	0.00366568914956012	0.000149746498186434	c24
RP11-182J1.17	3.43410105183376e-06	0.00239693207621429	0.165289256198347	0.00366568914956012	0.000149746498186434	c24
IDH2	1.02122048606579e-07	0.144981409784814	47.603305785124	43.233137829912	6.51685663967818e-06	c24
MCTP2	0.000847859062689917	0.0530365928750357	9.58677685950413	6.49560117302053	0.015985885696068	c24
RP11-66B24.4	3.43989403443639e-06	0.00148880398692079	0.165289256198347	0.00366568914956012	0.000149746498186434	c24
WASIR2	1.60630646778671e-07	0.00379396831290809	0.330578512396694	0.0146627565982405	9.71685639597942e-06	c24
HBQ1	3.43410105183376e-06	0.00175625075060882	0.165289256198347	0.00366568914956012	0.000149746498186434	c24
NDUFB10	0.000228505457826487	0.0788946904690025	56.6942148760331	58.658357771261	0.00547990241708587	c24
LA16c-380H5.5	0.00172134505118635	0.00271435067584115	0.165289256198347	0.0109970674486804	0.0274298397002907	c24
IL32	0.00123100622021646	0.12290990363595	99.3388429752066	97.3973607038123	0.0214022309514827	c24
NMRAL1	0.000650397803335254	0.0926588461040479	21.9834710743802	18.508064516129	0.0127856945214585	c24
LITAF	1.08311027596923e-10	0.192929578792526	63.6363636363636	60.0219941348974	1.14402249650493e-08	c24
RPS15A	5.24188754279293e-32	0.167031150800197	100	99.9816715542522	3.15393140833688e-29	c24
ACSM5	3.43989403443639e-06	0.00187307265229666	0.165289256198347	0.00366568914956012	0.000149746498186434	c24
GGA2	0.000787547269131067	0.0924848099319166	20.9917355371901	17.3313782991202	0.0150258310793331	c24
CORO1A	6.98091452639865e-09	0.135486238986509	95.5371900826446	95.33357771261	5.57381360313924e-07	c24
SEPT1	6.16658389009976e-06	0.10328603211624	73.3884297520661	74.2558651026393	0.0002536958212369	c24
TOX3	3.43410105183376e-06	0.00223468333938123	0.165289256198347	0.00366568914956012	0.000149746498186434	c24
HERPUD1	0.00197859811400251	0.106388825187204	42.1487603305785	40.9970674486804	0.0304933658209266	c24
CTD-2600O9.1	3.43410105183376e-06	0.00239768194234889	0.165289256198347	0.00366568914956012	0.000149746498186434	c24
PSMB10	1.24104532401302e-06	0.124552768069474	68.9256198347107	67.7859237536657	6.24116136526785e-05	c24
GABARAPL2	4.64016607706381e-05	0.0825837592245026	60.3305785123967	64.1788856304985	0.00148476501235126	c24
TERF2IP	7.47482710345226e-09	0.151691043102174	63.1404958677686	61.6495601173021	5.91213202872583e-07	c24
RP11-679B19.2	1.88414345310842e-11	0.00220233575943191	0.165289256198347	0	2.10213011619322e-09	c24
PLCG2	2.00993898479872e-10	0.0638639996864459	7.76859504132231	3.18548387096774	2.05220861072145e-08	c24
COTL1	1.4280874788219e-49	0.493216107512825	93.7190082644628	86.5395894428152	2.00491581297604e-46	c24
KLHDC4	0.00119629042932228	0.0763750135001155	17.0247933884298	13.5410557184751	0.0209329571752382	c24
CYBA	4.84559614150568e-24	0.278924641238346	95.2066115702479	91.9721407624633	1.99106727307186e-21	c24
RPL13	0.000187989657140063	0.0780749524397102	100	99.9926686217009	0.00476249887795285	c24
CPNE7	0.000240395631007579	0.0951939568795896	23.801652892562	19.1019061583578	0.00571219350576119	c24
RNF167	6.01417310170026e-05	0.10396057332464	51.7355371900826	52.0014662756598	0.0018625142324328	c24
PFN1	1.30959518820693e-10	0.125946207053136	99.6694214876033	99.574780058651	1.34940367802582e-08	c24
PITPNM3	3.61458646556602e-05	0.00451428539849911	0.330578512396694	0.0256598240469208	0.00120226926328511	c24
NCOR1	0.000112533680243007	0.0984735912059127	55.2066115702479	57.0161290322581	0.00310033509575461	c24
RPL23A	1.71322329113563e-43	0.231436136298098	99.6694214876033	99.9120234604106	1.86210792166207e-40	c24
RP11-338L22.2	1.88414345310842e-11	0.00154720147124829	0.165289256198347	0	2.10213011619322e-09	c24
RP11-466A19.3	3.43410105183376e-06	0.00219135764623567	0.165289256198347	0.00366568914956012	0.000149746498186434	c24
AC015849.2	0.00265983605405311	0.0113156656179399	0.991735537190083	0.30058651026393	0.0382177040534181	c24
CCL5	7.66872030405627e-84	1.47816240316121	99.6694214876033	64.0652492668622	2.34899874477156e-80	c24
CCL4	2.01603702723198e-126	1.34275834144114	86.2809917355372	37.2287390029326	1.13213919325924e-122	c24
AC131056.3	2.78709375829643e-20	0.094767507463644	9.58677685950413	3.0241935483871	8.77648010205981e-18	c24
CCL3L3	6.45522275234885e-28	0.200317260825467	18.6776859504132	7.12609970674487	3.29548902147943e-25	c24
CCL4L2	5.9676872178364e-48	0.454348443183361	40.495867768595	17.6942815249267	7.1812590399207e-45	c24
RP1-56K13.2	0.000211453087581878	0.00237426767792716	0.165289256198347	0.00733137829912024	0.00514418796605328	c24
PPP1R1B	0.000265843685191273	0.0032812841918224	0.330578512396694	0.0329912023460411	0.00621174558171618	c24
RP5-1028K7.2	1.19958680422228e-12	0.148240725132929	21.6528925619835	12.7309384164223	1.65651138448628e-10	c24
KRTAP29-1	0.00172134505118635	0.00171651903242099	0.165289256198347	0.0109970674486804	0.0274298397002907	c24
MRPL10	5.46709227723075e-07	0.135192264703604	31.2396694214876	25.5938416422287	2.98554630776358e-05	c24
HOXB-AS3	0.00172423578338029	0.00160435591714756	0.165289256198347	0.0109970674486804	0.0274298397002907	c24
ABI3	2.06408702566444e-07	0.141021514173647	27.9338842975207	21.4369501466276	1.22261028498758e-05	c24
LIMD2	1.39136341259415e-19	0.235342016735205	93.0578512396694	91.5469208211144	3.90671656866228e-17	c24
PECAM1	5.00774236090356e-26	0.189419503740127	22.4793388429752	10.0109970674487	2.41044101583263e-23	c24
PITPNC1	3.38262586100961e-05	0.117014676235186	32.0661157024793	28.108504398827	0.00113860335425432	c24
RPL38	0.00211491080248895	0.0332971739218273	96.6942148760331	98.2807917888563	0.0321146342569159	c24
SLC9A3R1	1.67468193097966e-08	0.16209695083189	60.9917355371901	57.5146627565982	1.24562324464522e-06	c24
TSEN54	0.000242817327214562	0.104763265929984	29.0909090909091	25.5315249266862	0.0057616105796954	c24
SEPT9	4.83952469852571e-05	0.09133468015073	70.5785123966942	73.0865102639296	0.00153597314645799	c24
RNF213	0.00241514044795623	0.0732236380459059	68.4297520661157	69.4538123167155	0.035473296535936	c24
P4HB	0.000875465297677733	0.0821610435394342	48.9256198347107	48.9186217008798	0.016351401186227	c24
TBCD	5.14809519403975e-07	0.151855652012083	30.5785123966942	24.633431085044	2.82968873520351e-05	c24
MYL12B	0.000349891014132467	0.0821041236235069	91.900826446281	91.616568914956	0.00772557524913456	c24
EPB41L3	2.48916390063584e-07	0.0082837398314073	0.661157024793388	0.0659824046920821	1.44603255979352e-05	c24
PTPRM	0.000695597395185536	0.0274884803225769	3.47107438016529	1.68621700879765	0.0134775495304091	c24
GATA6-AS1	3.43410105183376e-06	0.0022560413242959	0.165289256198347	0.00366568914956012	0.000149746498186434	c24
LOXHD1	0.000211216096962102	0.00210745729441604	0.165289256198347	0.00733137829912024	0.00514418796605328	c24
RP11-706P11.2	1.88414345310842e-11	0.00215142976323689	0.165289256198347	0	2.10213011619322e-09	c24
MBP	3.10914073953604e-14	0.231606152213274	60.1652892561983	53.8673020527859	5.29087818575391e-12	c24
SIRPA	0.00172134505118635	0.00218478707794151	0.165289256198347	0.0109970674486804	0.0274298397002907	c24
RP5-1116H23.3	0.000211216096962102	0.00172782827916316	0.165289256198347	0.00733137829912024	0.00514418796605328	c24
CST7	2.87544584877284e-186	1.41528248142481	99.6694214876033	61.6239002932551	4.8442636214276e-182	c24
APMAP	1.61451422074906e-19	0.264174085066189	43.9669421487603	32.9472140762463	4.38705178660636e-17	c24
NFATC2	2.25826845673325e-15	0.246488817677514	54.5454545454545	46.4479472140762	4.20387278349005e-13	c24
ATP9A	6.33167002975816e-08	0.039360953802418	3.63636363636364	1.1950146627566	4.19134164995425e-06	c24
ATP5E	0.000139057063065433	0.0665839174000298	98.0165289256198	98.5777126099707	0.00371561354712665	c24
PSMA7	2.2600413878468e-07	0.107281515799069	76.3636363636364	78.9442815249267	1.32665216937474e-05	c24
PPDPF	1.76263389096101e-06	0.0912991493660829	94.7107438016529	95.7954545454545	8.5576637351643e-05	c24
LIME1	1.33607089995568e-07	0.156667686879437	41.9834710743802	36.1986803519062	8.28555296323884e-06	c24
GZMM	3.17859383821821e-84	0.677643966785272	80.6611570247934	58.4127565982405	1.07099540784924e-80	c24
CNN2	6.47257218318364e-06	0.121830517459368	75.702479338843	75.4215542521994	0.000263595693805857	c24
RPS15	4.43604699295011e-09	0.0931156647144205	100	99.9926686217009	3.68148195518377e-07	c24
OAZ1	1.90562141990253e-05	0.0778461498898504	94.0495867768595	95.1209677419355	0.00068671666440851	c24
TMPRSS9	1.88414345310842e-11	0.00243007454259528	0.165289256198347	0	2.10213011619322e-09	c24
MATK	1.28439908354726e-09	0.162424717836844	33.3884297520661	24.3475073313783	1.14488208256723e-07	c24
TUBB4A	1.20408874945838e-08	0.0254460463423488	2.64462809917355	0.674486803519062	9.05592998309165e-07	c24
TNFSF9	0.000456666545736573	0.0567532578299649	9.25619834710744	5.95674486803519	0.0095808982515866	c24
RPS28	2.00516945857387e-06	0.0933370243872735	100	99.9963343108504	9.58328790598412e-05	c24
MYO1F	0.00305694082044938	0.082048720124927	28.9256198347107	26.3489736070381	0.0425095187801161	c24
UBL5	1.09246808819029e-07	0.115328148723179	86.4462809917355	86.3929618768328	6.94521127612898e-06	c24
EIF3G	5.29327678398893e-08	0.110774589000924	77.0247933884298	78.5740469208211	3.56510212492696e-06	c24
S1PR5	3.44110941717077e-05	0.0368653434294211	3.96694214876033	1.7375366568915	0.00115482809464295	c24
CTC-548K16.5	3.43410105183376e-06	0.00201034661309739	0.165289256198347	0.00366568914956012	0.000149746498186434	c24
TECR	7.99846559512826e-07	0.120571719246628	59.8347107438017	59.4208211143695	4.19782398383569e-05	c24
CTC-429P9.4	0.00184692151161321	0.00389798948016253	0.330578512396694	0.0439882697947214	0.0289976407107774	c24
CTD-2027I19.3	1.88414345310842e-11	0.00230236510120974	0.165289256198347	0	2.10213011619322e-09	c24
CTB-70G10.1	1.88414345310842e-11	0.00200465827406204	0.165289256198347	0	2.10213011619322e-09	c24
AC005616.1	3.43410105183376e-06	0.00216640088988165	0.165289256198347	0.00366568914956012	0.000149746498186434	c24
HCST	4.85169599820273e-36	0.38038276278456	95.5371900826446	90.3115835777126	3.71529647644188e-33	c24
CTD-3064H18.2	3.43410105183376e-06	0.0019134083565464	0.165289256198347	0.00366568914956012	0.000149746498186434	c24
EIF3K	0.00125415023790702	0.0419331472426134	85.9504132231405	89.299853372434	0.0217149733381497	c24
RPS16	3.62444955315155e-05	0.0673254973249136	99.8347107438017	99.8423753665689	0.00120436097873657	c24
LLNLR-268E12.1	0.00172278985970162	0.00207679554443098	0.165289256198347	0.0109970674486804	0.0274298397002907	c24
CXCL17	0.000211216096962102	0.00246037844808776	0.165289256198347	0.00733137829912024	0.00514418796605328	c24
SNRPD2	0.000306031926026417	0.0544324637455214	86.6115702479339	89.7507331378299	0.00696718899698251	c24
RSPH6A	0.000211216096962102	0.0025697941783668	0.165289256198347	0.00733137829912024	0.00514418796605328	c24
CD37	6.28949309202698e-09	0.105735641349131	91.2396694214876	93.4127565982405	5.09418702506628e-07	c24
RPL13A	3.39743134834805e-19	0.169570421832867	99.504132231405	99.5381231671554	8.94320717587805e-17	c24
CTD-2568A17.1	0.0010713040398221	0.00329050816216706	0.330578512396694	0.0403225806451613	0.0192002757009393	c24
NKG7	3.92500630277533e-138	1.47876403742092	92.2314049586777	43.8233137829912	3.3062290591428e-134	c24
NDUFA3	0.000159317259974148	0.0823937417396012	61.3223140495868	64.8790322580645	0.0041516131149025	c24
RPL28	1.29598688466365e-54	0.222725843910615	100	99.9926686217009	2.18334910459284e-51	c24
AC007228.5	0.000211453087581878	0.00183940194768405	0.165289256198347	0.00733137829912024	0.00514418796605328	c24
AC003002.6	0.00172278985970162	0.00185994383757896	0.165289256198347	0.0109970674486804	0.0274298397002907	c24
PRAME	3.43410105183376e-06	0.00215765437088375	0.165289256198347	0.00366568914956012	0.000149746498186434	c24
IGLV2-14	3.59147606214356e-39	0.284382911069932	29.2561983471074	12.3570381231672	3.270572822645e-36	c24
CRYBA4	0.00172134505118635	0.00212954074257997	0.165289256198347	0.0109970674486804	0.0274298397002907	c24
MIAT	7.55172256660157e-13	0.173641612780185	25.1239669421488	15.9640762463343	1.07816839050455e-10	c24
CTA-373H7.7	0.00169068144225271	0.00955768380218064	0.991735537190083	0.285923753665689	0.0272955536728619	c24
RP1-130H16.18	3.43989403443639e-06	0.00208387154579267	0.165289256198347	0.00366568914956012	0.000149746498186434	c24
RAC2	5.08576152920017e-08	0.13110886235543	96.5289256198347	95.6744868035191	3.43406110150041e-06	c24
SUN2	0.000732448656253683	0.0876788122839398	60.9917355371901	63.4200879765396	0.0140782230597899	c24
RP3-508I15.14	3.43989403443639e-06	0.00206465195144247	0.165289256198347	0.00366568914956012	0.000149746498186434	c24
APOBEC3G	2.40711387949604e-32	0.393891725071164	67.4380165289256	50.1576246334311	1.53028858595735e-29	c24
PDGFB	0.00224321062832886	0.0253756236856168	4.13223140495868	2.26539589442815	0.0335327146898458	c24
AF131217.1	2.06997327935994e-13	0.114676605405444	13.5537190082645	6.46627565982405	3.15591310745493e-11	c24
ITGB2	4.50642086103158e-20	0.27928825369991	76.8595041322314	70.6011730205279	1.38035767719635e-17	c24
