p_val	avg_log2FC	pct.1	pct.2	p_val_adj	cluster	gene
6.85362137797776e-200	6.33214994633894	0.188	0.004	2.30925918709583e-195	c35	CXCL10
1.90175569375881e-135	3.59842753972913	0.681	0.09	6.40777563455094e-131	c35	IFIT1
1.34865645248062e-131	3.18493881646545	0.877	0.155	4.54416305098819e-127	c35	CXCL13
1.72729624695948e-125	3.3748140713381	0.942	0.219	5.81995197450529e-121	c35	IFI44L
7.02513973399469e-123	3.5033286328296	0.681	0.101	2.36705058197217e-118	c35	USP18
2.38784207814163e-119	3.31643081061737	0.906	0.212	8.04559509809042e-115	c35	OAS1
5.56626305478611e-111	3.36551503545402	0.645	0.098	1.87549667367963e-106	c35	RSAD2
1.95129405662398e-107	3.22697846005424	0.775	0.156	6.57469019438884e-103	c35	LGALS9
1.41735174131516e-104	3.08452377423183	0.725	0.128	4.77562495718729e-100	c35	OAS3
1.30091773780756e-96	3.17349319991435	0.957	0.349	4.38331222576878e-92	c35	MX1
3.03696810436708e-96	3.20541752733807	0.659	0.115	1.02327603308544e-91	c35	ETV7
4.95568768354864e-91	3.25475430376348	0.594	0.098	1.66976940809488e-86	c35	CMPK2
1.18792635255263e-88	2.76983463719146	0.935	0.344	4.00259905229085e-84	c35	EPSTI1
1.30659565831631e-88	8.03345517690503	0.029	0	4.40244341113097e-84	c35	CCDC85A
2.11466745566411e-87	3.02696955404359	0.732	0.158	7.12516052511466e-83	c35	HERC5
7.13683465330405e-85	3.06324920431382	0.964	0.414	2.40468506808427e-80	c35	ISG15
9.20713777454985e-84	3.00276896464825	0.964	0.392	3.10225300175683e-79	c35	IFI6
1.36360068066443e-82	2.80638485115139	0.754	0.177	4.59451613343073e-78	c35	IFI44
1.40975205718089e-75	2.97546992845484	0.391	0.048	4.7500185814653e-71	c35	IGFL2
1.46853997449629e-73	2.44947824079863	0.884	0.295	4.94809859006779e-69	c35	EIF2AK2
6.53160584273639e-68	2.7376902719931	0.536	0.099	2.2007592726516e-63	c35	CD200
9.97811027195099e-68	2.13270053966823	0.986	0.775	3.36202447503117e-63	c35	LY6E
2.61845599468169e-65	2.60235392226698	0.775	0.237	8.82262562848047e-61	c35	MX2
2.66939531344681e-65	2.20120768151005	0.971	0.586	8.99426056912767e-61	c35	NR3C1
4.61772662541338e-64	1.58975034842856	0.993	0.967	1.55589680916678e-59	c35	IFITM1
7.40163833576999e-63	2.13737342438536	0.964	0.583	2.49390802085434e-58	c35	BST2
1.48415038032882e-61	2.53178716802151	0.746	0.226	5.00069629147992e-57	c35	LAP3
2.51483964863359e-61	2.53643597981035	0.725	0.213	8.47350071210602e-57	c35	PLSCR1
3.48944234999979e-61	2.43073606481943	0.717	0.194	1.17573270540893e-56	c35	ODF3B
6.40820623872656e-59	2.0584434757227	0.949	0.558	2.15918101007653e-54	c35	STAT1
2.31368689524308e-58	2.32494530528358	0.848	0.344	7.79573662483205e-54	c35	IRF7
2.05786920794544e-54	2.5009172257005	0.754	0.267	6.93378450925137e-50	c35	SAMD9
7.20972184365993e-54	3.88402630130245	0.167	0.013	2.42924367800278e-49	c35	IL21-AS1
7.99112781407159e-54	2.80676219920594	0.348	0.052	2.69253060567328e-49	c35	IFIT2
1.71942395551825e-52	2.32772672723927	0.746	0.259	5.79342707572319e-48	c35	SAMD9L
2.94368551911182e-52	2.23725183837467	0.616	0.158	9.91845398809535e-48	c35	DDX58
3.36137536870606e-51	3.03221272642467	0.348	0.055	1.13258181673182e-46	c35	BHLHE40-AS1
1.01120063678268e-50	4.22445731873721	0.138	0.01	3.40713942557555e-46	c35	KIAA1217
2.83267899902931e-50	2.90019929506925	0.391	0.07	9.54442861932937e-46	c35	CHN1
1.82284248945199e-49	2.4160029783034	0.522	0.12	6.14188548395953e-45	c35	GK
8.73272883550318e-48	2.03384181432468	0.833	0.347	2.94240565383444e-43	c35	XAF1
1.60822755837092e-46	2.28192624528339	0.797	0.326	5.41876193517497e-42	c35	TYMP
2.96288130344422e-46	2.61178811546456	0.5	0.12	9.98313226382497e-42	c35	IFIH1
3.37251743700212e-46	2.261922949538	0.746	0.286	1.1363360252235e-41	c35	OASL
6.68599869974793e-46	1.41839181948314	0.746	0.238	2.25278040189307e-41	c35	TNFRSF4
1.58636594604839e-45	2.14970091838988	0.804	0.341	5.34510141861546e-41	c35	DUSP4
2.66930662393898e-45	1.93947219073457	0.754	0.268	8.99396173869999e-41	c35	PDCD1
2.80386305883845e-45	3.01576727360259	0.355	0.063	9.44733619045028e-41	c35	GADD45G
3.30855884558957e-45	7.60224730022409	0.014	0	1.11478581743295e-40	c35	AMOTL2
1.85085081773858e-42	2.47875794369806	0.507	0.133	6.23625674528836e-38	c35	SPATS2L
1.56935464869819e-41	2.08180330132135	0.732	0.297	5.28778355332369e-37	c35	IFI35
1.64971770008956e-41	2.43147046260728	0.529	0.145	5.55855881868176e-37	c35	HSH2D
1.91013487185849e-41	2.46333189924625	0.362	0.07	6.43600843723999e-37	c35	ZC2HC1A
4.91347650121398e-40	2.74257166669174	0.681	0.268	1.65554677231904e-35	c35	TNFSF10
1.522223590359e-39	2.46364116379039	0.464	0.115	5.12898016535561e-35	c35	TNFSF13B
1.58844481420958e-39	1.98802943196353	0.71	0.265	5.35210595699777e-35	c35	ICOS
3.48884043022266e-39	2.94071883653428	0.232	0.032	1.17552989455922e-34	c35	LHFP
4.4606732328528e-39	2.37623916904617	0.493	0.133	1.50297923907742e-34	c35	IFIT5
4.84547293238845e-39	2.06112630111513	0.522	0.138	1.63263364983896e-34	c35	HELZ2
3.40309119323961e-38	2.1366794344238	0.413	0.094	1.14663754665015e-33	c35	NMB
1.17475817888416e-37	2.07924001839276	0.5	0.132	3.9582302079323e-33	c35	LTA
1.42055287117142e-37	2.30201913707605	0.471	0.123	4.78641084412499e-33	c35	CCDC50
2.26885764797695e-37	2.54270102765439	0.435	0.107	7.64468895909355e-33	c35	PNPT1
7.32466129117095e-37	2.09663159927289	0.63	0.225	2.46797137544714e-32	c35	PARP9
2.91432134726958e-36	2.03176031943185	0.507	0.142	9.81951434749013e-32	c35	TOX2
3.73323595986698e-36	2.03087927315934	0.623	0.221	1.25787652431758e-31	c35	OAS2
4.18291937088869e-35	2.02021765173233	0.529	0.157	1.40939285282724e-30	c35	DDX60
1.52086193144578e-34	1.46620874315707	0.884	0.588	5.12439219181341e-30	c35	UBE2L6
1.60270965151128e-34	1.46828330256001	0.928	0.734	5.40016989980212e-30	c35	ISG20
3.92020808456796e-34	2.25925010318321	0.507	0.152	1.32087491201433e-29	c35	IGFBP4
7.74085314168067e-34	1.4355770941314	0.587	0.18	2.60820305755789e-29	c35	TNFRSF18
1.73521777403111e-33	1.62680283017466	0.848	0.465	5.84664276782041e-29	c35	C19orf66
2.15594251816377e-33	1.33334219193814	0.928	0.639	7.26423272070102e-29	c35	SP100
4.84555624507387e-33	3.16265305126087	0.225	0.035	1.63266172121519e-28	c35	UNQ6494
5.95542536614468e-33	1.83040184756588	0.71	0.308	2.00662102286879e-28	c35	SP110
1.72268341505649e-32	2.31278289187847	0.377	0.09	5.80440949869135e-28	c35	CYSLTR1
1.36177218270514e-31	2.62080804827744	0.275	0.053	4.58835519240668e-27	c35	PDE7B
3.96422718946417e-31	1.87027730764109	0.587	0.212	1.33570670921806e-26	c35	NCF4
4.66118793415964e-31	3.38482102066157	0.159	0.02	1.57054066253575e-26	c35	CHRNA6
4.72910481555139e-31	2.34000382770362	0.29	0.058	1.59342457655189e-26	c35	CPM
8.21150315671389e-31	2.1646493763793	0.42	0.115	2.76678387362318e-26	c35	AD000671.6
1.02665669998903e-30	2.49850555777029	0.283	0.056	3.45921708494303e-26	c35	AKAP2
1.43752527455174e-30	1.35548922652879	0.812	0.394	4.84359766007463e-26	c35	RNASEK
3.16904094616271e-30	2.851759900586	0.217	0.035	1.06777665640006e-25	c35	IL21
5.62338518621444e-30	2.67417880600495	0.442	0.13	1.89474340464309e-25	c35	CTSL
1.17749847260749e-29	1.88962497372249	0.601	0.23	3.96746335360368e-25	c35	ZNFX1
1.47868036517904e-29	3.76860550036843	0.094	0.008	4.98226562243425e-25	c35	TREX1
7.49468541494949e-29	2.64718698418702	0.304	0.068	2.52525930371308e-24	c35	IRF5
1.21143084512784e-28	1.21079204803742	0.899	0.676	4.08179508957373e-24	c35	DRAP1
1.94993790430222e-28	2.84988704736467	0.196	0.031	6.57012077475591e-24	c35	CXorf21
2.12322637814388e-28	5.18831344695845	0.029	0.001	7.153998958518e-24	c35	IGHV3-66
2.15332235160726e-28	2.33649330733563	0.362	0.091	7.25540433150552e-24	c35	AHI1
2.52546385452039e-28	1.7383453061178	0.63	0.247	8.509297911421e-24	c35	TOX
3.3082085049961e-28	1.43947612785354	0.775	0.373	1.11466777367339e-23	c35	RBPJ
8.03510555163334e-28	2.07453762315065	0.457	0.141	2.70734846456734e-23	c35	DDX60L
1.15954371227454e-27	0.967328257335885	0.971	0.893	3.90696658413782e-23	c35	CD2
3.49273277929068e-27	1.85519914625093	0.558	0.211	1.1768413826542e-22	c35	SQRDL
5.88842777979402e-27	1.39093132112873	0.819	0.56	1.9840468561238e-22	c35	IFI16
7.40613988114132e-27	1.32164302372704	0.935	0.666	2.49542477155176e-22	c35	RGS1
8.00266506375316e-27	4.04196117034512	0.101	0.01	2.69641796658099e-22	c35	NTRK2
1.21277811763783e-26	1.93816908497075	0.514	0.183	4.0863345895689e-22	c35	DTX3L
2.72620753851179e-26	0.8321166776146	1	0.991	9.18568368026162e-22	c35	AC090498.1
2.9867370625962e-26	4.34148775254419	0.109	0.011	1.00635118587116e-21	c35	G0S2
4.9809513956466e-26	2.24131927958794	0.297	0.07	1.67828176324916e-21	c35	GEM
6.05742557261335e-26	2.10831116726863	0.37	0.102	2.04098897243634e-21	c35	HERC6
9.43242220159601e-26	4.37460737907053	0.065	0.004	3.17816033660576e-21	c35	PTHLH
1.13011155205553e-25	2.08215812229427	0.413	0.129	3.80779786349591e-21	c35	RTP4
2.39747584031073e-25	1.29634784417705	0.848	0.549	8.07805509634296e-21	c35	CD164
2.90162847752839e-25	1.68689184389832	0.565	0.218	9.77674699218415e-21	c35	TMBIM4
5.67661963893139e-25	1.81169996364238	0.565	0.234	1.91268022114154e-20	c35	NMI
1.14140237105831e-24	1.4795262187801	0.703	0.348	3.84584114904387e-20	c35	CHMP5
1.35742050051197e-24	2.10731018089206	0.377	0.109	4.57369263442502e-20	c35	CNP
1.47688854558689e-24	0.99885823731225	0.957	0.663	4.97622826550046e-20	c35	CRIP1
2.04963284861473e-24	1.50729706282053	0.667	0.293	6.90603292012248e-20	c35	CD4
3.81141141414727e-24	1.64331242257874	0.58	0.231	1.28421696188278e-19	c35	IGFLR1
3.92085969380198e-24	1.21914240659417	0.819	0.45	1.32109446522964e-19	c35	TIGIT
4.71302002886056e-24	2.39343966978624	0.239	0.05	1.58800496852428e-19	c35	U2AF1L5
8.86152346399705e-24	1.45912711212591	0.638	0.274	2.98580171595917e-19	c35	CSNK2B
1.07856343906882e-23	6.09426686070902	0.029	0.001	3.63411165159848e-19	c35	CTB-114C7.4
1.22743952471617e-23	3.09228670559976	0.123	0.016	4.13573473457866e-19	c35	SMAD1
1.38033192681661e-23	3.3489922288796	0.145	0.021	4.65089039421587e-19	c35	CD109
1.64529141716294e-23	1.44252316322271	0.783	0.476	5.54364490098882e-19	c35	PPP1CC
1.71984855819859e-23	3.46003633924009	0.109	0.013	5.79485773199432e-19	c35	CLEC7A
1.72323386141619e-23	0.60503789352453	1	0.988	5.80626417265569e-19	c35	RPL26
3.87825295847497e-23	2.21414343390382	0.326	0.089	1.30673855182856e-18	c35	DAPP1
6.8867477474805e-23	2.31106779428542	0.232	0.049	2.32042078603608e-18	c35	NRIP1
1.60178170051845e-22	2.5067397050542	0.384	0.126	5.39704326172686e-18	c35	PGM2L1
2.0561716699184e-22	0.877641707942756	0.971	0.798	6.92806482462306e-18	c35	RPS10
3.54733829402586e-22	1.40480119241062	0.79	0.513	1.19524016478907e-17	c35	TRIM22
3.81338629325543e-22	1.76895769148394	0.543	0.23	1.28488237764948e-17	c35	PARP10
4.93445244725065e-22	0.788078141894491	0.971	0.865	1.66261440757663e-17	c35	PSMB9
7.65238161228115e-22	0.674662579757452	1	0.982	2.57839346044201e-17	c35	GAPDH
8.79037366699131e-22	1.94073774742365	0.478	0.181	2.96182850335605e-17	c35	TRAFD1
1.21363198098908e-21	1.1651715524799	0.609	0.246	4.08921159674459e-17	c35	KLRB1
1.42746274480686e-21	0.922718161829982	0.971	0.873	4.80969297235222e-17	c35	IFITM2
2.73437858045905e-21	1.51063019872662	0.616	0.287	9.21321518899873e-17	c35	LIMS1
3.36382152548885e-21	1.17839896860918	0.833	0.569	1.13340602479821e-16	c35	TAP1
3.86473011253385e-21	0.314602189953741	1	1	1.30218216411716e-16	c35	B2M
4.84797060515627e-21	1.98991700809956	0.391	0.131	1.63347521570135e-16	c35	AC104820.2
5.79991666034286e-21	2.09213926822771	0.283	0.075	1.95422391953592e-16	c35	IFIT3
7.57820316737451e-21	1.77648470729325	0.435	0.156	2.55339977521517e-16	c35	BTLA
8.3468738504592e-21	3.16049764532018	0.138	0.021	2.81239567517372e-16	c35	PPARG
9.86648471954819e-21	1.77802109854955	0.464	0.174	3.32441336140457e-16	c35	ETV6
1.10703761272842e-20	0.66421009139057	0.986	0.931	3.73005253232715e-16	c35	UBC
1.15664700247672e-20	0.981324096747953	0.906	0.668	3.89720641014506e-16	c35	ARPC1B
1.53140068441681e-20	1.27597287368483	0.877	0.671	5.159901466074e-16	c35	MT2A
1.8533730371564e-20	2.65836624220914	0.167	0.03	6.24475511139477e-16	c35	TRIM34
1.89949380475491e-20	1.76174052032515	0.435	0.153	6.4001544257412e-16	c35	PARP12
2.40831521261236e-20	1.70632889648987	0.507	0.201	8.11457727737608e-16	c35	BHLHE40
3.31363337552466e-20	1.27076360223174	0.913	0.758	1.11649562954928e-15	c35	ZFP36L1
3.79188596770581e-20	1.14921120703004	0.87	0.664	1.27763805795879e-15	c35	ITM2A
4.42796971905467e-20	2.14858339213511	0.188	0.038	1.49196011713828e-15	c35	GNG4
9.26101656175908e-20	1.69800934080382	0.428	0.153	3.12040692031911e-15	c35	RP11-25K19.1
1.16837224633657e-19	1.56318661626336	0.565	0.255	3.93671344680643e-15	c35	TNFRSF25
1.81194817412083e-19	1.84593739934944	0.333	0.102	6.10517817788273e-15	c35	SPSB1
1.85490168519806e-19	1.75251457125107	0.551	0.265	6.24990573810634e-15	c35	NT5C3A
2.07956752338207e-19	0.755254913504471	0.957	0.872	7.00689481328355e-15	c35	RPL17
2.95688733225079e-19	2.31624726565052	0.275	0.076	9.96293617728582e-15	c35	SARDH
3.15890639358819e-19	2.60630976207964	0.145	0.025	1.0643619202556e-14	c35	H1F0
3.22722544418889e-19	1.77876482768837	0.565	0.264	1.087381341165e-14	c35	CREM
4.10584532927882e-19	1.7971942322137	0.37	0.123	1.3834235252472e-14	c35	BISPR
4.33020353701317e-19	2.20290784180122	0.275	0.077	1.45901877976122e-14	c35	NAB1
5.3681159455103e-19	1.01228291070972	0.841	0.548	1.80873298668024e-14	c35	CD82
5.40526954745985e-19	1.37855838337944	0.746	0.49	1.82125152132112e-14	c35	ADAR
9.8501617804183e-19	0.460855848746559	1	0.999	3.31891351029414e-14	c35	HLA-B
1.54763181645921e-18	5.15089323173177	0.022	0.001	5.21459064237765e-14	c35	RP11-667K14.5
2.31742160038168e-18	4.19452691902329	0.036	0.002	7.80832034032605e-14	c35	TNS2
2.53337500866328e-18	1.79869017075214	0.449	0.185	8.53595375419005e-14	c35	PML
5.61824888635755e-18	1.72901342971597	0.464	0.194	1.89301277976931e-13	c35	ZBP1
7.0267072738321e-18	1.64179095003352	0.399	0.143	2.36757874884499e-13	c35	NDUFC2
7.07810649252394e-18	0.858404546550152	0.862	0.673	2.38489720159102e-13	c35	PKM
7.99030682333436e-18	1.49264943897957	0.428	0.163	2.69225398105428e-13	c35	MT1E
9.29261605146163e-18	1.49556958948385	0.486	0.199	3.13105405237948e-13	c35	NCOA7
1.33173483221667e-17	2.100356257767	0.254	0.07	4.48714734367085e-13	c35	CTSH
1.62460737017693e-17	1.11671498894232	0.87	0.666	5.47395207307415e-13	c35	SAT1
3.23554231611455e-17	0.953699339926893	0.87	0.652	1.09018362799164e-12	c35	CORO1B
3.53835742640626e-17	1.19556304218142	0.645	0.34	1.19221415125333e-12	c35	ECH1
4.51344101859805e-17	1.78833950662083	0.341	0.116	1.52075881680643e-12	c35	TSHZ2
4.81069367757886e-17	2.76517684301491	0.116	0.019	1.62091512772342e-12	c35	BBS12
5.65853225473511e-17	1.48552167497082	0.486	0.205	1.90658585791045e-12	c35	ARPC4
5.79555294716836e-17	2.74069125285179	0.145	0.027	1.95275361001891e-12	c35	RP11-121P12.1
6.20315233294631e-17	5.31064425472765	0.014	0	2.09009014706293e-12	c35	DSP
6.91122976310341e-17	1.90530766514795	0.435	0.17	2.32866975638006e-12	c35	MAF
8.34293673465551e-17	1.89461830029967	0.275	0.081	2.81106910337483e-12	c35	LINC01281
1.15409364470489e-16	1.85895258045514	0.225	0.059	3.88860312646865e-12	c35	ZBED2
1.49881789625533e-16	1.92152074516128	0.348	0.124	5.05011701964271e-12	c35	STAT2
1.72223834325983e-16	1.38166423442112	0.543	0.256	5.80290987377968e-12	c35	GRINA
1.76007188840977e-16	3.7392121101744	0.072	0.008	5.93038622080787e-12	c35	LIF
1.90227262099388e-16	2.14071685111413	0.21	0.053	6.40951736917678e-12	c35	UNC93B1
3.09579074408078e-16	1.59983997827385	0.341	0.117	1.04309573331058e-11	c35	METTL8
3.3588567762462e-16	1.24476488630188	0.638	0.359	1.1317332021884e-11	c35	CTSB
4.97194274492067e-16	1.68692658289956	0.399	0.157	1.67524638847357e-11	c35	TRIM21
5.00114354092868e-16	0.859304896777923	0.797	0.488	1.68508530468051e-11	c35	EEF1G
5.6453858674498e-16	2.30212543887763	0.261	0.079	1.90215631417854e-11	c35	CD38
5.66765886202822e-16	2.62727928328688	0.145	0.029	1.90966097697179e-11	c35	POU2AF1
6.78656248675883e-16	1.3118451661132	0.638	0.353	2.28666436428852e-11	c35	PHF11
1.04350051110498e-15	2.63444723985751	0.13	0.024	3.51597062211711e-11	c35	BRCA2
1.27113907934714e-15	1.58459999564604	0.319	0.106	4.28297601395224e-11	c35	ST8SIA1
1.39720777488275e-15	6.23229260290253	0.014	0	4.70775187668994e-11	c35	CAMKV
1.42761447789705e-15	5.03580626464613	0.014	0	4.81020422182633e-11	c35	TRIM45
1.44478776615411e-15	4.78648354682575	0.014	0	4.86806789927966e-11	c35	RP11-616K22.2
1.51351514196518e-15	2.50809488397074	0.123	0.022	5.09963791933749e-11	c35	ZG16B
1.73593774013789e-15	1.19376495738274	0.587	0.281	5.84906862162061e-11	c35	CTLA4
1.85357122401684e-15	2.06034225326323	0.167	0.037	6.24542288220233e-11	c35	EBI3
2.24427907176462e-15	2.77050647012346	0.101	0.016	7.5618739044037e-11	c35	PLAT
2.53891128898264e-15	2.59721404547565	0.152	0.032	8.55460769709809e-11	c35	SEC14L2
2.80387957642991e-15	1.08015613334417	0.696	0.428	9.44739184482293e-11	c35	NAPA
2.98516844657445e-15	1.2341220964964	0.572	0.286	1.00582265638879e-10	c35	ARL6IP1
4.19959472501666e-15	1.00441858764908	0.826	0.615	1.41501144664711e-10	c35	ALOX5AP
5.01175083897069e-15	1.0429603591845	0.725	0.481	1.68865932768278e-10	c35	DNAJA1
8.60145041543874e-15	0.946272579042733	0.855	0.675	2.89817270297793e-10	c35	CD247
1.00165579774026e-14	1.85697184115699	0.217	0.06	3.37497904490605e-10	c35	SRGAP2C
1.05060914617058e-14	0.913124854461181	0.804	0.632	3.53992245710715e-10	c35	PGAM1
1.05828225374539e-14	1.05258519726669	0.717	0.436	3.5657762257697e-10	c35	SH2D1A
1.24018674882787e-14	1.58171359183461	0.413	0.172	4.17868523150063e-10	c35	TMEM140
1.30684880462863e-14	1.10105519442596	0.638	0.364	4.4032963623157e-10	c35	NDUFA13
1.35964745159908e-14	1.71667497009998	0.268	0.085	4.58119612341793e-10	c35	PI4K2B
1.40616334364544e-14	1.80859280003444	0.304	0.104	4.73792677007895e-10	c35	ADAM19
1.49577759357458e-14	2.85060964759661	0.13	0.026	5.03987302379021e-10	c35	TNFSF4
1.57561831976392e-14	1.01350367623673	0.768	0.482	5.30888836661254e-10	c35	SNX6
1.96790394247045e-14	6.23803108158515	0.014	0	6.63065554375992e-10	c35	RP11-16P6.1
2.23462717450799e-14	1.56946691805114	0.37	0.143	7.52935280178723e-10	c35	NPDC1
2.66181518386267e-14	1.60904063417325	0.355	0.135	8.96872008050688e-10	c35	UBA7
2.72459422758835e-14	1.52977276765316	0.319	0.111	9.18024779043618e-10	c35	MBOAT7
2.82558078787172e-14	0.843687550991005	0.884	0.683	9.52051190665497e-10	c35	LCP2
3.20783722583969e-14	0.847893082208005	0.746	0.436	1.08084867487443e-09	c35	BATF
3.50194157534192e-14	2.5145660012846	0.116	0.021	1.17994419439571e-09	c35	NEK3
3.59073234637222e-14	0.995673092095798	0.739	0.467	1.20986135678665e-09	c35	DNPH1
3.73808991417054e-14	3.94665902347424	0.029	0.002	1.25951201568062e-09	c35	PTGR1
4.1438871935349e-14	1.09152693286106	0.601	0.308	1.39624135098965e-09	c35	RAB5C
4.4267044088639e-14	3.29632688155265	0.051	0.005	1.4915337835226e-09	c35	LINC01501
4.48270429456528e-14	0.877996203279843	0.891	0.7	1.51040238501082e-09	c35	SPOCK2
5.02723477090606e-14	1.43583787527859	0.493	0.243	1.69387648370909e-09	c35	MTHFD2
5.42688999567171e-14	0.741468421927088	0.855	0.703	1.82853631514162e-09	c35	PSMB8
5.55524769057015e-14	0.983185244072886	0.739	0.459	1.87178515686071e-09	c35	CHURC1
7.54747001864102e-14	2.06141517563426	0.196	0.053	2.54304454808091e-09	c35	SRGAP2
8.25146033683358e-14	1.27155556564755	0.442	0.192	2.78024704589271e-09	c35	TRIM14
8.5037209695001e-14	1.11195112601287	0.514	0.239	2.86524374346336e-09	c35	UBE2V1
1.01676917006729e-13	1.62134204823767	0.37	0.148	3.42590204162472e-09	c35	RHOC
1.11023867692247e-13	5.09232554483139	0.022	0.001	3.74083819802258e-09	c35	RP11-159H10.3
1.38784594335017e-13	0.586193497612538	0.978	0.907	4.67620812152407e-09	c35	DDX5
1.45407856133218e-13	1.30796240866277	0.522	0.263	4.89937230455266e-09	c35	ORMDL3
1.52045006679118e-13	2.39167362157685	0.181	0.048	5.12300445504621e-09	c35	GNA15
1.53678735532535e-13	1.93210424110408	0.174	0.044	5.17805131503323e-09	c35	PTPN13
1.57277890657256e-13	3.24380736597401	0.065	0.008	5.29932124780558e-09	c35	BCL2L14
1.68445031330639e-13	1.59731046601357	0.362	0.147	5.67558688565454e-09	c35	RAB11FIP1
1.84353311114879e-13	1.41958180264492	0.457	0.213	6.21160046470475e-09	c35	MYD88
2.15828795793187e-13	2.10485169981637	0.188	0.051	7.27213544545565e-09	c35	HACD1
3.3731691294003e-13	0.536961767280274	0.978	0.946	1.13655560646014e-08	c35	PTPRC
3.92061894218337e-13	0.668699838387222	0.935	0.795	1.32101334637926e-08	c35	S100A11
3.98496725963107e-13	2.73389041455851	0.072	0.01	1.34269486846009e-08	c35	MDK
4.12907659043433e-13	1.16558268183593	0.674	0.426	1.39125106638094e-08	c35	SAMSN1
4.24745657831116e-13	0.604731199777341	0.913	0.827	1.43113801949616e-08	c35	TMBIM6
4.7077890917255e-13	1.56398176328692	0.348	0.137	1.58624245656599e-08	c35	WDFY1
5.99647095156915e-13	0.877268753687248	0.862	0.733	2.02045092242171e-08	c35	TPI1
7.29054539967747e-13	2.99682888750987	0.065	0.008	2.45647636696733e-08	c35	AP001610.5
7.78216281231445e-13	2.64644530282517	0.101	0.018	2.62212193798123e-08	c35	TMEM244
7.83756064317516e-13	1.79196308420353	0.196	0.055	2.64078768311144e-08	c35	DHX58
8.37859739559387e-13	3.12942347448899	0.08	0.012	2.8230846064714e-08	c35	TMCC2
8.43429099085958e-13	2.49553311416962	0.094	0.016	2.84185000646023e-08	c35	NR5A2
9.65644907394019e-13	1.84384000510387	0.268	0.094	3.25364395097341e-08	c35	PRR5L
1.36994953935201e-12	5.32815030431172	0.014	0	4.61590797789268e-08	c35	AF127936.5
1.42983609838748e-12	1.15872041911329	0.609	0.362	4.81768974990679e-08	c35	CNIH1
1.59819945636189e-12	1.09001184389764	0.652	0.397	5.38497324826574e-08	c35	STOM
1.71348125735878e-12	2.47251270780461	0.13	0.029	5.77340374854466e-08	c35	RMI2
1.81052122565278e-12	1.28673954674664	0.565	0.32	6.10037021771448e-08	c35	SP140
2.16260994017826e-12	3.97831843594731	0.029	0.002	7.28669793243662e-08	c35	RP11-252E2.1
2.53396045087014e-12	1.15056116630076	0.514	0.259	8.53792634316186e-08	c35	NUB1
2.60918660789361e-12	1.91213647151526	0.275	0.101	8.79139335663671e-08	c35	MOV10
2.88538534665683e-12	3.01757181689675	0.072	0.011	9.72201738702553e-08	c35	AC006129.1
2.9514580859302e-12	1.33182091211731	0.543	0.288	9.9446428747332e-08	c35	ELMO1
2.97596141025885e-12	0.9687015890082	0.732	0.524	1.00272043757262e-07	c35	SLFN5
3.06221566852294e-12	1.98404994728962	0.167	0.044	1.03178294735212e-07	c35	RNASEK-C17orf49
3.09190304055693e-12	0.699076418891997	0.899	0.778	1.04178581048525e-07	c35	ARL6IP5
3.22089976659092e-12	2.40649460409561	0.087	0.015	1.08524996735515e-07	c35	GCNT2
3.27020407596182e-12	1.7285193585552	0.225	0.072	1.10186256135458e-07	c35	CD83
3.7340312384264e-12	0.645486123886921	0.906	0.774	1.25814448547539e-07	c35	HNRNPK
3.82084996968828e-12	2.05497629115062	0.188	0.054	1.28739718878677e-07	c35	FGL2
4.28676635475203e-12	4.68996501728078	0.022	0.001	1.44438305557015e-07	c35	TNFAIP6
4.77578145530758e-12	1.66900452416479	0.246	0.084	1.60915180355133e-07	c35	PSMA2
5.01547970473963e-12	1.26528638369078	0.587	0.327	1.68991573171497e-07	c35	GBP1
6.82641990064324e-12	1.41038482080373	0.42	0.198	2.30009392132273e-07	c35	NDFIP2
7.4224304913104e-12	1.39365266466221	0.391	0.171	2.50091372974213e-07	c35	SARNP
7.64698955535884e-12	5.19826663035608	0.014	0.001	2.57657666078261e-07	c35	ARHGEF26
7.86179938076919e-12	0.353286087827739	1	0.996	2.64895468335637e-07	c35	HLA-A
9.63568802847225e-12	4.33976855352482	0.022	0.001	3.24664872431344e-07	c35	SYCE3
1.05021526558286e-11	1.65028915748366	0.268	0.097	3.53859531585488e-07	c35	FHL3
1.13246869156524e-11	2.52379911017074	0.109	0.022	3.81574000935992e-07	c35	TIAM2
1.22197136753373e-11	1.34849738741202	0.449	0.227	4.11731032576815e-07	c35	GBP4
1.29015796850981e-11	1.97001160995965	0.138	0.033	4.34705825909696e-07	c35	PGAP1
1.30014787037746e-11	1.24866172187222	0.471	0.24	4.3807182344498e-07	c35	YIPF5
1.31006548423961e-11	3.39269132607709	0.051	0.006	4.41413464259696e-07	c35	EGOT
1.63999463197556e-11	1.66744894358265	0.188	0.055	5.52579791297845e-07	c35	TBXAS1
2.20871431219257e-11	1.06599238875912	0.717	0.477	7.44204200350165e-07	c35	SH2D2A
2.44620305060007e-11	0.621684233453243	0.899	0.752	8.24223655869188e-07	c35	PSME2
3.19231223286320e-11	1.5367623521088	0.312	0.127	1.07561768374093e-06	c35	BLVRA
3.60111600200736e-11	1.16774336577612	0.457	0.232	1.21336002571636e-06	c35	SOCS3
4.04376927908002e-11	1.41426432220335	0.341	0.145	1.36250762089322e-06	c35	STAM
4.42083050028641e-11	1.65889086403115	0.29	0.115	1.4895546287665e-06	c35	LGALS3BP
4.88641831385432e-11	1.52666656155249	0.261	0.096	1.64642978667008e-06	c35	SMCO4
4.90383184611614e-11	1.26298516052481	0.406	0.189	1.65229710223037e-06	c35	CHMP4A
4.93648793132394e-11	0.78679204307894	0.739	0.54	1.66330024358029e-06	c35	MAT2B
5.17445788596088e-11	2.18882123172114	0.167	0.048	1.74348184009566e-06	c35	NOTCH2NL
5.31792866328744e-11	2.7379623744969	0.072	0.012	1.79182288380807e-06	c35	MTUS1
5.70165586607414e-11	0.557642930277369	0.899	0.754	1.92111592751502e-06	c35	ARF1
5.80601466282377e-11	1.59955142360543	0.283	0.111	1.95627858049184e-06	c35	FUT8
6.23658368559613e-11	1.38342711448088	0.355	0.157	2.10135450702476e-06	c35	SLC9A9
6.74042924558306e-11	1.45834475894364	0.471	0.261	2.27112023000676e-06	c35	RGS2
7.16008814518561e-11	1.19418856135736	0.464	0.235	2.41252009963884e-06	c35	MOB4
8.20384468717543e-11	1.45515441544535	0.275	0.105	2.76420342889689e-06	c35	SPTLC2
8.42756714923458e-11	1.23237207504896	0.572	0.356	2.8395844752631e-06	c35	TANK
8.49564073537741e-11	1.77867158707667	0.196	0.062	2.86252118937807e-06	c35	COPG2
9.17307059384782e-11	1.73815209186015	0.21	0.07	3.09077440589108e-06	c35	NFKBIE
1.08584171292227e-10	1.77565163714459	0.225	0.079	3.65863506752031e-06	c35	CSNK1E
1.10011544547428e-10	1.36861442677082	0.377	0.169	3.70672898198102e-06	c35	EED
1.13431331249974e-10	3.24443344330003	0.051	0.006	3.82195527513664e-06	c35	KLF4
1.20842884843173e-10	1.63689340258358	0.246	0.091	4.07168016190587e-06	c35	EMC9
1.35114748173767e-10	0.818090104270455	0.696	0.509	4.55255632496691e-06	c35	DYNLL1
1.36244888109962e-10	4.85611702801861	0.014	0.001	4.59063525997705e-06	c35	TCERG1L
1.3705797393851e-10	0.510312266969937	0.949	0.899	4.61803137388416e-06	c35	ALDOA
1.45549525312216e-10	1.31809842403303	0.442	0.229	4.90414570586982e-06	c35	SS18
1.52713467592807e-10	1.31413636465145	0.319	0.133	5.14552757707203e-06	c35	APOBEC3H
1.56260251936236e-10	0.880094140328727	0.667	0.444	5.26503292873953e-06	c35	SERPINB1
1.57661663998282e-10	1.28667873546712	0.37	0.171	5.31225210675811e-06	c35	STXBP2
1.81662552100724e-10	1.24359521081217	0.493	0.275	6.12093803048178e-06	c35	SIAH2
2.39216317889389e-10	1.010394913317	0.638	0.39	8.06015461496509e-06	c35	VOPP1
2.40850036317656e-10	1.18516455390513	0.391	0.188	8.11520112368711e-06	c35	B3GNT2
2.53053097034313e-10	2.12047757252314	0.087	0.017	8.52637105147415e-06	c35	DLGAP1
2.66038777641015e-10	1.71208645859226	0.225	0.079	8.96391057383636e-06	c35	COMMD3
2.81153102826096e-10	1.39800844807289	0.399	0.192	9.47317264662247e-06	c35	PARP14
3.02517257744977e-10	2.15642399347206	0.145	0.04	1.01930164824593e-05	c35	TMEM200A
3.07617483832822e-10	2.76370234718479	0.072	0.012	1.03648635002631e-05	c35	XXbac-BPG246D15.9
3.27379761847714e-10	0.882018826408397	0.652	0.422	1.10307336956969e-05	c35	PRKAR1A
3.30064482416609e-10	1.02990660517378	0.551	0.319	1.11211926705452e-05	c35	MVP
3.37164233161658e-10	1.11381241868384	0.616	0.413	1.13604116721489e-05	c35	C17orf62
3.40770047334671e-10	0.764072221445101	0.812	0.598	1.14819059748944e-05	c35	TMEM50A
3.42160536169266e-10	1.5302189202969	0.196	0.063	1.15287571056872e-05	c35	TRIM25
3.49488575626287e-10	2.13064495717482	0.101	0.022	1.17756680671521e-05	c35	CPA5
3.54549889177962e-10	1.58784510646376	0.225	0.079	1.19462039659622e-05	c35	EDARADD
3.66952829162686e-10	1.08474808601722	0.565	0.329	1.23641086258075e-05	c35	HNRNPLL
3.719883075125e-10	0.943671834369731	0.406	0.191	1.25337740333262e-05	c35	FABP5
4.00999148759652e-10	2.16410809985791	0.138	0.037	1.35112653183077e-05	c35	C9orf64
4.2357230449368e-10	2.42418844158047	0.101	0.022	1.42718452276101e-05	c35	FZD3
4.35631102592975e-10	1.6990555010213	0.217	0.077	1.46781543707677e-05	c35	YEATS2
4.48192544284764e-10	5.36925449490814	0.014	0.001	1.51013995871308e-05	c35	INSRR
4.48864712613514e-10	5.31839164801578	0.014	0.001	1.51240476267997e-05	c35	GS1-600G8.5
4.529184335462e-10	5.12829723985391	0.014	0.001	1.52606336999057e-05	c35	TUBA8
4.60691281205099e-10	1.87215488287098	0.174	0.054	1.55225320289246e-05	c35	NCDN
4.71543710730735e-10	0.788452013093617	0.725	0.496	1.58881937893614e-05	c35	CARD16
4.83484509720643e-10	1.26818879561105	0.304	0.127	1.62905270705273e-05	c35	N4BP1
5.01428890937005e-10	1.44974016604762	0.275	0.109	1.68951450512314e-05	c35	LY96
5.16762001404313e-10	1.83918168751206	0.217	0.077	1.74117788753169e-05	c35	CD200R1
5.9230981678188e-10	0.614420474356321	0.87	0.722	1.99572869666487e-05	c35	LAT
6.0732400148327e-10	3.16076302939761	0.043	0.005	2.04631749059773e-05	c35	SOCS6
6.21845808759132e-10	2.77522738740243	0.065	0.011	2.09524726803302e-05	c35	LRRC16A
6.2647646165506e-10	1.18439007862282	0.435	0.226	2.11084978990056e-05	c35	TRIM38
7.34805992722944e-10	1.03176072457462	0.529	0.302	2.47585531188069e-05	c35	TRA2A
7.37313721635825e-10	1.23880993894851	0.471	0.251	2.48430485367975e-05	c35	TESPA1
7.38609561205625e-10	0.468542206797318	0.942	0.834	2.48867105552623e-05	c35	SKP1
7.44733278857861e-10	0.938946410001353	0.609	0.376	2.50930430978368e-05	c35	TMEM173
7.88554737482774e-10	1.33430130551657	0.304	0.13	2.65695633247446e-05	c35	SYT11
8.15650070347828e-10	1.8562262571042	0.138	0.037	2.74825134702997e-05	c35	ZNF438
8.33129326560965e-10	0.43774609579126	0.957	0.897	2.80714595291451e-05	c35	YWHAB
8.36293116996989e-10	1.39375001829258	0.239	0.089	2.81780602840966e-05	c35	IKZF4
8.85410266762623e-10	3.17973355386854	0.051	0.007	2.98330135282998e-05	c35	CSF2
8.92879093078757e-10	0.442157181253866	0.899	0.772	3.00846681621956e-05	c35	PTPRCAP
9.5904885185574e-10	0.560976198703491	0.833	0.61	3.23141920144273e-05	c35	HLA-DPA1
9.96305100856398e-10	1.10812882902057	0.42	0.21	3.35695040682555e-05	c35	ADI1
1.15470639737666e-09	2.01268832039605	0.268	0.112	3.89066773532093e-05	c35	WARS
1.22462935163233e-09	0.884049784044023	0.739	0.554	4.12626613738999e-05	c35	DYNLT1
1.26692229941754e-09	1.48640946181627	0.29	0.121	4.26876799565747e-05	c35	ZNRF1
1.26829267069507e-09	3.83253924575453	0.043	0.005	4.27338532463997e-05	c35	LGALS9C
1.29255774750967e-09	1.81529126370242	0.174	0.056	4.35514407445908e-05	c35	COL9A2
1.29420733833042e-09	1.08489124769505	0.471	0.263	4.36070220577053e-05	c35	RBM4
1.29866691522717e-09	1.17301999532777	0.333	0.15	4.37572830416643e-05	c35	ADARB2
1.35823971926349e-09	1.66040101737539	0.304	0.138	4.57645291008639e-05	c35	LIMA1
1.3589270534505e-09	1.1811294072461	0.333	0.148	4.57876881389611e-05	c35	NDUFA9
1.48005005847158e-09	0.586649187228211	0.899	0.758	4.98688066701413e-05	c35	HCLS1
1.61957456697011e-09	0.805070555598368	0.717	0.477	5.45699454594909e-05	c35	PTPN7
1.80011662501556e-09	1.10690865203847	0.413	0.21	6.06531295632742e-05	c35	SECISBP2L
1.83875720838347e-09	0.794367346315837	0.594	0.36	6.19550853792727e-05	c35	CLDND1
2.00182370195677e-09	0.848633205759315	0.71	0.475	6.74494478137314e-05	c35	RNF19A
2.25555849493644e-09	1.66697095106781	0.181	0.06	7.59987879283884e-05	c35	GPR25
2.44989525500217e-09	1.21982058606068	0.341	0.153	8.25467707220432e-05	c35	DLD
2.46917946339123e-09	4.89532056636209	0.043	0.005	8.31965328395041e-05	c35	FILIP1L
2.64343038832876e-09	0.912801865870557	0.601	0.378	8.90677435043493e-05	c35	C4orf48
2.69827126710839e-09	1.43983993666262	0.348	0.164	9.09155520739503e-05	c35	MAPKAPK3
2.71623575360239e-09	1.41289777107269	0.246	0.097	9.15208474818789e-05	c35	MAD2L1BP
2.77650425028186e-09	1.58473682920071	0.29	0.127	9.35515342089971e-05	c35	EHD4
2.78236394954093e-09	1.4114861847259	0.341	0.159	9.37489709158321e-05	c35	CDK6
2.90997479248585e-09	1.24863716482628	0.37	0.177	9.80486906580182e-05	c35	C11orf98
3.27932504331636e-09	1.50532057717031	0.275	0.117	0.000110493578009502	c35	CD151
3.45350160511462e-09	0.934183179015705	0.667	0.454	0.000116362283082732	c35	ARID5A
3.53256322426815e-09	1.51860478531814	0.275	0.117	0.000119026185278491	c35	ZNF107
3.56863328036065e-09	3.85985616654633	0.022	0.002	0.000120241529748472	c35	DEPDC4
3.5968404222892e-09	1.06611490679515	0.413	0.209	0.000121191941188612	c35	LGALS8
3.74891839749857e-09	1.3324369704628	0.493	0.287	0.000126316056485317	c35	RALA
3.776793842796e-09	1.47143703955279	0.275	0.116	0.000127255291739168	c35	PRPS2
4.0951793627905e-09	1.17362673303942	0.493	0.295	0.000137982973449863	c35	APOL6
4.1248655578518e-09	1.55361799126158	0.217	0.08	0.000138983220106258	c35	REEP4
4.2167218081013e-09	0.505572783308773	0.935	0.881	0.000142078224602165	c35	CIRBP
4.89832539808488e-09	1.76075348661867	0.225	0.086	0.000165044175963072	c35	NBPF26
4.95687855044927e-09	2.93668067913124	0.058	0.009	0.000167017065878838	c35	MUC12
5.14224598345555e-09	0.274143785729546	1	0.996	0.000173262836166551	c35	HLA-C
5.29887725514799e-09	0.754640059123704	0.754	0.608	0.000178540370234956	c35	ELF1
5.35391797237485e-09	1.60652159837377	0.239	0.096	0.000180394912161198	c35	WDR11
5.58526451819434e-09	1.83265837124461	0.138	0.04	0.00018818990267604	c35	TDRD7
5.59210343467882e-09	1.0642178923599	0.449	0.251	0.000188420333128068	c35	PTTG1
5.67096305603687e-09	0.694158912220504	0.696	0.498	0.000191077429210106	c35	SEC11A
5.73014279296703e-09	0.781384162574561	0.522	0.279	0.000193071431266231	c35	IFNAR2
6.61716188153572e-09	1.41040040940241	0.377	0.196	0.000222958652436465	c35	PDE4D
6.81024973287889e-09	2.06433143053203	0.087	0.019	0.000229464554499621	c35	TOP2A
7.01978904848064e-09	0.470638869719089	0.913	0.818	0.000236524772199507	c35	CALM2
7.07919531268712e-09	0.654901318943873	0.783	0.564	0.00023852640686568	c35	COPE
7.47832746832587e-09	0.430061174022278	0.949	0.951	0.000251974765717772	c35	OAZ1
7.88637502363535e-09	1.51436111806711	0.29	0.129	0.000265723520046369	c35	TRAF2
8.43423216104667e-09	0.578855885435303	0.848	0.727	0.000284183018434307	c35	GNG5
1.02979870173002e-08	0.853759217346657	0.746	0.584	0.000346980374560914	c35	CLEC2D
1.06118703523062e-08	1.05981620734235	0.406	0.214	0.000357556359650604	c35	ACP5
1.12802884612215e-08	1.37907746559597	0.261	0.11	0.000380078039412397	c35	ARL3
1.2292693474796e-08	1.06506654002994	0.471	0.261	0.000414190013939777	c35	SDHD
1.29820050575565e-08	1.53111288427731	0.188	0.066	0.00043741567840931	c35	APOL1
1.32578955045552e-08	1.61093705833986	0.159	0.052	0.000446711531130481	c35	SDC4
1.35780943032534e-08	0.781169461264063	0.587	0.346	0.000457500309453821	c35	SFXN1
1.72698682206229e-08	1.10864643024492	0.384	0.197	0.000581890939825669	c35	BCL3
1.76502002323213e-08	2.15798293461768	0.058	0.01	0.000594705846627833	c35	IRF8
1.83332053434447e-08	0.769568641545535	0.659	0.471	0.000617719020842027	c35	PBXIP1
1.87206348846221e-08	1.72079546609232	0.254	0.11	0.000630773071802457	c35	SUSD6
1.9106929005019e-08	1.7925031343373	0.145	0.045	0.000643788865895111	c35	MYO7A
1.93889340998499e-08	1.86725798180223	0.174	0.061	0.000653290745560344	c35	ACOT7
2.0805192946412e-08	4.35729091881235	0.014	0.001	0.000701010171136406	c35	RP11-505P4.7
2.2916210796594e-08	1.59167127766263	0.138	0.041	0.000772138806580439	c35	MMAA
2.33124918478348e-08	1.60163172379084	0.254	0.112	0.000785491100320944	c35	TRBV20-1
2.45743186384163e-08	1.47266438651042	0.297	0.135	0.000828007092202797	c35	SLC16A3
2.6316979605108e-08	0.893545206214955	0.333	0.156	0.00088672431081451	c35	TBC1D4
2.69903121285172e-08	1.36047684907848	0.246	0.102	0.000909411576858259	c35	KLHDC7B
2.70127386072121e-08	1.20099759376875	0.29	0.13	0.000910167214631405	c35	CD79B
2.70371565760428e-08	1.41316315052344	0.217	0.086	0.000910989953673186	c35	INPP5F
2.75916130160199e-08	0.364337334512425	1	0.966	0.000929671808961775	c35	MYL6
3.04830227111258e-08	1.78466131172907	0.297	0.143	0.00102709496722867	c35	MAP3K8
3.0626532254926e-08	1.33996359935207	0.254	0.108	0.00103193037779748	c35	CH507-9B2.3
3.09833989746639e-08	1.57013592876254	0.283	0.131	0.00104395464505232	c35	CYTH2
3.12439927879716e-08	1.04434867636897	0.319	0.148	0.00105273509299792	c35	TIAM1
3.49275925329393e-08	1.48544242351415	0.188	0.069	0.00117685030280486	c35	HYI
3.55361878791346e-08	1.26214540826522	0.348	0.173	0.00119735631439956	c35	EML2
3.63036270662314e-08	1.04430315030506	0.5	0.296	0.0012232144103696	c35	GIMAP6
3.85015030868799e-08	1.18486651533107	0.348	0.175	0.00129726964500933	c35	SESN3
3.96615746880722e-08	1.27498121812453	0.239	0.099	0.0013363570975399	c35	TFIP11
3.96768675462118e-08	2.88306432347086	0.058	0.01	0.00133687237510206	c35	NHS
4.07057054524653e-08	0.770020213982306	0.761	0.601	0.00137153803951536	c35	SLC2A3
4.10927674925377e-08	3.78382982352885	0.022	0.002	0.00138457970789357	c35	RP11-245G13.2
4.11080561990968e-08	0.669333026526752	0.696	0.505	0.00138509484557237	c35	THRAP3
4.36872374632159e-08	2.34694499774087	0.058	0.01	0.0014719977790856	c35	FLT1
4.45498614612285e-08	1.13833746709055	0.391	0.215	0.00150106303207463	c35	BAG1
4.48104689005747e-08	3.78458533183721	0.014	0.001	0.00150984393913596	c35	FRMD3
4.55132198602395e-08	0.791871942315064	0.609	0.377	0.00153352242997091	c35	SIRPG
4.58804502102859e-08	1.25504551029778	0.275	0.123	0.00154589588938537	c35	PLIN3
4.79278852629156e-08	1.3744341044601	0.246	0.106	0.00161488216604868	c35	MSRA
4.97500146006849e-08	1.21048634452963	0.37	0.193	0.00167627699195548	c35	NUP58
5.01427013553202e-08	1.7248903788229	0.304	0.147	0.00168950817946616	c35	MIR155HG
5.35678070014196e-08	0.957446096565665	0.471	0.274	0.00180491368910583	c35	SMS
5.40981383314329e-08	0.840812797198989	0.522	0.312	0.0018227826729393	c35	SLAMF1
5.78928017786776e-08	1.14291923997491	0.442	0.254	0.00195064006313076	c35	FAS
5.89843532806753e-08	1.16335846989984	0.29	0.133	0.00198741879943907	c35	SLC25A46
5.97121344661571e-08	1.31528388828245	0.297	0.143	0.0020119406587027	c35	LAMP2
6.1009222120104e-08	1.12334781416078	0.341	0.167	0.00205564473011479	c35	PSENEN
6.13260794005434e-08	0.613798846849216	0.732	0.526	0.00206632091932191	c35	VCP
6.25438174277756e-08	1.81836290025347	0.145	0.048	0.00210735138441147	c35	VDR
6.7667806577536e-08	2.03395708609479	0.094	0.024	0.0022799990748235	c35	ABCD1
7.1415880387486e-08	0.955641248710411	0.551	0.343	0.00240628667377595	c35	PAG1
7.238080119151e-08	0.668436891588021	0.688	0.507	0.00243879871534674	c35	CAPZA1
7.41814628828686e-08	1.09300313997849	0.558	0.371	0.00249947021037537	c35	PIM2
8.07102427370544e-08	1.01926446887305	0.283	0.126	0.00271945091878231	c35	CTD-2192J16.22
8.12560504024333e-08	4.12223668526045	0.036	0.005	0.00273784136225959	c35	TCF4
8.41073959363867e-08	0.553596733502626	0.884	0.834	0.00283391459868061	c35	SUB1
8.46280750146439e-08	1.60172922849884	0.181	0.068	0.00285145835954341	c35	FANCL
8.53345846936526e-08	0.715772260816718	0.587	0.378	0.00287526349666793	c35	NR4A2
8.65249653772174e-08	4.97190142971608	0.014	0.001	0.00291537218341996	c35	KL
8.66681430003132e-08	0.731915828359178	0.688	0.48	0.00292019641025255	c35	GDI2
8.850305051255e-08	4.44750033133605	0.014	0.001	0.00298202178396986	c35	RP11-563J2.3
8.9036732508618e-08	0.497974031061637	0.928	0.9	0.00300000366514537	c35	IL2RG
8.99136872371151e-08	3.71092370287863	0.014	0.001	0.00302955177776736	c35	CHSY3
9.02672677252419e-08	0.969341957828476	0.449	0.252	0.0030414653187343	c35	DUSP11
9.03519390356233e-08	0.774812428463999	0.703	0.537	0.00304431823386629	c35	CXCR3
9.2844165387097e-08	1.26883176499614	0.225	0.091	0.00312829130855285	c35	ALG1
9.32168474996729e-08	0.747530373816726	0.667	0.481	0.00314084845965398	c35	SRSF10
9.75339344680502e-08	0.889347997097737	0.507	0.311	0.00328630838796648	c35	TRAF1
1.00489316579161e-07	0.465136563837594	0.906	0.81	0.00338588703281824	c35	SOD1
1.12074360095878e-07	0.713144314314154	0.732	0.548	0.0037762334890705	c35	TNFAIP8
1.12610164027443e-07	1.06133232602202	0.464	0.267	0.00379428686674065	c35	AHSA1
1.12650607510914e-07	1.09506773813002	0.29	0.133	0.00379564956947273	c35	FAAH2
1.14138793466848e-07	3.72072485263296	0.022	0.002	0.00384579250707199	c35	LPL
1.16455388991138e-07	1.60719925346056	0.167	0.06	0.00392384787666741	c35	SLC35F2
1.20563136074021e-07	1.31724018360796	0.268	0.121	0.00406225430687807	c35	ARNTL
1.21955890341566e-07	0.413359250606776	0.957	0.913	0.00410918176916873	c35	HNRNPA2B1
1.28539729645044e-07	1.46803455204346	0.268	0.125	0.0043310176506601	c35	C16orf87
1.29170301355075e-07	0.707438128979472	0.79	0.601	0.00435226413385789	c35	EML4
1.42460942918192e-07	0.915927783940034	0.529	0.345	0.00480007901068556	c35	HIF1A
1.46340192660886e-07	1.04095339079472	0.457	0.272	0.00493078645151589	c35	YIPF3
1.52562183521211e-07	0.982289255905419	0.42	0.238	0.00514043021156368	c35	COPB2
1.64881019907777e-07	0.78305649069514	0.609	0.407	0.00555550108477264	c35	ARID5B
1.65088196499992e-07	1.21397109797352	0.261	0.116	0.00556248169287074	c35	ABHD12
1.66653073148857e-07	3.21954060701092	0.036	0.005	0.00561520864667759	c35	STRIP2
1.70881116240329e-07	2.52748080804097	0.101	0.028	0.00575766833060165	c35	SRGAP2B
1.71237864484823e-07	1.68933582471492	0.152	0.052	0.00576968860595163	c35	AGMAT
1.73576991151018e-07	2.14726100535443	0.087	0.022	0.00584850313984239	c35	IL7
1.78773694292488e-07	0.734757526078528	0.572	0.357	0.00602360085549109	c35	PYHIN1
1.79220677449732e-07	1.01364998016397	0.384	0.21	0.00603866150599125	c35	CTBS
1.80822536633231e-07	1.32506747378366	0.29	0.138	0.00609263454932008	c35	TBK1
1.82487710960226e-07	1.26151999422753	0.275	0.129	0.00614874093309384	c35	LPCAT3
1.87731694030058e-07	0.670268476407851	0.746	0.556	0.00632543169864878	c35	YWHAQ
1.95211385317564e-07	1.82971722027182	0.109	0.031	0.00657745241689001	c35	GTF2H4
2.03960340707839e-07	0.933007354293783	0.478	0.289	0.00687223971980994	c35	ILK
2.13774747837423e-07	0.930502170386635	0.413	0.224	0.00720292635363412	c35	ST8SIA4
2.26450136938973e-07	1.18100898729086	0.42	0.237	0.00763001091402176	c35	ATOX1
2.36600547924702e-07	2.11344395734973	0.101	0.028	0.00797201886177491	c35	CSAD
2.4921781828593e-07	2.14472811540428	0.087	0.022	0.00839714516932613	c35	CARD6
2.68809048983469e-07	0.459331788167831	1	0.996	0.00905725209644901	c35	FTH1
2.97689501931193e-07	5.13116202453495	0.014	0.001	0.0100303500780696	c35	TRBV7-5
3.14728035685959e-07	0.949582163653121	0.355	0.183	0.0106044464344027	c35	IL10RB
3.15746841524593e-07	4.01618346286942	0.029	0.003	0.0106387740783296	c35	PTCHD1
3.15810395972975e-07	0.272014686987189	1	0.992	0.0106409154819134	c35	HLA-E
3.32348898010643e-07	0.798338010160965	0.638	0.455	0.0111981637695706	c35	MYCBP2
3.60132755758387e-07	1.86790217846325	0.123	0.039	0.0121343130725231	c35	TRIM16
3.69118304956305e-07	0.986816473107688	0.435	0.262	0.0124370721671977	c35	MATR3.1
3.89404511193797e-07	0.868152763846544	0.399	0.218	0.0131205956001638	c35	COA6
4.18773383419489e-07	1.0181097155334	0.478	0.322	0.0141101503809363	c35	STAT4
4.5675810623732e-07	0.592779017231207	0.819	0.703	0.0153900076315603	c35	TRAF3IP3
4.60136665451707e-07	1.06049629166062	0.384	0.21	0.0155038448057298	c35	PHTF2
4.70327788680153e-07	0.904084937380512	0.464	0.274	0.0158472245117891	c35	P2RY10
4.83333951844013e-07	1.17953678534562	0.304	0.153	0.0162854541734322	c35	MID1IP1
5.06928874027598e-07	1.09857103790743	0.304	0.149	0.0170804614814859	c35	IL6R
5.1274828005215e-07	1.11849303798269	0.355	0.187	0.0172765405480771	c35	BTN3A3
5.54654916877263e-07	0.939893515125418	0.449	0.257	0.0186885427692625	c35	XRN1
5.66183156834652e-07	1.63503239255399	0.116	0.036	0.0190769752863868	c35	TRIB1
5.97087738224436e-07	0.596838633658803	0.768	0.634	0.0201182742517341	c35	LRRFIP1
5.99637465890848e-07	2.88612036674641	0.036	0.005	0.0202041847757262	c35	EVC
5.99696407902221e-07	1.61204629633656	0.109	0.032	0.0202061707678575	c35	FAM46A
6.00697264651543e-07	2.26385311089421	0.072	0.017	0.0202398936351691	c35	MASTL
6.05198694418881e-07	1.75140517149048	0.181	0.072	0.0203915648097498	c35	DGKH
6.22460286381461e-07	0.621749812184455	0.797	0.627	0.0209731768893369	c35	SQSTM1
6.37017004910312e-07	0.775195264129721	0.522	0.335	0.0214636509634481	c35	CMTM6
6.52348174401448e-07	2.02024894049398	0.116	0.037	0.0219802193882824	c35	TRAV23DV6
6.60735937490965e-07	1.27456730636358	0.29	0.144	0.0222628366778206	c35	CERS5
6.88980032248907e-07	1.70728079111987	0.152	0.055	0.0232144932065947	c35	AP3S2
7.12387728549147e-07	2.24346896000522	0.072	0.017	0.024003192125735	c35	UST
7.17994842839788e-07	1.49055182066596	0.203	0.088	0.0241921182346438	c35	ZC3H12D
7.97283403056252e-07	2.94581826419066	0.029	0.004	0.0268636669825774	c35	CYP4F35P
8.04511455943822e-07	3.96661846416771	0.022	0.002	0.0271072089965711	c35	RP11-443B7.3
8.51107582328172e-07	1.37818385455945	0.123	0.04	0.0286772188789654	c35	C4orf33
8.53147631374802e-07	1.03179395122382	0.391	0.222	0.0287459562915426	c35	NBR1
8.90358483605126e-07	4.11519538102782	0.014	0.001	0.0299997387465911	c35	FAM156B
8.90594021257619e-07	0.862252749492119	0.507	0.316	0.0300076749522542	c35	PSMC4
8.91736922146866e-07	0.706561601738876	0.688	0.472	0.0300461838548165	c35	ITGA4
8.99027830376108e-07	3.85039640412071	0.014	0.001	0.0302918437166926	c35	CTB-58E17.9
9.01843316983188e-07	1.98010333877125	0.101	0.03	0.0303867087224315	c35	TMEM91
9.02173200700068e-07	1.83175600010221	0.058	0.012	0.0303978238243881	c35	COCH
9.28401962664334e-07	0.535028744368563	0.841	0.679	0.0312815757300121	c35	ACTR3
9.40407650896135e-07	0.919741001826868	0.558	0.385	0.0316860953892944	c35	HM13
9.46822510823997e-07	0.794788031818915	0.536	0.347	0.0319022376797038	c35	GSDMD
9.57018938817531e-07	0.784514415938316	0.558	0.377	0.0322457961245179	c35	DGKA
9.84604908103087e-07	0.769111392474509	0.688	0.5	0.0331752777736254	c35	POLD4
1.01841956114434e-06	0.545232213120087	0.797	0.632	0.0343146286931975	c35	MCL1
1.05082151669634e-06	2.86430770417857	0.036	0.005	0.0354063801835664	c35	HMHB1
1.14773007817022e-06	2.99139953662054	0.058	0.012	0.0386716172538674	c35	CD80
1.16086647835244e-06	0.837735140681262	0.551	0.369	0.039114235121607	c35	ARHGEF3
1.19627882468236e-06	2.48479888752815	0.087	0.024	0.0403074187188474	c35	PTK2
1.20544457282479e-06	1.16610427638053	0.246	0.114	0.0406162494367585	c35	ANXA4
1.21335301074461e-06	0.897533710879754	0.58	0.398	0.040882716344029	c35	GBP5
1.23370725161362e-06	0.801975012221011	0.652	0.496	0.0415685321358692	c35	RBCK1
1.28145100143985e-06	1.27413957600766	0.21	0.092	0.0431772100425145	c35	PARVB
1.28922197202931e-06	1.37070594332004	0.232	0.107	0.0434390451255557	c35	TARDBP
1.29024312771648e-06	2.52916222929293	0.051	0.01	0.0434734519452789	c35	RP11-146I2.1
1.2903542651605e-06	0.887261904484741	0.449	0.272	0.043477196610318	c35	SRPK2
1.35105808495071e-06	1.08162676023024	0.304	0.156	0.0455225511143293	c35	PAM
1.40893268877773e-06	1.231204965326	0.283	0.143	0.0474725780156767	c35	BCKDHA
1.41362930815961e-06	1.02233594181181	0.435	0.263	0.04763082590913	c35	TCIRG1
1.42296362161947e-06	1.84447115053417	0.123	0.041	0.0479453362668466	c35	TSC1
1.43602983405736e-06	1.45827044707894	0.123	0.041	0.0483855892287287	c35	ZNF273
