gene	p_val	avg_log2FC	pct.1	pct.2	p_val_adj	cluster
MMP23B	4.86125480953049e-06	0.0192749749338708	2.3725834797891	0.979549108311212	9.28017674517396e-05	c5
CHD5	0.00102968228400013	0.00131997882655641	0.0878734622144112	0.00373873705462295	0.0101566745035153	c5
ERRFI1	0.00337918490807673	0.0114078095687389	1.49384885764499	0.729053725651475	0.0277364814355024	c5
RP1-69M21.2	0.00103061880831955	0.000691152225721156	0.0878734622144112	0.00373873705462295	0.0101566745035153	c5
DHRS3	0.000121336735470985	0.0561125346633599	15.6414762741652	12.3191385949826	0.00160137875634914	c5
NBPF1	0.00470460936683813	0.0238833749675392	4.56942003514938	3.12558417766479	0.0366852830377792	c5
MINOS1-NBL1	1.24799712471612e-06	0.00144515288941696	0.0878734622144112	0	2.68690192461245e-05	c5
RPL11	3.96659333879577e-07	0.0647473273176744	99.9121265377856	99.9813063147269	9.6707956553824e-06	c5
CNR2	1.226553713063e-10	0.0199220007275221	2.02108963093146	0.530900661756459	5.40228768731302e-09	c5
RUNX3	6.93096677879185e-06	0.0938202002862263	31.195079086116	27.5133659849703	0.000128243819134878	c5
LDLRAP1	7.94167399455911e-07	0.0932616720108648	32.4253075571177	27.7302127341384	1.83278605186764e-05	c5
EPB41	0.000438897728194878	0.0746449062332207	38.7521968365554	37.0994877930235	0.00495086041305598	c5
ZFYVE9	5.19090153324386e-06	0.0238568239902616	3.33919156414763	1.59270198526938	9.85364711330246e-05	c5
ZCCHC11	0.00189089953407848	0.0679292798020956	28.2952548330404	26.791789733428	0.0170053686184181	c5
FAM159A	0.000955716226696343	0.0586835071109334	19.0685413005272	16.3046322952107	0.0096935287604776	c5
JUN	0.000234208098459241	0.143946805628998	85.0615114235501	82.4129808950536	0.00285506789778787	c5
JAK1	3.12600122293734e-07	0.0817510398601362	73.1985940246046	73.9746513627697	7.78473652665564e-06	c5
DNAJC6	0.00265088957639327	0.0110318574896273	1.31810193321617	0.601936665794295	0.0226124236422772	c5
GIPC2	0.00353829686868861	0.0036844873756363	0.351493848857645	0.0822522152017049	0.0288317713890191	c5
RPL5	7.62070466608674e-15	0.13127595223024	99.8242530755712	99.5401353422814	5.58200050041579e-13	c5
S1PR1	9.6587675700392e-11	0.114404304355102	24.9560632688928	18.5852618985307	4.32194574375698e-09	c5
RP11-483I13.2	1.24799712471612e-06	0.00107443193723669	0.0878734622144112	0	2.68690192461245e-05	c5
KCNA3	0.000781508630624578	0.0669693708821979	24.6045694200351	22.1482783115863	0.00815742001247352	c5
DENND2D	4.33500845326661e-06	0.0893390041459959	58.2601054481547	58.2158746775339	8.38002150455336e-05	c5
RP11-344P13.4	3.45771673288922e-06	0.00153872943734338	0.175746924428822	0.0074774741092459	6.8506237503858e-05	c5
NBPF15	0.00568326803795825	0.0589608493555126	21.0896309314587	19.2881444647998	0.042820222108892	c5
AC241585.2	2.50428469514371e-05	0.0845108674664845	28.0316344463972	24.6270609788014	0.000401233326287077	c5
TXNIP	1.25357730622886e-21	0.325816974295318	96.2214411247803	93.7450929076158	1.68952135024301e-19	c5
AC243756.1	0.0059510881589627	0.00140613324597559	0.175746924428822	0.0261711593823606	0.0443521266153703	c5
AC245100.1	1.9768282898925e-06	0.102317012962329	31.1072056239016	27.2815642875837	4.10648905053254e-05	c5
LINC00869	5.81674481661162e-11	0.112483930390261	26.5377855887522	20.357423262422	2.69216208586417e-09	c5
ADAMTSL4	0.00181944924966815	0.0028721711149755	0.263620386643234	0.0448648446554754	0.0164399364489994	c5
RPS27	1.17683109649996e-57	0.197849202963922	100	100	8.26086395113951e-55	c5
FCRL5	0.00105671726389205	0.00107065165318456	0.175746924428822	0.0186936852731147	0.010353309534626	c5
FCRL3	2.20197655006981e-45	0.195764337276277	24.8681898066784	11.4517515983101	9.63550621792886e-43	c5
PYHIN1	0.00242233695692933	0.0657143946361046	37.170474516696	35.7610199274685	0.020970766039768	c5
FCRL6	4.24880065058046e-06	0.0582222548206005	13.0931458699473	9.21972557670019	8.23700167552692e-05	c5
SLAMF6	0.00017401876284551	0.0797522783470174	30.5799648506151	28.2910232923319	0.00220345291067892	c5
CD84	0.00415516417198305	0.064155120231859	32.9525483304042	31.5549407410177	0.0330527649257725	c5
SLAMF7	1.15683472936234e-08	0.0775563377555588	16.3444639718805	11.2423823232512	3.81393242379009e-07	c5
LY9	0.000169801309081368	0.0769957424445533	34.5342706502636	32.2540845702322	0.00215363161487874	c5
FCGR3A	0.000570479649742112	0.0135712447625178	1.93321616871705	0.919729315437245	0.006212586075763	c5
RP11-25K21.1	0.00102968228400013	0.0013273017176041	0.0878734622144112	0.00373873705462295	0.0101566745035153	c5
ADCY10	0.00102968228400013	0.00087971714251299	0.0878734622144112	0.00373873705462295	0.0101566745035153	c5
XCL2	4.63755460362347e-27	0.19457099222809	23.286467486819	12.6743186151718	9.24602158665617e-25	c5
SELL	8.49197285799023e-14	0.240054876282028	59.1388400702988	51.8263730511833	5.5548231740331e-12	c5
RP11-492I21.1	0.00102968228400013	0.00101291113351959	0.0878734622144112	0.00373873705462295	0.0101566745035153	c5
C1orf21	3.87755634722011e-11	0.0623925847110658	10.4569420035149	5.76513253822859	1.82472602741947e-09	c5
LGR6	0.000252976982372671	0.0175876409655279	2.63620386643234	1.34220660260964	0.00306281223286553	c5
BTG2	4.40409011988373e-31	0.33438464318422	68.2776801405975	56.0847945563989	1.0524213652437e-28	c5
SOX13	0.0017812728676254	0.00686726269225359	0.790861159929701	0.276666542042098	0.016120926135313	c5
ETNK2	0.000251841675103451	0.01110823999424	1.31810193321617	0.508468239428721	0.00305125976301175	c5
FCMR	8.69387658725668e-16	0.184681850533492	62.390158172232	54.6827681609152	6.97455899359587e-14	c5
CD55	0.000567887379952418	0.0630642342889644	19.5957820738137	16.6448573671814	0.00619035825950073	c5
RP11-357P18.2	0.000292197178045199	0.00239983716744452	0.175746924428822	0.0149549482184918	0.00345206581944422	c5
CTD-2090I13.1	0.00542747294978653	0.00523601336321183	0.527240773286467	0.168243167458033	0.0411693651047271	c5
RP11-245P10.8	0.000292699260612547	0.00171310837243621	0.175746924428822	0.0149549482184918	0.00345436388339025	c5
RP4-597N16.4	0.000292029996549436	0.00221807954168792	0.175746924428822	0.0149549482184918	0.00345206581944422	c5
LYST	0.00194992121124785	0.0731180162206955	30.2284710017575	27.7601226305754	0.0174596453074104	c5
ZBTB18	0.00539505183386008	0.0104232135315574	1.5817223198594	0.815044677907803	0.0409600893398111	c5
OR2B11	0.00102968228400013	0.0011236056962774	0.0878734622144112	0.00373873705462295	0.0101566745035153	c5
AC092159.2	0.000610781256947116	0.00677097589895415	0.615114235500879	0.168243167458033	0.00656658062271095	c5
SNTG2	0.00168303550492017	0.00468841986653848	0.527240773286467	0.145810745130295	0.0153972843613305	c5
RPS7	2.07448679159215e-14	0.0839185884136699	99.9121265377856	99.9513964182899	1.44715854981171e-12	c5
RHOB	2.84508805393517e-06	0.12806490767822	27.2407732864675	22.9969716229858	5.74370262967594e-05	c5
AC104699.1	1.24799712471612e-06	0.000434136858087206	0.0878734622144112	0	2.68690192461245e-05	c5
CLIP4	0.00568978430460548	0.0469973254615194	12.4780316344464	10.4385538565073	0.0428501547517607	c5
LINC00486	0.00103061880831955	0.000710345527522872	0.0878734622144112	0.00373873705462295	0.0101566745035153	c5
AC006369.2	1.60277090773254e-05	0.0665076203617793	15.4657293497364	11.8405802519909	0.000270153891771587	c5
SRSF7	0.000542289614794677	0.0723527255244958	72.9349736379613	74.060642315026	0.0059498229504695	c5
ZFP36L2	6.9190371997178e-55	0.424550284397822	99.6485061511424	97.263244476016	4.01948343805675e-52	c5
PLEKHH2	0.000585424809645698	0.00902748469687308	0.966608084358524	0.340225071970688	0.00633439419916575	c5
TSPYL6	0.00102968228400013	0.00106601444646	0.0878734622144112	0.00373873705462295	0.0101566745035153	c5
RPS27A	4.61480663119837e-27	0.135076626408541	100	99.9813063147269	9.24602158665617e-25	c5
REL	2.12053187341725e-05	0.0893545765033495	43.6731107205624	40.961603170449	0.000346672493658034	c5
CEP68	0.000845614410375104	0.0452615120310593	12.3022847100176	9.67585149736419	0.00873455914873659	c5
AC015969.3	0.00103061880831955	0.0010367722580141	0.0878734622144112	0.00373873705462295	0.0101566745035153	c5
PLEK	6.8460135898419e-24	0.145330869086911	22.6713532513181	12.8911653643399	1.15334790948066e-21	c5
CD8A	7.0717407983711e-123	0.973172791630645	82.1616871704745	40.2288107077429	2.16613849509378e-119	c5
CD8B	5.92563647155424e-133	0.761385256768546	74.0773286467487	36.9723707331663	2.21842661413943e-129	c5
IGKV1-6	0.00103061880831955	0.000219227596787929	0.0878734622144112	0.00373873705462295	0.0101566745035153	c5
IGKV2D-40	1.24799712471612e-06	0.0011643807336412	0.0878734622144112	0	2.68690192461245e-05	c5
IGKV1D-17	0.00102968228400013	0.00161984128642252	0.0878734622144112	0.00373873705462295	0.0101566745035153	c5
IGKV1D-12	0.00102968228400013	0.00145093928850008	0.0878734622144112	0.00373873705462295	0.0101566745035153	c5
ASTL	4.35112320665406e-06	0.0102602399498694	1.05448154657293	0.280405279096721	8.4015326833812e-05	c5
DUSP2	2.40295241880717e-183	1.18147407332216	93.3216168717047	68.5347889482933	4.04825393996444e-179	c5
MGAT4A	3.35103544520484e-05	0.0832552358100461	32.6010544815466	29.2855273488616	0.000518886894718437	c5
GCC2	0.000155365832182348	0.0846136900913393	44.9912126537786	44.580700639324	0.00199272795947927	c5
PTPN4	0.0017781145453937	0.0632026205389797	25.8347978910369	23.6437731334355	0.0161009920700068	c5
RAB6C	4.90351571323002e-05	0.00191105545147059	0.175746924428822	0.0112162111638688	0.000724195471370381	c5
CXCR4	2.72048218623142e-55	0.409969780462819	96.2214411247803	92.107526077691	1.60813906636634e-52	c5
AC096558.1	1.24799712471612e-06	0.00108829904614368	0.0878734622144112	0	2.68690192461245e-05	c5
ZEB2	7.27698091944344e-06	0.0786043404092052	17.5746924428822	13.5753542453359	0.000133764645444478	c5
RP11-605B16.1	1.24799712471612e-06	0.00113377846746593	0.0878734622144112	0	2.68690192461245e-05	c5
NR4A2	4.45993323535064e-40	0.362290713131298	52.6362038664323	37.2864246457547	1.54920608692685e-37	c5
WIPF1	3.52049770131701e-06	0.0858313016488583	70.9138840070299	70.3368602086215	6.95716419637392e-05	c5
FTCDNL1	6.42449428062513e-05	0.0158158235941942	2.02108963093146	0.87486447078177	0.000918400128516687	c5
CLK1	0.000112467052733558	0.0750043226587548	45.079086115993	44.6442591692526	0.00149366817263785	c5
FAM117B	7.85011691090419e-07	0.0384450822317627	5.97539543057996	3.32747597861442	1.81414155827165e-05	c5
EEF1B2	4.0723892405813e-11	0.138765797999924	98.4182776801406	97.3417579541631	1.90841561991858e-09	c5
ABCB6	0.00478557373544993	0.00267758612368821	0.351493848857645	0.0859909522563278	0.0372046888422358	c5
EPHA4	8.41156659865391e-19	0.114730776091488	17.8383128295255	10.2179683702845	9.23189983632068e-17	c5
ITM2C	1.64682798986339e-35	0.305221487223499	51.5817223198594	34.2617863685647	4.82506280786584e-33	c5
ARL4C	0.00453229238351543	0.0635658040112742	47.3637961335677	48.4428160167495	0.0356135866534909	c5
PASK	5.95821310615188e-09	0.135633991930623	37.2583479789104	30.5342655251056	2.04227906814529e-07	c5
RTP5	1.19341301088413e-05	0.0217488292684184	2.98769771528998	1.40576513253823	0.000206845977308281	c5
AC026202.3	0.00103242248367695	0.00235623413647476	0.263620386643234	0.0411261076008524	0.0101624774216318	c5
RP11-572B2.1	0.00467202376166488	0.00251754135621632	0.263620386643234	0.0523423187647213	0.0364685822644385	c5
RPL32	4.7392545098819e-09	0.0742870106962998	100	99.9775675776723	1.65647760846432e-07	c5
RP11-222K16.2	6.61073176544596e-25	0.134236819521254	19.1564147627417	10.1394548921374	1.1785290799203e-22	c5
EOMES	3.08420814483457e-52	0.280411305806615	37.7855887521968	19.8003514412831	1.64951284495327e-49	c5
CMC1	6.84003045033814e-34	0.299618403619876	45.8699472759227	33.3719669495644	1.88908185240732e-31	c5
TGFBR2	1.26112588328768e-13	0.171556379017404	53.427065026362	47.3735372191274	8.06306935701994e-12	c5
SUSD5	1.24799712471612e-06	0.00100200789549093	0.0878734622144112	0	2.68690192461245e-05	c5
RPL14	5.50428739851151e-26	0.13129118124901	99.9121265377856	99.9439189441807	1.05977976917398e-23	c5
SNRK	0.00328842207044185	0.0613305282769359	22.0562390158172	20.1592701985269	0.0270904873451021	c5
CSPG5	0.00102968228400013	0.000969148984574727	0.0878734622144112	0.00373873705462295	0.0101566745035153	c5
RP11-475O23.2	1.24799712471612e-06	0.00126665765607197	0.0878734622144112	0	2.68690192461245e-05	c5
SCAANT1	0.000147698072627404	0.00467066502229365	0.439367311072056	0.0822522152017049	0.00190409010952909	c5
FOXP1	0.000906349404165139	0.0687307697844659	43.2337434094903	41.9710621751972	0.0092737737090617	c5
MTRNR2L12	1.56187427305604e-05	0.137680824843144	58.4358523725835	55.1575877668524	0.000264584171726245	c5
CLDND1	2.96988511495392e-05	0.104342636094197	38.6643233743409	36.0002990989644	0.000466296873547332	c5
CBLB	1.48048022437633e-13	0.167398884728147	55.0087873462214	49.291509328149	9.30658594778658e-12	c5
PVRL3-AS1	0.00289740960154657	0.00476234885547391	0.439367311072056	0.115900848693311	0.0243393964384219	c5
ZNF80	1.89733246204954e-07	0.053445316217385	6.67838312829526	3.72378210640446	4.91759384433056e-06	c5
ARHGAP31-AS1	0.000292029996549436	0.00205637064291604	0.175746924428822	0.0149549482184918	0.00345206581944422	c5
MRAS	0.000292029996549436	0.00198874160111691	0.175746924428822	0.0149549482184918	0.00345206581944422	c5
ZBTB38	4.68840157317348e-07	0.106354702196282	42.1792618629174	38.8641716828055	1.12434877300005e-05	c5
PFN2	0.00354732658045548	0.0157627566018003	2.81195079086116	1.6786929375257	0.0288983611706642	c5
RAP2B	0.00248363189415302	0.0582608637635451	21.0017574692443	18.7759374883164	0.0214079030548969	c5
CCNL1	5.8128601798362e-05	0.0749693636506304	51.0544815465729	51.2992111264815	0.000839153859894605	c5
IL12A	0.00185179320936564	0.00731296127610589	0.878734622144113	0.325270123752196	0.0167097805025082	c5
B3GALNT1	4.14868719666898e-05	0.00536732559669678	0.527240773286467	0.10094590047482	0.000626839947725376	c5
SLC7A14	1.24799712471612e-06	0.00113361075723535	0.0878734622144112	0	2.68690192461245e-05	c5
EIF4A2	0.000200974782121688	0.0622236792356408	74.8681898066784	76.4384790817662	0.00249968413023557	c5
TPRG1	5.20393423288702e-19	0.110311656824627	16.0808435852373	8.80472576363704	5.78684356577212e-17	c5
RPL35A	2.6556571072315e-18	0.107671706268849	100	99.9476576812353	2.67903325063048e-16	c5
RP11-1191J2.2	3.44560164989174e-06	0.00219797639960129	0.175746924428822	0.0074774741092459	6.83722626569213e-05	c5
LYAR	3.32107008254471e-88	0.431304682719212	56.7662565905097	33.6112461210603	5.59500676806308e-85	c5
NSG1	1.53327744729924e-09	0.0655360002418505	11.2478031634446	6.81571765057764	5.87071026242053e-08	c5
RP11-689P11.2	0.000100848472348219	0.00285671202074344	0.263620386643234	0.0299098964369836	0.00135919537092035	c5
CC2D2A	4.90692188858129e-05	0.00196603157157261	0.175746924428822	0.0112162111638688	0.000724195471370381	c5
RP11-799M12.2	0.00102968228400013	0.00118902460456322	0.0878734622144112	0.00373873705462295	0.0101566745035153	c5
RP11-362J17.1	1.24799712471612e-06	0.00109553999762573	0.0878734622144112	0	2.68690192461245e-05	c5
ARAP2	9.14408371962141e-10	0.127096182054271	37.7855887521968	32.6204808015852	3.60351762396402e-08	c5
DTHD1	2.51765568138352e-09	0.0769738652119753	13.1810193321617	8.35233858002767	9.28116964207179e-08	c5
KLF3	1.00009711144707e-24	0.176578270275569	28.7346221441125	18.185217033686	1.75506625380716e-22	c5
RPL9	1.53436336185276e-10	0.103637630463116	99.5606326889279	99.6149100833738	6.67081795022798e-09	c5
SMIM14	1.80302388509411e-05	0.0534671716272404	12.4780316344464	9.06269862040603	0.00030000536683635	c5
ATP8A1	3.13537743139838e-08	0.102090170204421	24.6045694200351	19.4788200545856	9.43244706906579e-07	c5
RP11-700J17.1	1.76742754030613e-06	0.00267315494623558	0.263620386643234	0.0186936852731147	3.71038651358721e-05	c5
TEC	8.083820626092e-05	0.0241582677679024	3.95430579964851	2.20585486222754	0.00112106348388205	c5
RP11-365H22.2	0.00277751107526411	0.00176496866130531	0.175746924428822	0.0224324223277377	0.0235021241009415	c5
AREG	1.90066823919799e-13	0.146016661149221	24.3409490333919	16.7458032676562	1.17939439505593e-11	c5
CNOT6L	9.05611670976653e-11	0.133509609092345	37.4340949033392	31.9138594982615	4.08482993867301e-09	c5
PLAC8	2.43738226309815e-17	0.13735807960873	25.3075571177504	16.648596104236	2.27493512390108e-15	c5
DKK2	0.00102968228400013	0.0010434126707908	0.0878734622144112	0.00373873705462295	0.0101566745035153	c5
CYP2U1	0.00613515498337929	0.0179898230397355	3.42706502636204	2.22080981044603	0.0454724839441227	c5
RPL34-AS1	0.000817049340651338	0.0128187536623588	1.66959578207381	0.770179833252327	0.00847849106372226	c5
RPL34	1.61760619146633e-17	0.123398107409071	100	99.9813063147269	1.53100064649625e-15	c5
CCDC109B	1.69629191046778e-20	0.197244811337194	59.6660808435852	53.3742101917972	2.14063144686521e-18	c5
SNHG8	9.08780374707601e-06	0.0859886506790264	62.1265377855888	63.8052865741952	0.000162442684060466	c5
RP11-392B6.1	1.24799712471612e-06	0.00107413487812917	0.0878734622144112	0	2.68690192461245e-05	c5
RP11-102N12.3	0.00103061880831955	0.000228827404439355	0.0878734622144112	0.00373873705462295	0.0101566745035153	c5
PRMT9	0.00269248719696293	0.0678943648564779	25.7469244288225	23.6774217669271	0.0228919161277994	c5
RPS3A	1.02665476168826e-21	0.127159259609559	99.8242530755712	99.9476576812353	1.4061831520457e-19	c5
SLC25A4	2.72674510562079e-07	0.048586315560012	7.8207381370826	4.65472763300557	6.85122666583049e-06	c5
LPCAT1	0.00112432936175851	0.0479390560432073	12.9173989455185	10.3376079560325	0.0109110465193235	c5
IL7R	2.35945543543656e-78	0.724670575610928	94.3760984182777	79.2387931356788	3.05767274775383e-75	c5
OSMR	0.00277751107526411	0.00205878784858589	0.175746924428822	0.0224324223277377	0.0235021241009415	c5
PARP8	1.03090025393536e-24	0.231387057156101	56.5905096660808	46.4126817960893	1.79974886819161e-22	c5
GZMK	1.36660954376627e-280	1.60232672887105	97.9789103690685	49.7102478782667	4.60465419676608e-276	c5
GZMA	1.42982254766095e-41	0.548087721812829	82.1616871704745	51.7515983100908	5.1802624646116e-39	c5
KIF2A	0.00012147562766798	0.0804483013828583	38.3128295254833	37.0807941077504	0.00160258410283669	c5
ADAMTS6	0.00144247275787458	0.0203005562525295	3.07557117750439	1.80207126032826	0.0134983623418826	c5
PIK3R1	1.90445237998747e-35	0.303658670471253	60.3690685413005	49.5120948143717	5.53177745614635e-33	c5
ENC1	4.95247990355537e-09	0.041686252632332	5.79964850615114	2.83770142445882	1.71954251050993e-07	c5
FAM169A	3.72143918442548e-05	0.0293451042916367	4.83304042179262	2.79657531685797	0.000570993496721457	c5
CTD-2377O17.1	0.00226599826148486	0.0035396726586462	0.439367311072056	0.112162111638688	0.019774811039231	c5
CTD-2503O16.4	3.02072567288569e-85	0.0608417335393303	5.53602811950791	0.51968445059259	4.84668242010526e-82	c5
ANKRD31	0.00529644983300279	0.0105692806018682	1.66959578207381	0.87486447078177	0.0403114029078825	c5
F2R	0.000278156240498885	0.0666366324110865	22.231985940246	18.8095861218081	0.00331407226568933	c5
RPS23	8.26244050407655e-24	0.123404714095161	99.9121265377856	99.9813063147269	1.38504811116595e-21	c5
CCNH	3.95370363959048e-05	0.091760185782825	48.8576449912127	47.9717351478671	0.00060169869210642	c5
MEF2C-AS1	0.00103061880831955	0.000213140731170107	0.0878734622144112	0.00373873705462295	0.0101566745035153	c5
ELL2	0.00557647283559411	0.0382660191792086	8.78734622144112	6.90170860283396	0.0421286268436116	c5
MAN2A1	3.65999119958389e-05	0.0764174951575108	21.1775043936731	17.699181216585	0.000561821154800818	c5
MCC	0.000437863957065712	0.0174073076800958	2.46045694200351	1.26369312446256	0.0049433720179746	c5
ALDH7A1	9.90557981896879e-05	0.00367840702297361	0.351493848857645	0.0523423187647213	0.00133824621660118	c5
CDC42SE2	9.51108179490611e-08	0.0994718289792633	60.7205623901582	59.8983063521143	2.62033025345516e-06	c5
TCF7	1.20380858768838e-18	0.195566590390126	49.8242530755712	39.0847571690283	1.27150866939098e-16	c5
SMAD5	0.00202761934090464	0.032671642462059	7.0298769771529	5.0996373425057	0.0180689251712354	c5
NRG2	0.000349389934670153	0.0142692726681607	1.75746924428823	0.785134781470819	0.00405523405400487	c5
HTR4	1.24799712471612e-06	0.00024361066052398	0.0878734622144112	0	2.68690192461245e-05	c5
ADRB2	0.00501569489260312	0.0330572088422043	7.73286467486819	5.86233970164878	0.0386548087171477	c5
RPS14	8.87951540422409e-57	0.195308367059976	100	99.9850450517815	5.64502626471559e-54	c5
AC016577.1	1.24799712471612e-06	0.0010606662336791	0.0878734622144112	0	2.68690192461245e-05	c5
ITK	0.000274180644352095	0.0771794290194686	54.0421792618629	55.3931282012936	0.0032748112835163	c5
DUSP1	1.587637443873e-27	0.385144716414242	95.9578207381371	89.7633379444424	3.28183165851882e-25	c5
DBN1	8.6661964384878e-13	0.0555273586701269	6.50263620386643	2.88256626911429	5.06063817674884e-11	c5
RNF130	9.32998719440516e-05	0.0399238541711517	7.99648506151142	5.45107862564026	0.00127015995364965	c5
SCGB3A1	5.16420835837069e-05	0.00818154176428678	1.05448154657293	0.325270123752196	0.000758182293799312	c5
FLT4	7.90625330977311e-19	0.0325572779289033	3.33919156414763	0.803828466743934	8.70566336665017e-17	c5
E2F3	0.000735406206439607	0.0522741307231717	12.1265377855888	9.5636893857255	0.00775157901738312	c5
FAM65B	5.99060122212081e-20	0.191840808717218	44.8154657293497	35.3908849590608	7.1831785614996e-18	c5
HIST1H4C	1.37256372094204e-29	0.274745465155834	72.8471001757469	65.3269525554268	3.10383637673968e-27	c5
HIST1H1D	0.00026099927148729	0.0871132886006116	32.1616871704745	29.7491307436348	0.00314023592421528	c5
LINC00243	0.000546745168991218	0.031077267906305	6.67838312829526	4.56499794369462	0.00599480368499515	c5
RPS18	2.92778884818592e-07	0.0847650333522525	100	99.9476576812353	7.31816895035434e-06	c5
PHF1	0.000257495442317729	0.072765343057283	37.5219683655536	35.6825064493214	0.00310746827845758	c5
PACSIN1	0.000411260106433771	0.0160549556066057	2.46045694200351	1.25247691329869	0.00467037345000994	c5
RPL10A	0.000583210235308929	0.0547968949703068	99.1212653778559	99.375630911878	0.00631448768267964	c5
CCND3	5.29654015610654e-10	0.124913431538496	67.5746924428822	64.7624032601787	2.16317120024065e-08	c5
ENPP5	6.25610594305202e-07	0.0217373774514647	2.81195079086116	1.16274722398774	1.46282604889101e-05	c5
EFHC1	0.00224642066891319	0.0271558477448386	5.09666080843585	3.46580924963547	0.0196314631547229	c5
PHF3	0.000199528814343988	0.0797642439504903	35.1493848857645	33.267282312035	0.00248720823918104	c5
EEF1A1	1.31691761796142e-13	0.0960850654257053	100	99.9962612629454	8.35635070048816e-12	c5
NT5E	2.26047284810145e-22	0.0447467699971662	4.74516695957821	1.27864807268105	3.37010496212081e-20	c5
PNRC1	5.68819586420289e-31	0.218084489466644	94.9033391915642	93.2777507757879	1.34970472851023e-28	c5
RRAGD	0.00210837822582543	0.00751712900049523	0.878734622144113	0.329008860806819	0.0186504846261386	c5
USP45	3.11409823600389e-07	0.0450287493958208	7.38137082601054	4.31076382398026	7.76083032277479e-06	c5
AIM1	1.61126374850546e-06	0.10811403627361	36.7311072056239	32.5756159569298	3.4072968029127e-05	c5
METTL24	7.4448939838816e-07	0.013632279870011	1.40597539543058	0.407522338953901	1.7287957125631e-05	c5
FYN	1.11350558382476e-53	0.361845953689102	76.0105448154657	63.6968631996112	6.25307619023192e-51	c5
DCBLD1	0.000957401382190554	0.0294412934172324	5.79964850615114	3.92193517029947	0.00970769851686083	c5
SAMD3	1.25809522893576e-61	0.329979973768321	47.8910369068541	28.0891314913822	9.63415014630945e-59	c5
VNN2	1.24516883487476e-06	0.052972701850028	10.0175746924429	6.54652858264478	2.68690192461245e-05	c5
RP1-55C23.7	1.24799712471612e-06	0.00107816079171876	0.0878734622144112	0	2.68690192461245e-05	c5
RPS12	2.16907065273103e-35	0.176292600165357	100	99.9925225258908	6.24655269855721e-33	c5
IFNGR1	8.06374575457483e-12	0.130059190766861	26.9771528998243	20.555576326317	4.17357679653831e-10	c5
CITED2	1.88163834687968e-06	0.124504354555292	52.98769771529	48.8129509851572	3.92812406813903e-05	c5
UTRN	0.000504015136165659	0.0773856829429654	34.4463971880492	32.781246494934	0.00559363833925089	c5
SYNE1	0.000574621367044184	0.0789144492967924	32.5131810193322	30.8632743859124	0.00624759352732712	c5
SYTL3	1.15415502382001e-07	0.115508086146115	31.0193321616872	26.5412943507683	3.13464135750729e-06	c5
TAGAP	2.9044210853685e-22	0.257043715880101	69.5957820738137	64.2389800725315	4.27343074455923e-20	c5
ZNF853	0.00097031183361737	0.0116112698108473	1.5817223198594	0.721576251542229	0.00981497656016321	c5
ISPD	0.00029829221495257	0.00566940543711883	0.615114235500879	0.157026956294164	0.00351053366769539	c5
ABCB5	0.00103061880831955	0.000984536201106176	0.0878734622144112	0.00373873705462295	0.0101566745035153	c5
STEAP1B	0.00103061880831955	0.000212477772854089	0.0878734622144112	0.00373873705462295	0.0101566745035153	c5
TOMM7	7.40530231591841e-06	0.0668162979968132	96.9244288224956	96.7659924477511	0.000135827031155446	c5
MPP6	5.4578646920073e-06	0.0349819641731607	5.62390158172232	3.2265300781396	0.000103197134081085	c5
CHN2	5.61178498988113e-05	0.0299698559556991	5.4481546572935	3.30130481923206	0.000814313020883095	c5
AOAH	2.17970925276217e-32	0.221415924483607	35.7644991212654	21.9912513552922	5.56387299716429e-30	c5
TRGC2	1.3548267206002e-08	0.0658842714187543	11.2478031634446	7.03630313680039	4.4063254366702e-07	c5
TRGC1	0.00506138177477834	0.0238980169116379	4.21792618629174	2.84891763562269	0.0389445529845584	c5
TRGV10	4.70836587132643e-09	0.0965532796367818	14.9384885764499	9.84409466482222	1.64910269925647e-07	c5
TRGV9	9.19822304855045e-05	0.0440620411653511	7.29349736379613	4.76315100758964	0.00125526499553608	c5
TRGV8	9.12374682457387e-07	0.0425324961763398	5.97539543057996	3.30130481923206	2.08558701158203e-05	c5
TRGV7	2.59204335566819e-05	0.0375047187908494	6.06326889279438	3.69387220996747	0.000413328484741524	c5
TRGV4	3.72290227745114e-15	0.0680933836483932	8.69947275922671	3.98175496317344	2.83799704381083e-13	c5
TRGV2	3.28449571232332e-22	0.101946610140754	12.2144112478032	5.45481736269488	4.77016372978543e-20	c5
STK17A	2.43111678937819e-08	0.12800521745905	84.0070298769772	80.4202340449396	7.47390958953547e-07	c5
COA1	2.03430902840798e-05	0.0894112494765168	30.2284710017575	27.2142670206004	0.000334361016600871	c5
AC073115.6	0.00343931261255986	0.00665895428701613	0.790861159929701	0.295360227315213	0.0281477287266437	c5
ADAM22	1.93396372869034e-05	0.0183322119752214	2.46045694200351	1.0917112199499	0.000320526187282303	c5
BHLHA15	1.24799712471612e-06	0.00024361066052398	0.0878734622144112	0	2.68690192461245e-05	c5
RP11-307C18.1	0.00102968228400013	0.00120268940399775	0.0878734622144112	0.00373873705462295	0.0101566745035153	c5
PILRB	1.32260333691744e-15	0.117576586405298	20.2108963093146	12.8500392567391	1.04364863780085e-13	c5
RP11-758P17.3	0.00257442852392676	0.00329516306097	0.351493848857645	0.0785134781470819	0.0221057071063171	c5
SH2B2	0.00364968939343952	0.00785422382889128	1.14235500878735	0.504729502374098	0.0296176865179555	c5
SPDYE2	0.000100666961048121	0.00288711583922411	0.263620386643234	0.0299098964369836	0.00135783530246413	c5
SLC26A5	5.43255651710497e-23	0.0195124632436793	1.84534270650264	0.228062960332	8.55348407884743e-21	c5
CTB-107G13.1	2.13022159479902e-20	0.01739496296148	1.5817223198594	0.19067558978577	2.67819725429694e-18	c5
ANKRD7	0.000317517804232164	0.00324984062527994	0.351493848857645	0.0598197928739672	0.00371473781104116	c5
AASS	4.75850095835776e-05	0.0115052634644682	1.40597539543058	0.504729502374098	0.00070662376064745	c5
HYAL4	1.24799712471612e-06	0.00102912578572263	0.0878734622144112	0	2.68690192461245e-05	c5
LINC-PINT	3.961651565835e-07	0.104042147492317	44.2003514938489	40.9129995887389	9.66574133665782e-06	c5
SVOPL	0.0010551805775623	0.0017435723615945	0.175746924428822	0.0186936852731147	0.01034426953168	c5
TRBV12-4	1.45734583054174e-16	0.0909155550867776	7.20562390158172	2.86013384678656	1.26556212407921e-14	c5
TRBV15	9.36485203700794e-10	0.048677454874832	3.77855887521968	1.47306239952144	3.68190577053612e-08	c5
EPHA1	0.000151964720017391	0.0579126045038562	15.0263620386643	11.8704901484279	0.00195431270086487	c5
OR2A42	1.24799712471612e-06	0.000684179210951189	0.0878734622144112	0	2.68690192461245e-05	c5
GIMAP7	2.02173874008814e-06	0.109761748265167	79.1739894551845	76.6628033050436	4.19719439978618e-05	c5
GIMAP4	3.85657134829004e-11	0.155879747048855	77.2407732864675	72.494111489139	1.81738902110887e-09	c5
VIPR2	1.84626708462203e-14	0.0343362616906956	3.60281195079086	1.0917112199499	1.29330817358118e-12	c5
RP13-465B17.4	9.35334028082024e-05	0.00399087065845989	0.439367311072056	0.0785134781470819	0.00127282490881243	c5
P2RY8	9.56592785455317e-19	0.166183855104228	30.6678383128295	21.8790892436535	1.03638062100101e-16	c5
CD99	9.82696048841305e-06	0.0925216736051395	89.6309314586995	88.2566269114293	0.000174176542186528	c5
ARSD-AS1	0.00102968228400013	0.00123950205526873	0.0878734622144112	0.00373873705462295	0.0101566745035153	c5
RAB9A	4.11867442249555e-06	0.092339359182235	25.8347978910369	22.0697648334393	8.02629357961626e-05	c5
OFD1	4.2722984274765e-07	0.10953388735754	35.9402460456942	32.523273638165	1.03190554276268e-05	c5
SCML2	9.72049774424385e-05	0.00582283405778365	0.615114235500879	0.142072008075672	0.00131535120881346	c5
XK	0.000534535373562251	0.00270711641713975	0.263620386643234	0.0373873705462295	0.00587622671347683	c5
USP11	1.57624284956859e-13	0.128553745988305	25.4833040421793	18.5104871574382	9.89011668032853e-12	c5
RP11-1148L6.9	0.00118985286370562	0.00868009015954656	1.23022847100176	0.512206976483344	0.0114480018245851	c5
TSPYL2	0.000633703677725252	0.0843730829240656	31.9859402460457	29.9398063334206	0.0067891929148727	c5
FGD1	4.90692188858129e-05	0.00206660807202445	0.175746924428822	0.0112162111638688	0.000724195471370381	c5
P2RY4	1.24799712471612e-06	0.000983688811752741	0.0878734622144112	0	2.68690192461245e-05	c5
TCEAL6	1.24799712471612e-06	0.00101190842409811	0.0878734622144112	0	2.68690192461245e-05	c5
BEX4	0.000473345866915902	0.0598079271357073	18.4534270650264	15.6840019441433	0.0052863492342938	c5
BEX2	9.23266517095944e-07	0.0733755349766783	18.7170474516696	14.3604890268067	2.10477280291142e-05	c5
TCEAL3	0.000826274269174636	0.0410264039699946	10.0175746924429	7.6083299061577	0.008561034817211	c5
TSC22D3	2.82156642990888e-27	0.29617174940384	95.8699472759227	93.9918495532209	5.69280594547004e-25	c5
RPL39	1.03013450431285e-18	0.125086230750775	99.9121265377856	99.9476576812353	1.10539337542411e-16	c5
AKAP14	0.00103061880831955	0.00108524591359207	0.0878734622144112	0.00373873705462295	0.0101566745035153	c5
SH2D1A	5.874213881107e-16	0.176265699909045	50.9666080843585	43.3955209930086	4.80402336189367e-14	c5
TENM1	0.00301784812372737	0.00889464133506189	1.14235500878735	0.497252028264852	0.0251816182964017	c5
SMARCA1	0.00278101114278748	0.00189847676649433	0.175746924428822	0.0224324223277377	0.0235199270695485	c5
OCRL	0.000449371780431373	0.00811761028888397	0.878734622144113	0.287882753205967	0.00505884823583518	c5
DDX26B-AS1	0.00102968228400013	0.0011157626035804	0.0878734622144112	0.00373873705462295	0.0101566745035153	c5
RPL10	8.4819631430376e-13	0.0874045207836671	100	99.9925225258908	4.96165392606786e-11	c5
PPP3CC	0.00421611035678688	0.0593796965221258	39.4551845342706	39.4436759262721	0.033472578313284	c5
SORBS3	2.20039137424994e-08	0.0793793472508364	17.8383128295255	12.7864807268105	6.85212448835281e-07	c5
SARAF	8.63746205910746e-33	0.181893168266904	98.7697715289982	98.9269824653232	2.22160798946234e-30	c5
LEPROTL1	3.90412021938396e-12	0.13385481652218	78.1195079086116	77.6012263057539	2.1182838433482e-10	c5
RP11-589C21.5	0.000219230254626872	0.0290800170178796	4.6572934973638	2.82648521329495	0.00269392567447039	c5
MYBL1	1.39319574447459e-08	0.0752016425674004	13.884007029877	9.18981568026321	4.52674420581744e-07	c5
CPA6	4.27135071937118e-08	0.00240402249016354	0.175746924428822	0.00373873705462295	1.25474185822574e-06	c5
ZBTB10	3.00800823995549e-06	0.0570548847213776	11.9507908611599	8.33364489475455	6.0472452050752e-05	c5
OTUD6B-AS1	8.40983924925872e-08	0.10610584699868	33.9191564147627	29.6631397913785	2.34376446372641e-06	c5
LINC00535	0.00103061880831955	0.00086518851363154	0.0878734622144112	0.00373873705462295	0.0101566745035153	c5
CPQ	0.000107983419665853	0.0521488776253834	12.1265377855888	9.13373462444386	0.00144037741180573	c5
RPL30	5.28841932118338e-45	0.170211801715883	100	99.9887837888361	2.28446154625581e-42	c5
RNF19A	1.33849438429754e-05	0.0957390756606604	49.7363796133568	47.5716902830224	0.000230215568068001	c5
PABPC1	0.00103196718979678	0.0591521332452452	97.1001757469244	96.8258122406251	0.0101610469003544	c5
PKHD1L1	1.24799712471612e-06	0.00024361066052398	0.0878734622144112	0	2.68690192461245e-05	c5
FBXO32	0.000102210650445576	0.0844550012759718	25.3954305799649	22.320260216099	0.00137370788038023	c5
RP11-136O12.2	0.00102968228400013	0.00112699139467625	0.0878734622144112	0.00373873705462295	0.0101566745035153	c5
LINC00861	3.58791489186671e-10	0.145760998675539	48.5940246045694	43.0366022357648	1.49248400452539e-08	c5
PCAT1	0.0020889191833584	0.0049349817027811	0.527240773286467	0.149549482184918	0.0185172436106493	c5
POU5F1B	0.00017530709215547	0.0055189162312329	0.615114235500879	0.149549482184918	0.00221726620235977	c5
ST3GAL1	1.69040798289844e-07	0.11371731908401	35.9402460456942	32.4410214229633	4.41866614241893e-06	c5
RP11-629O1.2	0.00257421813017949	0.00452971913698283	0.527240773286467	0.153288219239541	0.0221057071063171	c5
KCNK9	0.00102968228400013	0.0010519313388006	0.0878734622144112	0.00373873705462295	0.0101566745035153	c5
RPL8	9.17707539407604e-06	0.0453594529851209	99.5606326889279	99.8915766254159	0.000163951420110285	c5
RPS6	0.000469379493386139	0.062246394092631	100	99.8392343066512	0.00525075453192316	c5
FOCAD-AS1	0.00102968228400013	0.000989075947391878	0.0878734622144112	0.00373873705462295	0.0101566745035153	c5
IFNB1	0.00102968228400013	0.00123876822995545	0.0878734622144112	0.00373873705462295	0.0101566745035153	c5
RP11-56F10.3	0.00102968228400013	0.000943462137287968	0.0878734622144112	0.00373873705462295	0.0101566745035153	c5
B4GALT1	6.30305260019854e-17	0.167167368135436	34.9736379613357	26.7244924664448	5.67847738799705e-15	c5
RP11-374M1.5	0.00594012133124561	0.00182254712424089	0.175746924428822	0.0261711593823606	0.0443194083558436	c5
TMEM2	4.42567818664696e-12	0.160654666989713	50.1757469244288	44.6928627509627	2.38972437212953e-10	c5
ANXA1	0.000282677350036746	0.130231989316071	68.7170474516696	62.0443414214678	0.00336080826822094	c5
TLE4	8.09172669555753e-05	0.0771969381017657	22.9349736379613	19.6657569073167	0.00112106348388205	c5
NR4A3	4.75416920987879e-05	0.0323380225869682	6.06326889279438	3.75743073989606	0.000706291787291253	c5
ZNF883	0.00490641459175119	0.00649298198289472	0.790861159929701	0.306576438479082	0.0379602142949402	c5
AKNA	0.000529216542909716	0.0695211329448177	43.6731107205624	42.9730437058362	0.00583679940975449	c5
MVB12B	0.000288677268647286	0.0426956448409587	8.78734622144112	6.29603319998504	0.00342248131238622	c5
STXBP1	0.00024624989930649	0.0142709493908494	1.75746924428823	0.770179833252327	0.00298565818900068	c5
FAM102A	7.97736339554956e-05	0.0879759173138118	43.0579964850615	42.0682693386174	0.00111024073626455	c5
RPL7A	1.48870348360843e-16	0.0970433906994068	100	99.9551351553445	1.28946979888695e-14	c5
LCNL1	0.000228098287794727	0.00636031039261316	0.70298769771529	0.19067558978577	0.00279068399017994	c5
C9orf142	3.23076477524707e-11	0.139415115560153	72.6713532513181	68.3142034620705	1.54407643031454e-09	c5
ATHL1	0.000577906966572445	0.0464490355910163	10.6326889279438	8.13549183085954	0.00626961662888508	c5
IFITM5	1.24799712471612e-06	0.00122461666739904	0.0878734622144112	0	2.68690192461245e-05	c5
RPLP2	1.92021055802844e-51	0.191528070490935	100	99.9588738923991	9.80296583972884e-49	c5
PNPLA2	0.000500358553082353	0.075185373567929	34.8857644991213	33.7944442367368	0.00555671756346631	c5
DUSP8	0.000146613826721966	0.0137761144441184	2.02108963093146	0.908513104273376	0.00189344817078188	c5
RPL27A	2.81391431311533e-13	0.120320263447235	96.0456942003515	96.1154522002468	1.72385507029287e-11	c5
SBF2	0.000190194691171196	0.0351193559885522	6.41476274165202	4.22851160877855	0.00238231223952501	c5
DKK3	3.60875278364505e-44	0.117378382385288	12.1265377855888	3.76864695105993	1.44753947966829e-41	c5
PDE3B	1.04739454019896e-14	0.158520611944877	39.5430579964851	31.640931693274	7.57315700374762e-13	c5
RPS13	5.7144821496484e-10	0.0752176873075965	99.7363796133568	99.9177477847983	2.32540774819146e-08	c5
NUCB2	6.30586989947695e-23	0.206649496166593	42.7065026362039	32.4896250046734	9.88232466944076e-21	c5
NCR3LG1	3.40290010486966e-06	0.00921638150948913	0.966608084358524	0.239279171495869	6.7641363760059e-05	c5
RP1-239B22.5	0.00103171316590942	0.00267085453545256	0.263620386643234	0.0411261076008524	0.0101610469003544	c5
CD44	0.00148365678144905	0.0379100798363206	81.195079086116	84.2412233147643	0.0138285841200953	c5
YPEL4	0.00400055328129146	0.0100557591434657	1.49384885764499	0.736531199760721	0.0320634258467732	c5
MS4A1	2.92131886302945e-52	0.14774856004642	17.0474516695958	5.91842075746813	1.58759544791797e-49	c5
TMEM109	0.000952969127975933	0.0691137529387627	36.0281195079086	34.863723034359	0.00966857627161129	c5
AHNAK	6.94033912331081e-08	0.124619313549322	64.4991212653779	62.0181702620855	1.95688524201535e-06	c5
PPP1R14B	0.00254143211277897	0.0819320133835082	21.6168717047452	19.0226941339216	0.0218781332672393	c5
SF1	0.00032784530541407	0.0555373663079826	69.2442882249561	70.9874004561259	0.00381700750539795	c5
FAU	7.96240480539974e-17	0.0828208847927008	99.9121265377856	99.9364414700714	7.1163200931867e-15	c5
MALAT1	5.82632828586949e-38	0.217448881908003	100	99.9738288406176	1.88761831984699e-35	c5
CTSW	2.12123456738379e-66	0.502607591563242	79.3497363796134	51.2319138594983	2.23352742229467e-63	c5
GSTP1	2.52449552928953e-06	0.0917710759269144	53.0755711775044	50.0355180020189	5.15517287053827e-05	c5
RPS3	2.32871535727177e-81	0.228558088625776	100	99.9925225258908	3.1385494099166e-78	c5
C11orf70	0.00102968228400013	0.00110737421285615	0.0878734622144112	0.00373873705462295	0.0101566745035153	c5
DYNC2H1	0.000140685834271023	0.0185571960149571	2.98769771528998	1.55157587766852	0.00182810200537133	c5
ATM	1.35291418221233e-23	0.220945387820352	51.8453427065026	42.8496653830336	2.21286846871177e-21	c5
RP11-347E10.1	0.000100848472348219	0.00235463937453048	0.263620386643234	0.0299098964369836	0.00135919537092035	c5
IL10RA	1.74627557789778e-25	0.224230523203208	59.0509666080844	49.0111040490522	3.23291260009274e-23	c5
DDX6	0.004134222577044	0.0588946854673095	39.4551845342706	39.2978651811418	0.0329233031224109	c5
RPS25	2.12039684442754e-28	0.131678306245372	99.9121265377856	99.970090103563	4.41016365902108e-26	c5
H2AFX	0.000571592522859047	0.0609009909633056	18.2776801405975	15.4970650914121	0.00622068425878964	c5
SORL1	6.3431076215725e-12	0.133313008183681	36.4674868189807	29.5921037873406	3.34467399376e-10	c5
CRTAM	1.77747783144325e-71	0.328387973729248	37.609841827768	17.471118256253	2.13894064473745e-68	c5
TBRG1	0.000417361417712735	0.0587008901372083	53.427065026362	55.191236400344	0.00473646871283694	c5
HEPN1	1.24799712471612e-06	0.0010805625467834	0.0878734622144112	0	2.68690192461245e-05	c5
RP11-184A2.2	1.24799712471612e-06	0.00104018725087398	0.0878734622144112	0	2.68690192461245e-05	c5
KLF6	0.000680426639234108	0.10917004037837	93.1458699472759	90.7802744232998	0.0072299890199792	c5
PTCHD3	1.24799712471612e-06	0.00102710599757744	0.0878734622144112	0	2.68690192461245e-05	c5
BAMBI	0.000272811981889796	0.017827667167214	1.93321616871705	0.886080681945639	0.00326077577786264	c5
RP11-162G10.5	0.00365713879580517	0.0215006160797891	3.77855887521968	2.44513403372341	0.02966385040584	c5
SEC24C	0.00119846558335366	0.0565836784302436	15.9929701230228	13.5342281377351	0.0115144281053659	c5
ZSWIM8-AS1	0.00102968228400013	0.00116997559231835	0.0878734622144112	0.00373873705462295	0.0101566745035153	c5
FAM213A	1.98608422446446e-05	0.0219890116844926	2.72407732864675	1.26743186151718	0.000327713623208157	c5
CDHR1	0.000382618079762588	0.00968744415868078	1.14235500878735	0.422477287172393	0.00438799645320648	c5
CCSER2	0.000351877294538816	0.0786388978806087	37.170474516696	35.7049388716492	0.00408269750764149	c5
FGFBP3	0.00111281289001853	0.0232155939311589	4.56942003514938	2.92743111376977	0.0108148593932173	c5
ITPRIP	4.8250908673232e-06	0.0644603296190658	12.9173989455185	9.32441021422963	9.22158886463913e-05	c5
PDCD4	8.71806377430276e-07	0.104392969730989	59.6660808435852	58.4102890043743	1.99827510756025e-05	c5
TCF7L2	6.46236463588149e-05	0.0178855730425362	2.19683655536028	0.983287845365835	0.000923422027317179	c5
PLEKHA1	0.000377386936425403	0.0641136850251237	18.4534270650264	15.5568848842861	0.00433834030566957	c5
RP11-108K14.8	0.00594669924026933	0.00122056860319305	0.175746924428822	0.0261711593823606	0.0443292221685033	c5
CACNA1C-AS1	0.00578146357262954	0.015447816161163	2.89982425307557	1.79459378621902	0.0434285913490279	c5
GALNT8	0.00630908262591032	0.00311759382742629	0.351493848857645	0.0897296893109508	0.046566972617179	c5
P3H3	2.1548253966655e-06	0.0128477210752561	1.49384885764499	0.471080868882492	4.44609227894963e-05	c5
RIMKLB	0.00495025188757122	0.0172634390294647	3.07557117750439	1.91797210902157	0.0382554557568405	c5
KLRG1	8.1426138121611e-16	0.165928910868572	34.0949033391916	24.8139978315325	6.54790524551208e-14	c5
A2M-AS1	0.00659343474556758	0.0136958564934181	2.3725834797891	1.40202639548361	0.0483269937605295	c5
PZP	0.00466855404597643	0.00343835999917918	0.439367311072056	0.123378322802557	0.0364632035292373	c5
CD69	1.12792376164604e-30	0.382345861095179	93.585237258348	85.8675739335253	2.63918494617374e-28	c5
KLRF1	0.00167658304138693	0.0121081732058093	1.31810193321617	0.579504243466557	0.0153424196079552	c5
CLEC2B	7.75758192814851e-14	0.18287489373796	65.2899824253076	55.2847048267095	5.11514609563671e-12	c5
KLRD1	0.00213997189114349	0.0672577610892682	16.3444639718805	13.425804763151	0.0188873945705978	c5
KLRK1	5.98005567448409e-13	0.0791281072388251	12.2144112478032	6.93535723632557	3.54739429394484e-11	c5
KLRC3	4.98368262877988e-05	0.0441658526990394	6.85413005272408	4.38553856507272	0.000734237877105856	c5
YBX3	4.03368026520104e-19	0.0837349504336956	10.8084358523726	4.97625901970314	4.53036076185612e-17	c5
RP11-253I19.3	0.000292197178045199	0.00212706299538732	0.175746924428822	0.0149549482184918	0.00345206581944422	c5
DENND5B	0.00594450587493629	0.00108810445993664	0.175746924428822	0.0261711593823606	0.0443226777937825	c5
KIAA1551	0.000111862952870485	0.076293604732272	67.5746924428822	66.9682581224063	0.00148859017931205	c5
AC079630.4	3.45165409444702e-06	0.00206622888621745	0.175746924428822	0.0074774741092459	6.84520500637422e-05	c5
NELL2	4.84547942060948e-44	0.30727568929899	49.4727592267135	33.6299398063334	1.9207480423296e-41	c5
SLC38A1	6.50555468934772e-09	0.115622305613874	49.2091388400703	46.5921411747112	2.22085268189344e-07	c5
ANP32D	0.00102968228400013	0.000938982687672557	0.0878734622144112	0.00373873705462295	0.0101566745035153	c5
RP11-407N8.6	0.00102968228400013	0.000870119308383275	0.0878734622144112	0.00373873705462295	0.0101566745035153	c5
SMAGP	2.04868666827082e-05	0.0393994464844343	6.94200351493849	4.38927730212734	0.000336232092550984	c5
BIN2	0.00359938229006656	0.05350226657438	49.0333919156415	50.4093917074812	0.0292658269501695	c5
HOXC4	0.00681605826530222	0.00868756106377903	1.14235500878735	0.534639398811082	0.0496562739872633	c5
RPL41	1.58290937218126e-15	0.136364644322655	100	99.9027928365798	1.24033833456454e-13	c5
AGAP2-AS1	0.00467973241754851	0.00269845609663001	0.263620386643234	0.0523423187647213	0.036500591956387	c5
IFNG-AS1	5.14486905066856e-71	0.249706622448457	28.9103690685413	11.8069316184993	5.97762819976643e-68	c5
AC123512.2	0.000291862904659686	0.00207287143716216	0.175746924428822	0.0149549482184918	0.00345206581944422	c5
BTG1	8.30583063526437e-64	0.272105542401376	99.9121265377856	99.8616667289789	7.36464887959468e-61	c5
CDK17	0.00260065681640679	0.0652164742389046	26.5377855887522	24.8326915168056	0.0222798196725172	c5
CHPT1	1.4058976080438e-17	0.111159557393978	15.7293497363796	8.90567166411186	1.33814446343016e-15	c5
C12orf42	0.00194627178954605	0.0235986163491305	4.74516695957821	3.13680038882865	0.017431600658417	c5
RP3-473L9.4	0.00103061880831955	0.000971274576627956	0.0878734622144112	0.00373873705462295	0.0101566745035153	c5
RPL6	2.97356214227191e-09	0.0723389872197147	99.9121265377856	99.8766216771974	1.08785236505657e-07	c5
HRK	1.24799712471612e-06	0.000931478650029883	0.0878734622144112	0	2.68690192461245e-05	c5
RPLP0	0.000231333082710664	0.0617652033109448	99.6485061511424	99.6709911391932	0.00282513116667384	c5
RP1-278C19.8	0.00277517993265939	0.00214683623714573	0.175746924428822	0.0224324223277377	0.0235021241009415	c5
ZNF10	0.000182659734755761	0.0548618048439199	13.2688927943761	10.3151755337047	0.00229561249640455	c5
RPL21	8.43288418562113e-08	0.110158923149769	99.2970123022847	99.3718921748233	2.34824462603569e-06	c5
RP11-187A9.3	0.00102968228400013	0.00107177665338495	0.0878734622144112	0.00373873705462295	0.0101566745035153	c5
LINC00444	0.00103061880831955	0.00103513203781627	0.0878734622144112	0.00373873705462295	0.0101566745035153	c5
LINC00402	3.70088400438975e-06	0.0600904818195125	14.0597539543058	10.0871125733727	7.27948544331046e-05	c5
GPR183	6.34457119712794e-06	0.11540167721901	44.3760984182777	39.4773245597637	0.000118697380297628	c5
RP11-365P13.5	0.00593354997999403	0.00190724766803948	0.175746924428822	0.0261711593823606	0.0443025413676657	c5
MCF2L	0.00419289660813403	0.0112402728067831	1.5817223198594	0.800089729689311	0.0333039741429675	c5
RASA3	1.41384810340043e-12	0.120125461303827	26.0105448154657	19.0712977156317	8.0742708467753e-11	c5
TRAV1-2	0.00155665044969751	0.0357049794956522	5.18453427065026	3.43216061614387	0.014413099514109	c5
TRAV9-2	0.00318077693884905	0.059902643223583	10.4569420035149	8.08314951209482	0.0262872450766691	c5
TRAJ47	0.00102968228400013	0.00167913857529891	0.0878734622144112	0.00373873705462295	0.0101566745035153	c5
TRAJ4	2.14927269319749e-07	0.0029162271439114	0.263620386643234	0.0149549482184918	5.50704137829629e-06	c5
CTD-2213F21.3	0.00253022204005394	0.00790620490802518	0.966608084358524	0.385089916626164	0.0217871968866796	c5
FAM177A1	8.78187099700494e-11	0.142230754548573	45.1669595782074	40.5578195685497	3.96643916049711e-09	c5
RALGAPA1	2.30062255007483e-06	0.100412772064796	30.5799648506151	27.0086364825962	4.72665708550131e-05	c5
RPS29	4.57084487124299e-33	0.162751057043895	99.7363796133568	99.7308109320671	1.19387633404389e-30	c5
RPL36AL	2.24111169841159e-09	0.0789106672049908	97.2759226713533	97.6707668149699	8.30715264755558e-08	c5
RP11-596C23.2	0.000983644519736287	0.0523391492960865	12.9173989455185	10.3076980595955	0.00992600133213371	c5
PTGDR	1.55882497870548e-29	0.134103024278923	17.5746924428822	8.31868994653606	3.5015365888335e-27	c5
KTN1-AS1	0.00223448506997208	0.0131803812249997	1.84534270650264	0.942161737764983	0.0195656808595736	c5
RP11-930O11.1	0.00102968228400013	0.00120857074477769	0.0878734622144112	0.00373873705462295	0.0101566745035153	c5
RP11-293M10.2	0.00102968228400013	0.00117824748866929	0.0878734622144112	0.00373873705462295	0.0101566745035153	c5
FOS	5.20486722630916e-12	0.34239131668086	86.3796133567663	77.8928477960145	2.77928361843519e-10	c5
TC2N	7.57271958498525e-36	0.296158869714283	63.2688927943761	51.1421841701873	2.23820362891661e-33	c5
SERPINA10	1.24799712471612e-06	0.00107161729222187	0.0878734622144112	0	2.68690192461245e-05	c5
PPP2R5C	4.12065211393817e-16	0.183284721163806	62.7416520210896	57.1615508281303	3.40297187076061e-14	c5
AL122127.25	0.000292699260612547	0.001012364254685	0.175746924428822	0.0149549482184918	0.00345436388339025	c5
IGHV1-45	2.14295951070636e-07	0.00304292765072326	0.263620386643234	0.0149549482184918	5.4950439690822e-06	c5
IGHV2-70	0.00102968228400013	0.00173013433150869	0.0878734622144112	0.00373873705462295	0.0101566745035153	c5
APBA2	2.6012916985525e-06	0.0564604707278266	12.0386643233743	8.3411223688638	5.29594697830985e-05	c5
RP11-16E12.2	0.00103061880831955	0.000203644254958363	0.0878734622144112	0.00373873705462295	0.0101566745035153	c5
KLF13	0.0023879383077301	0.0549186142489041	17.0474516695958	14.6670654652858	0.0207155492638152	c5
STRC	0.00592917271956391	0.0021180570637668	0.175746924428822	0.0261711593823606	0.0443025413676657	c5
DUOXA1	7.07351312459126e-12	0.00178968098123627	0.175746924428822	0	3.69511552279035e-10	c5
AQP9	0.00102968228400013	0.00101936618410756	0.0878734622144112	0.00373873705462295	0.0101566745035153	c5
RP11-34F13.2	1.24799712471612e-06	0.00121450703316318	0.0878734622144112	0	2.68690192461245e-05	c5
RP11-106M3.2	4.27135071937118e-08	0.00201333267999021	0.175746924428822	0.00373873705462295	1.25474185822574e-06	c5
RP11-1007O24.3	0.00618641345297035	0.00960653291431581	1.49384885764499	0.762702359143081	0.0457718521924425	c5
REC114	1.24799712471612e-06	0.00122082766448493	0.0878734622144112	0	2.68690192461245e-05	c5
CTD-3154N5.1	0.000534535373562251	0.00273734342919418	0.263620386643234	0.0373873705462295	0.00587622671347683	c5
RP11-285A1.1	0.00103061880831955	0.00091765613750486	0.0878734622144112	0.00373873705462295	0.0101566745035153	c5
RP11-335K5.2	1.24799712471612e-06	0.00102939575831124	0.0878734622144112	0	2.68690192461245e-05	c5
BCL2A1	0.000993728901272125	0.0561848751117215	19.1564147627417	16.3756682992485	0.0100067846979865	c5
CTD-2240J17.2	0.00103061880831955	0.00105936033577453	0.0878734622144112	0.00373873705462295	0.0101566745035153	c5
CPEB1	0.000487338496794096	0.00478198174317772	0.439367311072056	0.0934684263655737	0.00542822588792736	c5
CPEB1-AS1	1.24799712471612e-06	0.0009542828557086	0.0878734622144112	0	2.68690192461245e-05	c5
RP11-326A19.3	0.00593573970212025	0.0018460572259366	0.175746924428822	0.0261711593823606	0.0443025413676657	c5
CHD2	0.00120972566319319	0.0726126085892403	39.103690685413	38.0752981642801	0.0115985105734584	c5
MCTP2	1.05963293616948e-08	0.0593524308069165	10.4569420035149	6.39697910045987	3.51756375874821e-07	c5
SYNM	1.85197262438144e-05	0.02506439271128	3.60281195079086	1.84693610498374	0.000307845908267924	c5
RP11-6O2.4	0.00341582683070272	0.00597456909175115	0.615114235500879	0.201891800949639	0.0279827058676628	c5
NME4	0.00447545833795055	0.0329446956019412	9.49033391915641	7.45130294986354	0.0352409659357106	c5
FAM173A	0.000114102840748355	0.0790775778071061	28.1195079086116	25.344898493289	0.00151301893592093	c5
HAGHL	1.48451087191096e-08	0.0715405749887683	12.3022847100176	8.0158522451116	4.79110242511186e-07	c5
BAIAP3	2.0497459154502e-10	0.0221536989183835	2.28471001757469	0.658017721613639	8.8204519636244e-09	c5
RPS2	0.000388447341281389	0.0659988952387196	100	99.9065315736344	0.00444576926533122	c5
SNHG9	7.15256916726182e-05	0.0822879498992867	24.3409490333919	21.2584588925861	0.00100723598542875	c5
MMP25-AS1	0.000280024163530725	0.0609038982444875	17.311072056239	14.2819755486597	0.00333396966996616	c5
LITAF	1.42841083778188e-44	0.3162717982849	70.8260105448155	59.6440722323999	6.01610934602785e-42	c5
TNFRSF17	0.00103061880831955	0.000961481638829078	0.0878734622144112	0.00373873705462295	0.0101566745035153	c5
SHISA9	0.00102968228400013	0.000913224402873795	0.0878734622144112	0.00373873705462295	0.0101566745035153	c5
ABCC6	0.00102968228400013	0.00106139129186041	0.0878734622144112	0.00373873705462295	0.0101566745035153	c5
RPS15A	3.51945309820211e-18	0.0927106942683453	100	99.9813063147269	3.53983440868125e-16	c5
COQ7	3.86142753295308e-05	0.0541569110551588	12.7416520210896	9.51134706696078	0.000590054146464041	c5
CRYM-AS1	0.00102968228400013	0.00101308217404933	0.0878734622144112	0.00373873705462295	0.0101566745035153	c5
RP11-1348G14.8	0.00624787813378427	0.00748690810425972	0.878734622144113	0.366396231353049	0.0461657907543261	c5
RP11-196G11.6	0.0046707401039767	0.00312180957855432	0.263620386643234	0.0523423187647213	0.0364685822644385	c5
BBS2	7.79355106101925e-06	0.0491277323884876	10.8084358523726	7.46999663513665	0.000142174287736861	c5
CLEC18C	1.24799712471612e-06	0.00104897567640665	0.0878734622144112	0	2.68690192461245e-05	c5
MTSS1L	0.0063051470380852	0.00326612112592003	0.351493848857645	0.0897296893109508	0.0465481210125422	c5
TMEM231	0.00108506684591648	0.0136363989951889	1.75746924428823	0.841215837290163	0.0105910319543192	c5
GABARAPL2	1.59891939282851e-06	0.0717396667574282	62.5659050966608	64.1604665943844	3.38404459936958e-05	c5
ADAT1	0.000194655822959142	0.0561210605142682	12.9173989455185	10.0272927804987	0.00243366727227656	c5
TERF2IP	4.67991124091949e-09	0.113222660474383	63.7082601054482	61.5956929749131	1.64084213685267e-07	c5
C16orf74	6.75695678519576e-10	0.0367091663607414	4.56942003514938	1.95162074251318	2.71681267208098e-08	c5
RP5-1142A6.5	1.24799712471612e-06	0.00121706565395201	0.0878734622144112	0	2.68690192461245e-05	c5
RPL13	9.03877697503698e-23	0.126665242834639	100	99.9925225258908	1.39065091962053e-20	c5
RP5-1029F21.3	1.24799712471612e-06	0.00103264776034927	0.0878734622144112	0	2.68690192461245e-05	c5
NXN	0.000533537379315198	0.00302160956064115	0.263620386643234	0.0373873705462295	0.0058710021092901	c5
RP11-542C16.2	1.24799712471612e-06	0.00134841917591827	0.0878734622144112	0	2.68690192461245e-05	c5
RP11-599B13.7	1.24799712471612e-06	0.00142134116486549	0.0878734622144112	0	2.68690192461245e-05	c5
RCVRN	0.00103061880831955	0.000977236400642413	0.0878734622144112	0.00373873705462295	0.0101566745035153	c5
GAS7	0.00209753541074836	0.0154266595204061	2.10896309314587	1.12162111638688	0.0185728577069807	c5
RASD1	0.00303364040708	0.0139714363304741	2.02108963093146	1.08423374584066	0.0252883423741102	c5
FAM27L	0.00102968228400013	0.00112588316815384	0.0878734622144112	0.00373873705462295	0.0101566745035153	c5
RPL23A	2.24407542062817e-44	0.188939336469793	100	99.9027928365798	9.220960636908e-42	c5
RP11-20B24.2	0.00103061880831955	0.000717038286907101	0.0878734622144112	0.00373873705462295	0.0101566745035153	c5
SSH2	2.59877653597809e-06	0.104201956346979	36.5553602811951	33.6075073840057	5.29402518762067e-05	c5
CCL11	0.00103061880831955	0.000866906247465883	0.0878734622144112	0.00373873705462295	0.0101566745035153	c5
CCL5	5.68582243501715e-82	1.22911306814393	98.3304042179262	63.4127191834598	8.70372775278386e-79	c5
CCL4	1.33428997680256e-63	0.686203974725196	63.9718804920914	37.2004336934983	1.1527581148304e-60	c5
AC131056.3	2.84239572477286e-05	0.0302013866088339	5.27240773286468	3.07698059595469	0.000448999913504438	c5
CCL3L3	5.10884467173359e-07	0.0593711573891589	11.1599297012302	7.21576251542229	1.21824071032832e-05	c5
CCL4L2	7.12394185356267e-13	0.163874571136863	26.1862917398945	17.84873069877	4.19640029395001e-11	c5
RPL19	1.45825399524669e-13	0.0841819321076365	100	99.9925225258908	9.18400189081159e-12	c5
IKZF3	5.85461719016429e-07	0.101563390107208	50.3514938488576	46.7005645492953	1.37947882241535e-05	c5
THRA	0.000128694045358685	0.0382866436691187	7.90861159929701	5.39125883276629	0.00168331411658212	c5
CCR7	0.000509718123113094	0.0796324970645412	44.6397188049209	40.7484951583355	0.00564762987180947	c5
KRT10	0.00559542148671289	0.0375708392122738	55.5360281195079	57.9541630837103	0.04226230252708	c5
EIF1	5.27429531548819e-08	0.0661090786466292	99.3848857644991	99.4354507047519	1.51806902915875e-06	c5
GFAP	1.24799712471612e-06	0.000814355530661225	0.0878734622144112	0	2.68690192461245e-05	c5
AC091132.1	0.00103061880831955	0.000204974491827481	0.0878734622144112	0.00373873705462295	0.0101566745035153	c5
RP11-798G7.5	1.14200435026541e-06	0.00416268764024184	0.351493848857645	0.0336486334916065	2.55502620038796e-05	c5
MRPL10	1.02014101891991e-06	0.0940388260827589	29.5254833040422	25.5542677683479	2.30688801956291e-05	c5
HOXB6	0.00381867345560392	0.0047874214848319	0.527240773286467	0.160765693348787	0.0307814314385451	c5
RP11-1079K10.4	0.00053254112149575	0.00299380003399323	0.263620386643234	0.0373873705462295	0.00586386946002543	c5
CYB561	3.17610883565761e-06	0.0624964518300025	12.9173989455185	9.29076158073803	6.35863405280139e-05	c5
LIMD2	0.000853781648718186	0.0551997071154802	91.6520210896309	91.5766254159345	0.00880542359103476	c5
ICAM2	0.00402673124991463	0.0596468465062919	33.5676625659051	32.2466070961229	0.0322246932116584	c5
ERN1	0.00480489714361779	0.0623543063402443	29.5254833040422	27.2927804987475	0.0372946796491725	c5
PECAM1	2.21379896567642e-36	0.159906262324815	20.9138840070299	9.82913971660373	6.6599769954912e-34	c5
PITPNC1	3.92791182642248e-09	0.121167979541228	33.0404217926186	27.9881855909074	1.39901755897969e-07	c5
RPL38	1.84843283249476e-12	0.0979601401731847	97.7152899824253	98.2689647437096	1.04148989729228e-10	c5
CD300A	0.00096337214964987	0.0432494880289089	9.66608084358524	7.32044715295173	0.00975356406559576	c5
MYO15B	3.68643466051284e-06	0.0187010173543701	2.19683655536028	0.867386996672524	7.25555470701148e-05	c5
SRSF2	0.00215855921793526	0.0462380584399777	64.9384885764499	67.5141137323812	0.0190244557387159	c5
TNRC6C	4.50757853655066e-05	0.068958757574855	18.2776801405975	14.764272628706	0.000673816997384818	c5
DNAH17	0.00593136098587862	0.00233586221858178	0.175746924428822	0.0261711593823606	0.0443025413676657	c5
RP13-516M14.4	0.00283669874445977	0.0174498201257295	2.46045694200351	1.40202639548361	0.0239068853166151	c5
YES1	9.06042843028297e-05	0.042700783970641	7.64499121265378	5.15945713537967	0.00123896946237806	c5
SMCHD1	0.000241476956690199	0.0716100361767555	58.1722319859403	58.7131267057988	0.00293730129195652	c5
TGIF1	1.18379327694954e-10	0.123701715186384	31.0193321616872	24.6121060305829	5.22077626616986e-09	c5
OSBPL1A	0.00061714122359074	0.0152127235287664	2.10896309314587	1.0431076382398	0.00662861217330775	c5
RP11-326K13.4	0.00116011460302349	0.0162785289185162	2.46045694200351	1.33099039144577	0.0112131099926201	c5
DSEL	1.28885975841161e-21	0.0634994581703098	7.0298769771529	2.44887277077803	1.7301530159331e-19	c5
MBP	3.28487903177398e-25	0.226508589297059	62.2144112478032	53.6546154708939	5.98274130251852e-23	c5
CDC25B	2.00413487742847e-07	0.104772696544287	25.8347978910369	21.348188581897	5.15869522995224e-06	c5
PROKR2	0.000292364449191363	0.00216750451098723	0.175746924428822	0.0149549482184918	0.00345283131828033	c5
PLCB1	0.000259073563425841	0.0311692869987146	5.18453427065026	3.26765618574046	0.00312325054791405	c5
LAMP5	0.00103061880831955	0.00055109398286704	0.0878734622144112	0.00373873705462295	0.0101566745035153	c5
LINC00237	0.000187650989172417	0.00496048858048079	0.527240773286467	0.115900848693311	0.00235407432132647	c5
CST3	5.7382381629466e-09	0.0270303451481589	3.33919156414763	1.29734175795416	1.97289996594207e-07	c5
CST7	4.67306022641841e-153	0.935413619964284	93.1458699472759	61.1433057913037	3.93635228172355e-149	c5
APMAP	2.63843671982945e-19	0.18302501324953	41.2126537785589	32.8448050248626	3.00336104182208e-17	c5
ID1	2.34767667155216e-08	0.0286161515349016	3.33919156414763	1.34220660260964	7.27085791756637e-07	c5
STK4	2.09798337157471e-06	0.0852157512803846	74.4288224956063	74.8158672000598	4.34477269341355e-05	c5
ZFAS1	0.00500494328023086	0.0375672226252013	77.6801405975395	79.9678468613302	0.0385807730231294	c5
CEBPB	0.000753906731916508	0.0724418063565516	36.8189806678383	35.4507047519348	0.00792331048820799	c5
RPS21	1.25767253534397e-29	0.152871565752779	99.8242530755712	99.8766216771974	2.86324448688376e-27	c5
LINC00659	0.00224066495089765	0.00508637028927408	0.439367311072056	0.112162111638688	0.01959656097665	c5
GZMM	1.40555562911071e-62	0.401415236178601	75.9226713532513	58.1710098328785	1.12759027064895e-59	c5
LLNLR-284B4.2	1.24799712471612e-06	0.00114755291181817	0.0878734622144112	0	2.68690192461245e-05	c5
ABCA7	0.00177051498251241	0.0396898067478362	9.13884007029877	6.95778965865331	0.0160573467713099	c5
RPS15	5.42392460893142e-08	0.0633050797723018	100	99.9925225258908	1.55800269201479e-06	c5
GADD45B	5.36495301176914e-05	0.0920718651517644	28.0316344463972	24.1821512693012	0.000784577807198565	c5
AC005786.5	0.00103061880831955	0.00094227658652383	0.0878734622144112	0.00373873705462295	0.0101566745035153	c5
TBXA2R	0.00472954138437772	0.00446655539414008	0.615114235500879	0.209369275058885	0.0368370705976012	c5
MATK	9.5164518403802e-32	0.218824700278261	37.8734622144112	23.976520731297	2.32353136456355e-29	c5
RPL36	5.28098667271735e-10	0.0811362981029111	99.8242530755712	99.9214865218529	2.15943646784634e-08	c5
ALKBH7	0.000376302197206246	0.0704978380114924	39.3673110720562	38.3594421804315	0.00433178210887163	c5
TNFSF9	1.20816728466228e-15	0.0859478565694646	11.4235500878735	5.79878117172019	9.6009406814648e-14	c5
CTB-133G6.1	5.19506382060263e-08	0.0838334774754146	22.9349736379613	17.332784985232	1.49865137304268e-06	c5
CAMSAP3	0.000291862904659686	0.0018910801284667	0.175746924428822	0.0149549482184918	0.00345206581944422	c5
RPS28	3.04258118221182e-32	0.146622719786506	100	99.9962612629454	7.65050226518246e-30	c5
ZNF846	0.000162284367094036	0.0341847639496494	6.67838312829526	4.4154484615097	0.00207043145205091	c5
S1PR5	4.58728358486399e-05	0.0237039644695808	3.33919156414763	1.71981904512656	0.000684213957983211	c5
CDKN2D	6.09871145860126e-07	0.0770725297560381	16.5202108963093	12.2518413279994	1.42999292892214e-05	c5
ILF3-AS1	0.000101150285300565	0.0774534931739908	29.0861159929701	26.0889071671589	0.0013627179979677	c5
ZNF844	0.000365567710464782	0.0194261518807037	2.72407732864675	1.43567502897521	0.004216856705375	c5
JUNB	4.486621301152e-41	0.511834657472425	92.7943760984183	85.3964930646428	1.591286506537e-38	c5
NFIX	0.00463000693249056	0.00689880592126134	0.878734622144113	0.35518002018918	0.036237736024004	c5
IER2	8.90735582095342e-12	0.201525218746858	54.3936731107206	48.3007440086739	4.57506779010982e-10	c5
DNAJB1	3.07092369515725e-29	0.410459857010689	85.8523725834798	77.5451452499346	6.76285640422407e-27	c5
TECR	5.51343183751303e-12	0.129239979199678	61.4235500878735	59.3449732680301	2.92550507611282e-10	c5
CTD-2562J15.6	5.83426180655184e-05	0.0437735074751991	9.92970123022847	6.98022208098105	0.000841522334374818	c5
KLF2	1.00152274359265e-97	0.778866897155847	83.2161687170475	57.7672262309792	2.10908170766318e-94	c5
JUND	0.00205439781274036	0.0657345514638389	36.7311072056239	36.0862900512207	0.0182592666585264	c5
AC005780.1	0.000767295726224651	0.00579342604636261	0.615114235500879	0.171981904512656	0.00803894968887232	c5
LRP3	0.000291862904659686	0.00206877562549822	0.175746924428822	0.0149549482184918	0.00345206581944422	c5
ZNF30-AS1	0.00102968228400013	0.000880468381389965	0.0878734622144112	0.00373873705462295	0.0101566745035153	c5
FXYD7	9.78459348248154e-08	0.071131533227872	13.0931458699473	8.84211313418327	2.68689562183156e-06	c5
LSR	1.64310923177486e-08	0.0967217590019719	22.4956063268893	17.2879201405765	5.26764247910771e-07	c5
DMKN	3.97582518101734e-08	0.0150118368468161	1.5817223198594	0.433693498336262	1.1740705841297e-06	c5
NPHS1	0.00102968228400013	0.000909435957283315	0.0878734622144112	0.00373873705462295	0.0101566745035153	c5
HCST	2.22486931182706e-37	0.290456637055147	94.6397188049209	90.2456350244887	7.00605108343e-35	c5
AC092295.4	4.91033030680839e-05	0.00220976340012614	0.175746924428822	0.0112162111638688	0.000724381214350271	c5
CTD-2293H3.2	0.00401283051402525	0.00534453913401653	0.615114235500879	0.205630538004262	0.0321465314644714	c5
GGN	0.00593354997999403	0.00178792603593115	0.175746924428822	0.0261711593823606	0.0443025413676657	c5
CTC-360G5.9	1.24799712471612e-06	0.00104560823737989	0.0878734622144112	0	2.68690192461245e-05	c5
ZFP36	8.33906272660494e-18	0.316972101722695	88.1370826010545	82.7905933375706	8.1442428843544e-16	c5
RPS16	0.00256584047672937	0.0355741514868737	99.6485061511424	99.8504505178151	0.0220488214799591	c5
AC011513.4	1.24799712471612e-06	0.00132869994182476	0.0878734622144112	0	2.68690192461245e-05	c5
FOSB	2.35522932098123e-15	0.202273838575266	43.0579964850615	34.9908400942162	1.81595187050667e-13	c5
CTB-174O21.2	1.24799712471612e-06	0.00113832804154714	0.0878734622144112	0	2.68690192461245e-05	c5
GLTSCR2	1.64093121685362e-05	0.0639178014377011	84.8857644991213	86.7200059819793	0.000276033631655845	c5
RPL18	0.00666131252418866	0.0356478772024396	100	99.9289639959622	0.048718529235948	c5
FTL	3.02412850457321e-13	0.134930617363742	98.2425307557118	97.9848207275582	1.84258563893472e-11	c5
RPL13A	2.83826722180691e-11	0.085667868298597	99.0333919156415	99.5588290275545	1.36034958423275e-09	c5
NKG7	2.20559949177507e-63	0.66954009272276	80.3163444639719	43.3656110965716	1.85788673189673e-60	c5
LILRB1	0.000844059436298818	0.0122388492624318	1.66959578207381	0.770179833252327	0.00872117100479987	c5
NLRP7	0.00103061880831955	0.000390408152690015	0.0878734622144112	0.00373873705462295	0.0101566745035153	c5
RPL28	1.05505996040465e-05	0.0554681168495632	100	99.9925225258908	0.000184671118472074	c5
NLRP11	1.24799712471612e-06	0.00102096652221735	0.0878734622144112	0	2.68690192461245e-05	c5
ZNF154	0.000179299208650114	0.0148629444303248	2.10896309314587	0.97581037125659	0.00226012253507555	c5
ZSCAN18	0.000295826171530991	0.0389936634077658	8.43585237258348	6.00067297266983	0.00348638230974648	c5
RPS5	3.49371815280539e-08	0.0802641574208693	99.4727592267135	99.4204957565334	1.04082528241048e-06	c5
LA16c-60D12.2	1.24799712471612e-06	0.00099369056411285	0.0878734622144112	0	2.68690192461245e-05	c5
IGKV1OR22-5	1.24799712471612e-06	0.00024361066052398	0.0878734622144112	0	2.68690192461245e-05	c5
AC006946.16	0.00277751107526411	0.00186077756933813	0.175746924428822	0.0224324223277377	0.0235021241009415	c5
MED15	1.67485843363702e-07	0.103778403368679	36.0281195079086	31.9662018170262	4.39164825392729e-06	c5
IGLV2-14	2.79886749683961e-169	0.4173576434223	38.5764499121265	11.6237335028227	3.14350138128379e-165	c5
IGLV3-12	0.000110692620095636	0.00717729345670905	0.70298769771529	0.179459378621902	0.00147359823844423	c5
IGLJ1	1.24799712471612e-06	0.00024361066052398	0.0878734622144112	0	2.68690192461245e-05	c5
TPST2	0.000830424205498322	0.0718460085737276	28.207381370826	26.0739522189404	0.00859722305127596	c5
SELM	4.02454420694825e-10	0.118223213390616	41.6520210896309	36.6097132388679	1.66588442885644e-08	c5
SFI1	0.000197679201500675	0.0659854476477072	22.7592267135325	19.5124686880772	0.00246780400717441	c5
MAFF	7.15338668077012e-06	0.0436949457806231	6.76625659050967	4.14999813063147	0.000131852412922248	c5
SUN2	2.02797685456345e-14	0.163068546210623	66.6080843585237	63.2295210677833	1.41764838459877e-12	c5
RP3-508I15.19	0.000148239156365946	0.00373262091202905	0.439367311072056	0.0822522152017049	0.00190931580068584	c5
PDGFB	5.65790240036276e-12	0.0412133969628952	5.27240773286468	2.17968370284518	2.99273726024839e-10	c5
RPL3	1.22172439810943e-29	0.201819802762918	99.9121265377856	99.7607208285041	2.80032529727204e-27	c5
TNFRSF13C	1.11818404252045e-11	0.0224996450176415	2.46045694200351	0.684188880996	5.66557791408783e-10	c5
RNU12	0.00611415192916114	0.0422213129346398	9.57820738137083	7.6083299061577	0.0453567228316062	c5
FBLN1	1.24799712471612e-06	0.00119014764726391	0.0878734622144112	0	2.68690192461245e-05	c5
CTA-29F11.1	0.000775944927245452	0.062997243582144	15.7293497363796	13.059408531798	0.00812199079795224	c5
AF131217.1	6.06018524117958e-05	0.0473915559346487	9.31458699472759	6.50540247504393	0.000871497573693149	c5
TTC3	0.00198571280219389	0.0689107990968369	36.6432337434095	35.4768759113172	0.0177236045449327	c5
MT-ND1	1.30033120986301e-134	0.492229042726021	99.2970123022847	98.5979736045164	5.47666997314053e-131	c5
MT-ND2	1.22347409807369e-137	0.556894012430809	98.4182776801406	94.982614872696	5.88910518007072e-134	c5
MT-CO1	4.19873553439983e-38	0.220144827141655	100	99.8392343066512	1.37351645724338e-35	c5
MT-CO2	7.25381794356669e-89	0.298532584882067	100	99.9140090477437	1.28636916731861e-85	c5
MT-ATP8	1.09942323392801e-64	0.320867644834443	99.7363796133568	98.949414887651	1.02899906788807e-61	c5
MT-ATP6	6.59183069042025e-59	0.340946365271833	99.9121265377856	99.3008561707855	4.82837268006565e-56	c5
MT-CO3	3.17513862511789e-103	0.411783431092229	99.9121265377856	99.5775227128276	7.13220805564814e-100	c5
MT-ND3	3.8568244516296e-129	0.423827520253938	99.7363796133568	99.285901222567	1.29951843073208e-125	c5
MT-ND4L	7.73217202725719e-140	0.397123445795579	99.9121265377856	99.8392343066512	4.34213007144006e-136	c5
MT-ND4	1.733334464745e-104	0.462745110600063	98.6818980667838	95.9659027180618	4.17164081822272e-101	c5
MT-ND5	4.79099091376295e-43	0.268996575848515	97.7152899824253	96.6986951807679	1.83440508918555e-40	c5
MT-ND6	1.0279904840346e-06	0.112709001782136	56.0632688927944	53.9163270647175	2.31996727187287e-05	c5
MT-CYB	2.33548572350073e-107	0.440973989130865	100	99.5513515534452	6.05321968981796e-104	c5
