gene	p_val	avg_log2FC	pct.1	pct.2	p_val_adj	cluster
RP11-34P13.9	6.07119514712586e-07	0.00140089252190223	0.0928505106778087	0	2.44692403453659e-05	c8
MMP23B	1.03038340833928e-06	0.0217037658069323	2.50696378830084	0.9773202029245	4.03225767254166e-05	c8
CHD5	0.000709421878331365	0.00120075893994217	0.0928505106778087	0.00373022978215458	0.0114096710112158	c8
HES3	6.07119514712586e-07	0.00146139804367635	0.0928505106778087	0	2.44692403453659e-05	c8
UQCRHL	0.000154289953635092	0.075828927364894	29.8978644382544	26.8203521336914	0.00330702652530585	c8
CAPZB	0.00231437253825076	0.0462293955553517	75.3946146703807	76.1265293942107	0.0300618613353204	c8
RP1-224A6.9	0.00424984932387178	0.00199457279145256	0.185701021355617	0.0261116084750821	0.049308502383108	c8
CNR2	0.000471148552352653	0.0097442975340742	1.39275766016713	0.559534467323187	0.00841276063750414	c8
LDLRAP1	0.00251219059391029	0.0593918074298886	30.2692664809656	27.8275141748732	0.0321846957685221	c8
SH3BGRL3	0.00371298756386173	0.0699959409399602	99.6285979572888	98.9033124440465	0.0443136177133648	c8
EPB41	3.7780250890839e-05	0.0867580751741036	40.5756731662024	37.0299910474485	0.000983746347384798	c8
LAPTM5	8.55151770708234e-08	0.0975954097896459	96.3788300835655	95.3558639212175	4.30694824547731e-06	c8
PTP4A2	2.53009597817215e-15	0.1766957233033	52.8319405756732	46.8852581319009	3.34310015249146e-13	c8
MARCKSL1	3.93906183206429e-05	0.0667411537152386	20.5199628597957	16.4018203521337	0.00102173017220611	c8
CSMD2	0.000708741787731513	0.00067655287705131	0.0928505106778087	0.00373022978215458	0.0114096710112158	c8
RP5-884C9.2	0.000133020189240578	0.00579743835748688	0.557103064066852	0.119367353028947	0.00292748677744744	c8
AGBL4	0.000100751462192052	0.00285586072042415	0.371402042711235	0.0559534467323187	0.00230306632774694	c8
RAB3B	0.00424984932387178	0.00201859933243236	0.185701021355617	0.0261116084750821	0.049308502383108	c8
FAM159A	0.000198959032820306	0.0620951511120948	19.6843082636954	16.2861832288869	0.00409262860308143	c8
RP11-117D22.2	9.72337780460846e-06	0.0191326347806861	2.78551532033426	1.23843628767532	0.000297835901589525	c8
GLIS1	0.000144281832738981	0.00265559409295853	0.278551532033426	0.0335720680393912	0.00312632287608181	c8
JAK1	0.00253275362558027	0.0425868758562176	72.330547818013	74.0077588779469	0.0323742794614195	c8
PTGER3	0.000708741787731513	0.00112382921630077	0.0928505106778087	0.00373022978215458	0.0114096710112158	c8
RP5-887A10.1	6.07119514712586e-07	0.0020599395322401	0.0928505106778087	0	2.44692403453659e-05	c8
RP11-486G15.2	0.000132906476088156	0.0177231025015004	2.69266480965645	1.32050134288272	0.00292689595118584	c8
PLPPR5	6.07119514712586e-07	0.00144637883066204	0.0928505106778087	0	2.44692403453659e-05	c8
NBPF4	6.07119514712586e-07	0.00108769951063898	0.0928505106778087	0	2.44692403453659e-05	c8
DENND2D	3.82881051889576e-20	0.209714537932896	65.0882079851439	57.9416592062071	7.32999668316327e-18	c8
CHI3L2	5.50060625265992e-32	0.102425830000287	11.3277623026927	4.02864816472695	2.28811638366819e-29	c8
RP4-671G15.2	0.000708741787731513	0.0012049695766984	0.0928505106778087	0.00373022978215458	0.0114096710112158	c8
TXNIP	1.64656973385248e-32	0.398917314366638	96.8430826369545	93.725753506416	7.05685103520232e-30	c8
AC245100.1	1.2571709654059e-07	0.102095603691589	32.5905292479109	27.2306774097284	6.13011845273322e-06	c8
NBPF19	0.000175879295419268	0.0566503300506249	17.1773444753946	13.6899433005073	0.00369225980053384	c8
RP4-790G17.7	0.000709421878331365	0.000818567519399505	0.0928505106778087	0.00373022978215458	0.0114096710112158	c8
RP11-126K1.9	6.07119514712586e-07	0.000643034094759917	0.0928505106778087	0	2.44692403453659e-05	c8
RPS27	1.19610686127304e-101	0.263468925490791	100	100	4.47795828708153e-98	c8
HCN3	0.0018658950643657	0.00632299824858939	0.74280408542247	0.246195165622202	0.0254310452319885	c8
SSR2	0.00144691038850954	0.0332446554221508	80.1299907149489	83.1729334527007	0.0205618720499539	c8
FCRL3	7.1254857215911e-61	0.221679261666538	27.5766016713092	11.3734706057893	1.09130052683314e-57	c8
PYHIN1	4.59380318139882e-11	0.147253726638821	41.6898792943361	35.5826618919725	3.82181739244573e-09	c8
KCNJ10	6.07119514712586e-07	0.00119781712324403	0.0928505106778087	0	2.44692403453659e-05	c8
SLAMF6	2.49423430427388e-19	0.170777141844194	38.1615598885794	27.991644285288	4.54274219720022e-17	c8
CD84	2.58780730357204e-05	0.0901093945892745	35.3760445682451	31.4607579826917	0.000702041701180004	c8
CD48	6.60162861538616e-06	0.0919905273757367	82.0798514391829	80.5132796180245	0.000210524208919569	c8
SLAMF7	8.19262081860315e-30	0.149708422733542	21.8198700092851	11.0340196956132	3.03343039408807e-27	c8
LY9	6.45887393946183e-05	0.0816464182295148	35.4688950789229	32.2217248582513	0.00158503494913494	c8
RP11-297K8.2	0.0027681707673696	0.00530969203469305	0.557103064066852	0.164130110414802	0.0348415188030449	c8
HSPA6	2.71465272429926e-11	0.124513902289959	8.17084493964717	4.06968069233065	2.28668772231348e-09	c8
SELL	1.42275458079991e-13	0.238112485260091	59.9814298978644	51.809161444345	1.5027678007985e-11	c8
C1orf21	1.03117378213163e-16	0.0783761939346236	11.7920148560817	5.72217248582513	1.57214341244992e-14	c8
PTGS2	0.000708741787731513	0.00117717987601365	0.0928505106778087	0.00373022978215458	0.0114096710112158	c8
NEK7	0.000461334823070159	0.0677650046768513	24.3268337975859	21.2250074604596	0.0082550268340552	c8
PTPRC	3.14918276437947e-13	0.160492805130028	97.2144846796657	94.5277529095792	3.22518431802438e-11	c8
LGR6	3.35580588291457e-11	0.0301110544321949	3.71402042711235	1.30185019397195	2.79877533215157e-09	c8
IL10	1.23377786150952e-11	0.0327950022812315	2.78551532033426	0.813190092509699	1.07141523880674e-09	c8
IL20	6.07119514712586e-07	0.00158089515502651	0.0928505106778087	0	2.44692403453659e-05	c8
FCMR	6.88981055866142e-14	0.175508691469532	62.6740947075209	54.6888988361683	7.51279213474232e-12	c8
RP11-328D5.1	0.000709421878331365	0.00066802063046029	0.0928505106778087	0.00373022978215458	0.0114096710112158	c8
HHAT	0.00232959774300595	0.0181800794609629	3.24976787372331	1.94344971650254	0.0302246693695967	c8
CAPN8	2.74424843516683e-05	0.00207638714232419	0.185701021355617	0.0111906893464637	0.000740025198653304	c8
GUK1	3.28142994752224e-07	0.0892867584786778	76.69452181987	76.5965383467622	1.48608199800826e-05	c8
TOMM20	0.00271191699027419	0.0434658205360842	61.8384401114206	63.5071620411817	0.0342614664680535	c8
LYST	5.14519080624765e-08	0.110810809206908	33.519034354689	27.6335422262011	2.6961439972894e-06	c8
LYST-AS1	0.000708741787731513	0.00100277412544054	0.0928505106778087	0.00373022978215458	0.0114096710112158	c8
MTRNR2L11	0.000709421878331365	0.000937352583239367	0.0928505106778087	0.00373022978215458	0.0114096710112158	c8
OR2B11	0.000708741787731513	0.00118967913509602	0.0928505106778087	0.00373022978215458	0.0114096710112158	c8
AC113607.2	1.64670198342748e-08	0.00237749724499675	0.185701021355617	0.00373022978215458	9.56620286717334e-07	c8
RPS7	1.98161435869739e-25	0.118084917415314	99.9071494893222	99.951507012832	5.4728290329467e-23	c8
LINC01249	6.07119514712586e-07	0.000927574969025245	0.0928505106778087	0	2.44692403453659e-05	c8
RDH14	0.00135366701926857	0.0546746330673774	17.9201485608171	15.1521933751119	0.0195205359942815	c8
RP11-443B20.1	0.00424818719765381	0.00188287892708433	0.185701021355617	0.0261116084750821	0.049308502383108	c8
IFT172	0.00394607486517175	0.0163407169030114	2.69266480965645	1.57788719785139	0.046505437742951	c8
CLIP4	4.2265552442201e-06	0.0615770714880279	14.3918291550604	10.3663085646076	0.000142267285113638	c8
HNRNPLL	0.00117710984723385	0.07334769347791	35.0046425255339	32.9379289764249	0.0174489833667828	c8
AC074366.3	2.80097239655007e-06	0.0121810896462372	1.29990714948932	0.373022978215458	9.86164722354839e-05	c8
ABCG8	6.07119514712586e-07	0.00132127526655782	0.0928505106778087	0	2.44692403453659e-05	c8
SIX3-AS1	6.07119514712586e-07	0.0012254556751502	0.0928505106778087	0	2.44692403453659e-05	c8
RPS27A	0.000102520516812433	0.0749080010253014	100	99.9813488510892	0.00233558234853152	c8
OTX1	0.000709421878331365	0.000830151036774938	0.0928505106778087	0.00373022978215458	0.0114096710112158	c8
MEIS1	0.000708741787731513	0.00136648331564767	0.0928505106778087	0.00373022978215458	0.0114096710112158	c8
AC015969.3	0.000708741787731513	0.00111274779411641	0.0928505106778087	0.00373022978215458	0.0114096710112158	c8
PLEK	1.19631624450983e-70	0.250514017012525	30.8263695450325	12.5857952849896	2.51929247140713e-67	c8
PCBP1	0.000192519018094299	0.0559411860583141	86.3509749303621	87.1792002387347	0.00398693042143165	c8
CD8A	3.39452044705477e-60	0.691991206255937	68.8022284122563	40.8609370337213	4.97282486708971e-57	c8
CD8B	1.00160988561189e-52	0.483976764839021	62.2098421541318	37.5335720680394	1.1249414495269e-49	c8
LINC00152	1.68995056955907e-08	0.129937850291665	45.3110492107707	38.3430319307669	9.78371039359504e-07	c8
IGKV2D-40	6.07119514712586e-07	0.00123032987454381	0.0928505106778087	0	2.44692403453659e-05	c8
DUSP2	5.52042069148673e-25	0.427278006253931	82.544103992572	69.0241718889884	1.5000407643464e-22	c8
ARID5A	5.04368724674041e-06	0.0915654721054704	48.6536675951718	45.3857057594748	0.000165797071308948	c8
RPL31	0.00427378995737227	0.0457365858102694	97.6787372330548	97.4522530587884	0.0494849068122685	c8
RGPD3	0.00114877388944351	0.00646087767640387	0.649953574744661	0.190241718889884	0.0170689178831653	c8
GCC2	0.00282102214399095	0.0602256153249068	46.0538532961931	44.5389435989257	0.035453756105793	c8
GYPC	1.83866994937679e-06	0.0958257861043132	71.7734447539462	70.6841241420472	6.82292348835919e-05	c8
BIN1	8.40459766800494e-07	0.096867777138864	50.6035283194058	47.6014622500746	3.33158251559716e-05	c8
ZEB2	0.00123391320883976	0.0523644437766451	16.7130919220056	13.6190689346464	0.0180683490217131	c8
COBLL1	0.00191242925152368	0.00191306428738755	0.185701021355617	0.0223813786929275	0.0259409787442991	c8
WIPF1	8.64134554571422e-06	0.0894767435581736	70.8449396471681	70.3409430020889	0.000267332656632747	c8
RP11-337N6.1	0.000709421878331365	0.00109974184964578	0.0928505106778087	0.00373022978215458	0.0114096710112158	c8
UBE2E3	0.00279178928423754	0.0589092801709354	26.5552460538533	24.5449119665771	0.0351125599638297	c8
SF3B1	0.000329910587575358	0.0674752861079952	57.1959145775302	56.3003581020591	0.00621700634103138	c8
RPL37A	0.00012440038348808	0.0558186882925433	99.3500464252553	99.4479259922411	0.00276669737376065	c8
TUBA4A	2.15404963191462e-06	0.099190072099314	63.2311977715877	60.5155177558938	7.88040698129547e-05	c8
EPHA4	1.7430505529051e-11	0.0883096130672059	16.3416898792943	10.2954341987466	1.49822309514246e-09	c8
ITM2C	6.39170121657904e-146	0.70109856616702	67.6880222841226	33.6541330945986	7.17873269304713e-142	c8
SAG	0.000390745147212665	0.00400027220652136	0.464252553389044	0.0969859743360191	0.00717871700664316	c8
AGAP1	8.46101560132753e-06	0.011734475085213	1.29990714948932	0.395404356908386	0.000263480092117495	c8
PASK	1.02158013520706e-35	0.286300850603004	46.4252553389044	30.1812891674127	5.21532137510101e-33	c8
RTP5	2.30546938768128e-06	0.0237449132042238	3.1569173630455	1.40256639809012	8.34376858738269e-05	c8
RP11-1020A11.2	0.000642445574814778	0.00320957466582337	0.278551532033426	0.0410325276037004	0.0108940921981928	c8
RPL15	0.00025529123140966	0.0492680621585535	99.7214484679666	99.8284094300209	0.00502734234431157	c8
RP11-222K16.2	4.26477420199126e-33	0.147817175892177	21.0770659238626	10.0828111011638	1.94185543191748e-30	c8
EOMES	1.73826936711462e-117	0.430377583472838	47.7251624883937	19.4419576245897	8.36703543650859e-114	c8
CMC1	2.70368803998218e-37	0.320013142286403	47.2609099350046	33.3445240226798	1.59821166349403e-34	c8
TGFBR2	5.06283734776579e-15	0.190997921355251	54.3175487465181	47.3515368546702	6.46163793922805e-13	c8
RPSA	0.000409157610715212	0.0578883374296977	99.6285979572888	99.6642793196061	0.00747622371769975	c8
RPL14	1.71775850061503e-05	0.0750035970056153	100	99.9403163234855	0.000488011424280969	c8
TMA7	5.88178277922629e-07	0.0822881857531392	97.8644382544104	97.4783646672635	2.44692403453659e-05	c8
SHISA5	0.00316291014978017	0.0487949106036509	66.2952646239554	66.8830199940316	0.0387954476107365	c8
FOXP1-AS1	0.000709421878331365	0.000557273366990308	0.0928505106778087	0.00373022978215458	0.0114096710112158	c8
MTRNR2L12	1.3332047155756e-12	0.215543982214437	64.8096564531105	54.9089823933154	1.27616476382398e-10	c8
CLDND1	0.0011962243897628	0.0849822145392992	38.2544103992572	36.0228290062668	0.017654658164112	c8
RPL24	2.98113818395759e-06	0.0627910172176063	99.8142989786444	99.6829304685169	0.000104197582956709	c8
CBLB	0.000156994462025529	0.0796362179696213	52.4605385329619	49.4068934646374	0.00334795658448618	c8
TRAT1	3.02577959927056e-24	0.22663418943753	52.6462395543176	41.1966577141152	7.55189761613499e-22	c8
ZNF80	6.55686067288789e-09	0.0494518670210292	7.14948932219127	3.71157863324381	4.06863468715073e-07	c8
RP11-190C22.8	0.000708741787731513	0.00084064739989774	0.0928505106778087	0.00373022978215458	0.0114096710112158	c8
ZBTB38	1.2893105684165e-05	0.0944413068385003	42.8040854224698	38.8466129513578	0.000382412238487902	c8
LINC00501	6.07119514712586e-07	0.00171762308766137	0.0928505106778087	0	2.44692403453659e-05	c8
TPRG1	0.00121412519035791	0.0395096156638332	11.6991643454039	8.99731423455685	0.0178718803686848	c8
PPP1R2	1.67852009016166e-05	0.0783745219417109	74.3732590529248	74.9142047150104	0.000479921149685072	c8
RPL35A	2.59432784647655e-13	0.10526233837659	100	99.9477767830498	2.69794081664138e-11	c8
AC092535.3	0.000708741787731513	0.00118840871358947	0.0928505106778087	0.00373022978215458	0.0114096710112158	c8
SPON2	2.59527007148279e-07	0.0812360252695449	19.4986072423398	14.4247985675918	1.1913491796804e-05	c8
RP11-317B7.3	0.000708741787731513	0.00102055013453173	0.0928505106778087	0.00373022978215458	0.0114096710112158	c8
LYAR	1.63729701439047e-27	0.236217629759045	47.075208913649	34.0532676812892	5.25400815265452e-25	c8
CCDC96	0.00310366414012863	0.00437602621125522	0.371402042711235	0.0857952849895554	0.0381381690508731	c8
FGFBP2	1.97800496201219e-05	0.0174247258524076	2.59981429897864	1.14891077290361	0.000555390826583657	c8
ARAP2	5.94462100515686e-10	0.126249862027146	38.9043639740019	32.5872873769024	4.27074755112484e-08	c8
DTHD1	7.24447809852629e-13	0.0945967603897494	14.2989786443825	8.31841241420472	7.09579782127165e-11	c8
RPL9	2.7080490277512e-08	0.117867751004263	99.8142989786444	99.6045956430916	1.52013192941409e-06	c8
ATP8A1	0.0001431147545664	0.0692654826713753	23.2126276694522	19.54640405849	0.00310502803629123	c8
CXCL3	7.64748266119913e-05	0.00606203399854533	0.464252553389044	0.0820650552074008	0.00183416139202554	c8
CNOT6L	0.0038432842990693	0.0658111496627865	33.7047353760446	32.0762458967472	0.0455329188371452	c8
SCD5	0.00376202511679455	0.0128128425220026	2.32126276694522	1.29438973440764	0.0447314856940491	c8
CCDC109B	6.7418128477628e-17	0.178551561999168	59.8885793871866	53.3795881826321	1.04201211969046e-14	c8
TMEM155	4.993306814196e-09	0.0226150281625706	2.1355617455896	0.634139062966279	3.14475663172935e-07	c8
LPCAT1	7.65385987284651e-08	0.0711919846561017	14.9489322191272	10.2618621307073	3.90741143266198e-06	c8
IL7R	0.000169959708015316	0.153966571078946	82.4512534818942	79.7523127424649	0.00358810927435343	c8
FYB	0.000564320382675507	0.0686918407596482	88.2079851439183	87.8469113697404	0.00979609014624861	c8
ANXA2R	0.00101045796395315	0.0659191474925853	30.4549675023213	27.5253655625187	0.0153362029898367	c8
PARP8	2.0354143054947e-07	0.113359590849194	51.5320334261838	46.6390629662787	9.55170607372401e-06	c8
GZMK	0	1.91446411273124	99.4428969359331	49.7612652939421	0	c8
GZMA	1.26112028657325e-125	0.960908555765687	88.3008356545961	51.5741569680692	7.0820311559665e-122	c8
CTD-2117L12.1	6.07119514712586e-07	0.00111257208407314	0.0928505106778087	0	2.44692403453659e-05	c8
TMEM171	7.27080957240262e-23	0.0475192706415058	4.73537604456824	1.21605490898239	1.70126845647593e-20	c8
ENC1	2.62057658183295e-20	0.0627178474278658	7.61374187558032	2.77156072814085	5.25581591358805e-18	c8
F2R	3.73171196210813e-27	0.175639622387834	30.6406685236769	18.4795583407938	1.16422502640066e-24	c8
RPS23	8.47942077345665e-13	0.0993388958010506	100	99.9776186213071	8.25177937143013e-11	c8
CTC-242N15.1	8.56741459025671e-08	0.00284310619873381	0.278551532033426	0.0149209191286183	4.30851443588223e-06	c8
SLF1	0.00211440100410506	0.0691425186034822	22.6555246053853	19.9679200238735	0.0280482785166598	c8
CTD-2587M2.1	0.00230483622630156	0.00332936682147058	0.464252553389044	0.119367353028947	0.0299958098914658	c8
MAN2A1	8.30922911321703e-14	0.124225425638094	25.1624883936862	17.5470008952551	9.00228828748343e-12	c8
AP3S1	3.34740315123498e-06	0.0879372674573995	33.8904363974002	29.7000895255148	0.000116395667469258	c8
CTC-339F2.2	0.000709421878331365	0.000467166191314761	0.0928505106778087	0.00373022978215458	0.0114096710112158	c8
HINT1	0.00120134037845054	0.0505428763266249	93.1290622098421	93.2259027156073	0.0177146445126969	c8
CDC42SE2	1.25197420414192e-06	0.0942210662430075	61.5598885793872	59.8664577737989	4.81003635511491e-05	c8
C5orf56	0.000258587022558342	0.0720583554094192	41.7827298050139	39.406147418681	0.00506854632814471	c8
TCF7	7.33432188607116e-05	0.0844063387972093	44.7539461467038	39.3128916741271	0.00176895233807646	c8
CTB-138E5.1	6.07119514712586e-07	0.000707311533488137	0.0928505106778087	0	2.44692403453659e-05	c8
CTB-35F21.1	0.000708741787731513	0.00119342177246675	0.0928505106778087	0.00373022978215458	0.0114096710112158	c8
PCDHB9	0.00191157881054142	0.00217976570555614	0.185701021355617	0.0223813786929275	0.0259398858003957	c8
PPP2R2B	1.17757364961856e-06	0.0715170755803872	17.7344475394615	13.1304088331841	4.57637445792937e-05	c8
TCOF1	0.00182823116752267	0.0522253970348493	16.3416898792943	13.6675619218144	0.0250204796744553	c8
CD74	3.49868790855967e-72	0.555993809670775	99.3500464252553	94.8746642793196	8.36721090035604e-69	c8
RPS14	2.89769514151826e-24	0.147257135710318	100	99.9850790808714	7.28618955957584e-22	c8
ANXA6	0.000469201351114372	0.0659712500368475	63.0454967502321	61.9330050731125	0.00838243389419281	c8
HK3	0.000708741787731513	0.00118498885242346	0.0928505106778087	0.00373022978215458	0.0114096710112158	c8
GRK6	2.76842653105281e-06	0.094306456827364	37.0473537604457	32.8595941509997	9.75725560013529e-05	c8
PRR7	0.00119744591725226	0.0388539800429002	9.5636025998143	7.1695016413011	0.017664948658449	c8
GNB2L1	7.13179278695006e-08	0.0791369849617127	99.9071494893222	99.6792002387347	3.65751333582185e-06	c8
TMEM14B	0.00319441533630334	0.0505529786835757	48.2822655524605	48.7615637123247	0.0391249110655779	c8
E2F3	7.09138987188841e-15	0.0979954964853223	16.0631383472609	9.41136974037601	8.75228169756074e-13	c8
RP1-30M3.5	0.00031890799218165	0.00640333838443477	0.649953574744661	0.167860340196956	0.0060745368205801	c8
FAM65B	1.78283479621684e-06	0.103731532576319	40.4828226555246	35.5863921217547	6.63033505780688e-05	c8
BTN3A2	5.2027361753214e-09	0.121263054746201	58.7743732590529	54.7523127424649	3.26445051566628e-07	c8
HLA-F	1.76662166193391e-17	0.181301719903846	82.8226555246054	78.9689644882125	2.84806460656466e-15	c8
HLA-A	1.01754969678616e-46	0.240073783254169	99.9071494893222	99.6157863324381	9.2663025631116e-44	c8
HLA-E	1.2520038031436e-15	0.128441659666379	99.7214484679666	99.2017308266189	1.71483805459839e-13	c8
FLOT1	0.00203500624834419	0.0542071656870625	25.4410399257196	22.4224112205312	0.0272283674850894	c8
HLA-C	6.61277113386979e-31	0.182395117150214	100	99.5822142643987	2.62130247746599e-28	c8
HLA-B	2.97963648566215e-21	0.164916836493323	100	99.8918233363175	6.3142057703082e-19	c8
AIF1	2.46815984200148e-06	0.0470879812571444	8.91364902506964	5.60280513279618	8.85646195062809e-05	c8
HSPA1A	4.39085697209267e-05	0.252209913268185	44.196843082637	41.8792897642495	0.00112079950619462	c8
HSPA1B	3.59438656522708e-13	0.349179637141269	47.3537604456825	39.9843330349149	3.63691474260545e-11	c8
GPSM3	0.000520043272958909	0.0632785222095864	77.9944289693593	78.1147418680991	0.00916019805990281	c8
HLA-DRB5	4.76788997550289e-08	0.109783981231654	37.7901578458682	30.5170098478066	2.51493186360892e-06	c8
HLA-DRB1	2.52290128666165e-17	0.253025369666891	68.5236768802228	50.7870784840346	4.00974697890461e-15	c8
HLA-DQA1	0.000100078871623133	0.0620060128004755	27.8551532033426	22.4000298418383	0.00229391666698629	c8
HLA-DQB1	9.94480907292312e-26	0.231810336158274	45.125348189415	31.4309161444345	2.79233664085893e-23	c8
HLA-DOA	3.22890670613805e-11	0.0365207523917893	4.82822655524605	1.93225902715607	2.69962239594579e-09	c8
HLA-DPA1	2.13107183420661e-24	0.289474544047698	77.6230269266481	60.4073410922113	5.4397223016483e-22	c8
HLA-DPB1	9.23638595450078e-45	0.390324672474469	79.2943361188486	59.9373321396598	7.59050703294998e-42	c8
RPS18	5.6520457881361e-12	0.121013005617248	100	99.9477767830498	5.05145970253204e-10	c8
TAPBP	8.49144616201492e-07	0.0951072230060142	72.794800371402	71.5607281408535	3.35810782843815e-05	c8
HMGA1	8.05824240728022e-11	0.13482516942408	45.3110492107707	39.551626380185	6.43399098746208e-09	c8
PACSIN1	7.89052412606846e-27	0.0483425165831273	4.92107706592386	1.15637123246792	2.37377964199777e-24	c8
RPL10A	2.35592629123178e-09	0.100903521176052	99.7214484679666	99.3509400179051	1.55343601676641e-07	c8
RP11-134K13.4	0.000708741787731513	0.00122030136706584	0.0928505106778087	0.00373022978215458	0.0114096710112158	c8
FYN	5.95362355559143e-13	0.16253447455119	67.8737233054782	64.0517755893763	5.90004094359111e-11	c8
HDDC2	0.00136817931574572	0.0731643445553956	28.6908077994429	26.8464637421665	0.0197090354274203	c8
THEMIS	1.9683323878393e-09	0.121782533874625	35.5617455896007	29.1442852879737	1.30810634074669e-07	c8
RP11-103C16.2	1.71131657705961e-10	0.0173223271323016	1.85701021355617	0.451357803640704	1.30160498301233e-08	c8
SAMD3	1.18123976343866e-74	0.373702224399386	51.0677808727948	28.0065652044166	3.31672438244185e-71	c8
VNN2	6.91980326004444e-11	0.0688490385307962	11.3277623026927	6.50179051029543	5.631783841641e-09	c8
RPS12	7.03534829770066e-13	0.123945219883374	100	99.9925395404357	6.91105030736811e-11	c8
SLC2A12	0.000708741787731513	0.000963126428819897	0.0928505106778087	0.00373022978215458	0.0114096710112158	c8
IFNGR1	0.000389913592663091	0.0660030235468094	24.1411327762303	20.6841241420471	0.00717068482010397	c8
UTRN	4.90825574495123e-06	0.0967249578389986	36.397400185701	32.7066547299314	0.00016166057582638	c8
RP1-91J24.3	6.07119514712586e-07	0.00118314071696432	0.0928505106778087	0	2.44692403453659e-05	c8
SYNE1	1.92403170438771e-09	0.127293384099662	36.4902506963788	30.7072515666965	1.28289911624844e-07	c8
TAGAP	2.99582343359844e-06	0.120855442262132	66.7595171773445	64.3651148910773	0.000104602357276337	c8
ANKRD61	0.000708741787731513	0.00104963928156506	0.0928505106778087	0.00373022978215458	0.0114096710112158	c8
TOMM7	2.22365495220945e-06	0.0808124623050333	97.4001857010214	96.7472396299612	8.09112634554484e-05	c8
STK31	0.000322360370878644	0.00320795240167933	0.278551532033426	0.0373022978215458	0.00612164547314273	c8
AOAH	3.8990822988237e-28	0.200720778942134	35.3760445682451	22.0381975529693	1.30074929679768e-25	c8
TRGV10	0.00265933808385527	0.0426023581342101	12.7205199628598	9.94479259922411	0.0337109621510231	c8
AC004837.5	0.000708741787731513	0.00103401156119205	0.0928505106778087	0.00373022978215458	0.0114096710112158	c8
STK17A	7.27504437856472e-12	0.162703158936454	85.1439182915506	80.3827215756491	6.43373609688608e-10	c8
COA1	3.98292030681499e-07	0.103037320040134	31.9405756731662	27.1523425843032	1.76812275122298e-05	c8
PPIA	4.48665284126589e-05	0.0627187586136553	97.7715877437326	97.4970158161743	0.00114351952219072	c8
GS1-293C5.1	0.000179064434627856	0.00194658851017412	0.185701021355617	0.0149209191286183	0.00374048174851269	c8
RP11-757A13.1	0.000709421878331365	0.000778159716844652	0.0928505106778087	0.00373022978215458	0.0114096710112158	c8
LAMTOR4	0.0020158528556293	0.0409697276106502	63.9740018570102	66.2302297821546	0.0270606159830971	c8
PILRB	1.23963150483789e-26	0.151983559665731	23.2126276694522	12.7461951656222	3.66387227403577e-24	c8
UPK3BL	6.07119514712586e-07	0.00123297283857172	0.0928505106778087	0	2.44692403453659e-05	c8
AC105052.2	0.000709421878331365	0.000690442683979997	0.0928505106778087	0.00373022978215458	0.0114096710112158	c8
SLC26A5	1.62320040847034e-08	0.0115633303743114	1.20705663881151	0.257385854968666	9.44596106442135e-07	c8
CTB-107G13.1	1.8118650314555e-07	0.00997659820800689	1.0213556174559	0.216353327364966	8.58635448239966e-06	c8
ATXN7L1	0.00127917138597869	0.0504849581701754	15.5060352831941	12.7051626380185	0.0185857700212013	c8
CDHR3	1.33836886528186e-13	0.0507462035258807	6.31383472609099	2.59623992837959	1.42255522229676e-11	c8
RP11-390E23.6	0.00419957277212144	0.0134144435266793	2.32126276694522	1.3055804237541	0.0489451418138568	c8
GRM8	0.00191413117594738	0.00194918561961188	0.185701021355617	0.0223813786929275	0.0259536160331473	c8
OPN1SW	0.000708741787731513	0.00110838505547037	0.0928505106778087	0.00373022978215458	0.0114096710112158	c8
AKR1B1	0.000249343575609093	0.0669705713957025	30.08356545961	26.9583706356312	0.00493429991700071	c8
KDM7A	3.26262179774954e-06	0.0655054706704641	14.577530176416	10.5490898239332	0.000113564854187369	c8
PRSS58	0.000708741787731513	0.00110172855965042	0.0928505106778087	0.00373022978215458	0.0114096710112158	c8
TRBV4-2	5.37717016602948e-06	0.0891587473669473	6.03528319405757	3.44300208892868	0.000175220862257444	c8
TRBV7-9	0.00310902194676641	0.0897226152946259	8.07799442896936	5.99074903014026	0.0381900785542645	c8
TRBV15	6.11281431236013e-06	0.0362727068194098	3.24976787372331	1.49955237242614	0.000196531646412846	c8
TRBV27	2.86307637127074e-06	0.0794993126864559	6.59238625812442	3.80110414801552	0.000100592800055888	c8
ZYX	0.000604068770711419	0.0638580230431814	65.8310120705664	64.2569382273948	0.0103791398064001	c8
EPHA1	2.77888499260142e-09	0.0826012261439295	17.3630454967502	11.7837958818263	1.81105901239288e-07	c8
ATP6V0E2	2.77621387594468e-08	0.113420586271192	41.8755803156917	37.5746045956431	1.54614463365422e-06	c8
GIMAP8	0.00013516023061828	0.0502008372254572	12.7205199628598	9.55684870188004	0.00296683310127187	c8
GIMAP7	3.66534109313382e-33	0.312046471583035	85.7010213556175	76.4062966278723	1.69178086016508e-30	c8
GIMAP4	2.23683660293579e-59	0.408280292960951	85.5153203342618	72.1724858251268	3.01471889997274e-56	c8
GIMAP2	1.30866028709776e-08	0.124202848410366	42.8969359331476	38.2273948075201	7.72224163108087e-07	c8
GIMAP1	2.26565423747718e-05	0.0917512717123296	34.7260909935005	31.0131304088332	0.000625216657473841	c8
GIMAP5	2.19778912651634e-07	0.0875178893786922	24.5125348189415	19.1435392420173	1.02282191752544e-05	c8
RP11-148K1.10	0.000708741787731513	0.00120878391748309	0.0928505106778087	0.00373022978215458	0.0114096710112158	c8
SMARCD3	8.6814093148867e-05	0.0449977771321187	9.5636025998143	6.64726947179946	0.00202710606691471	c8
VIPR2	5.11797470602543e-05	0.0172625606546898	2.50696378830084	1.1414503133393	0.0012897908731849	c8
CD99	1.00553404567822e-23	0.237579196281973	93.4076137418756	88.1080274544912	2.42003315250585e-21	c8
USP11	8.56859780724176e-06	0.0813333485960645	22.9340761374188	18.62876753208	0.000265358763343018	c8
RP11-348F1.3	0.00109082831898809	0.0150160115697923	2.41411327762303	1.26827812593256	0.0163207679307215	c8
OGT	0.00148232393845657	0.0674935709682613	39.7400185701021	38.0110414801552	0.021003121439174	c8
CXCR3	4.46383230247035e-05	0.102067969246725	59.238625812442	53.6071321993435	0.00113856446328112	c8
ZCCHC18	2.13054947267375e-05	0.031652520014146	5.94243268337976	3.52506714413608	0.00059132400273698	c8
RPL39	3.34492670757027e-20	0.135942116161329	100	99.9440465532677	6.51467979681345e-18	c8
SH2D1A	2.42327336513852e-40	0.307649212210402	58.4029712163417	43.1139958221426	1.57018793778802e-37	c8
HSFX1	0.000708741787731513	0.00109433542794345	0.0928505106778087	0.00373022978215458	0.0114096710112158	c8
RPL10	1.72159259279341e-16	0.106223253278305	100	99.9925395404357	2.57810403651471e-14	c8
PDLIM2	0.00367822600050478	0.0576782912792972	31.7548746518106	29.7262011339899	0.0439638690532132	c8
EXTL3-AS1	1.79060474006975e-05	0.00253255005300677	0.278551532033426	0.0261116084750821	0.00050657125198917	c8
CTD-2373N4.5	6.07119514712586e-07	0.00122155086248233	0.0928505106778087	0	2.44692403453659e-05	c8
EIF4EBP1	1.50612776670307e-06	0.0840987408094054	20.0557103064067	15.491644285288	5.68280727562076e-05	c8
TOX	0.000188151862700605	0.0678757845407884	29.1550603528319	24.7165025365563	0.00390609295245482	c8
RP11-25K19.1	0.00270248979288629	0.0530692706594028	18.0129990714949	15.323783945091	0.034180814970537	c8
RP3-388N13.3	6.07119514712586e-07	0.00111861035776043	0.0928505106778087	0	2.44692403453659e-05	c8
RPL30	7.38386647181156e-23	0.133514887935911	100	99.9888093106535	1.71580687518082e-20	c8
KB-1615E4.3	1.45895274177872e-12	0.0192744288821408	1.94986072423398	0.425246195165622	1.38864275936419e-10	c8
FBXO32	1.2500470591526e-06	0.0968329009664683	27.1123491179201	22.2582811101164	4.80811479578625e-05	c8
LINC00861	1.41823513150223e-32	0.285509872610982	57.1030640668524	42.7074007758878	6.28763348958368e-30	c8
KCNK9	0.000709421878331365	0.00066144802435443	0.0928505106778087	0.00373022978215458	0.0114096710112158	c8
EEF1D	7.23133077993694e-08	0.0812441549272096	99.2571959145775	99.1383169203223	3.70292491336163e-06	c8
LINC01230	0.000708741787731513	0.00125257383721256	0.0928505106778087	0.00373022978215458	0.0114096710112158	c8
MSMP	0.000691848144470859	0.00175559474658623	0.185701021355617	0.0186511489107729	0.0114096710112158	c8
ANKRD20A1	5.55305838160241e-05	0.00342564823707274	0.278551532033426	0.0298418382572366	0.00138391086619609	c8
C9orf153	0.000691137807817909	0.00189719185638558	0.185701021355617	0.0186511489107729	0.0114096710112158	c8
TRMO	0.000983052207236523	0.06707239572881	20.3342618384401	17.4761265293942	0.0149945500546072	c8
AKNA	5.11288146767229e-06	0.0968374398807106	46.1467038068709	42.8752611160848	0.000167660496892363	c8
ARPC5L	7.74264069878892e-08	0.11335509967949	53.8532961931291	50.1044464339003	3.94675545695906e-06	c8
TTC16	0.000249541374089429	0.0320350396149338	5.57103064066852	3.52133691435392	0.00493429991700071	c8
FAM102A	5.44239389561705e-09	0.132542248631598	46.7966573816156	41.9203222918532	3.40847620667139e-07	c8
RPL7A	2.83967449232565e-47	0.172874028084473	100	99.9552372426141	2.73371406698344e-44	c8
C9orf116	0.00177447331853108	0.00404666201367887	0.464252553389044	0.115637123246792	0.0244082902825792	c8
SNHG7	0.00167973429419977	0.0658421590962894	40.0185701021356	38.2609668755595	0.0233101183314527	c8
SIGIRR	4.60070789189674e-05	0.0820074658306672	53.2033426183844	52.0255147717099	0.00116905167201786	c8
RPLP2	8.08375780289257e-31	0.158042326047108	100	99.9589674723963	3.1307371886283e-28	c8
CD81	1.24243216362905e-06	0.072509516835501	18.4772516248839	13.7869292748433	4.78428677957912e-05	c8
EIF3F	0.00229581664591098	0.0421344774487449	84.0297121634169	85.448373619815	0.0299130881930877	c8
RPL27A	9.78485165454157e-25	0.192116972967111	97.1216341689879	96.0720680393912	2.57570930975097e-22	c8
DKK3	9.73702477156067e-44	0.131772374689359	12.2562674094708	3.78245299910474	7.8112841647336e-41	c8
NUCB2	9.95087022567048e-37	0.271778414880572	47.3537604456825	32.3261712921516	5.58807702306235e-34	c8
LDHC	0.000708741787731513	0.00118016653570687	0.0928505106778087	0.00373022978215458	0.0114096710112158	c8
CD44	1.94081524601421e-07	0.100415827619972	84.3082636954503	84.1092211280215	9.12244854725446e-06	c8
PRR5L	1.32241500923081e-07	0.0671148970806183	13.8347260909935	9.33676514473292	6.39274767876944e-06	c8
DGKZ	0.000396660056855228	0.0769341517666579	34.5403899721448	32.0165622202328	0.00727152554715999	c8
MS4A1	7.39360531937882e-16	0.0926399451119193	12.0705663881151	6.14368845120859	1.04029033787248e-13	c8
TMEM109	1.64754361885884e-09	0.123053825729362	40.2042711234912	34.6985974336019	1.11694838418168e-07	c8
SYT7	0.000708741787731513	0.0014763307454545	0.0928505106778087	0.00373022978215458	0.0114096710112158	c8
UBXN1	6.20474131989187e-07	0.0869077505620421	74.5589600742804	74.3695911668159	2.49776050217965e-05	c8
RARRES3	9.94686606847084e-28	0.240359596670963	90.8077994428969	86.4256938227395	3.22259332029862e-25	c8
PPP1R14B	0.000194359365460225	0.079227376116793	22.8412256267409	18.9794091316025	0.00401271265631568	c8
TRMT112	0.00077648682000872	0.0470610756246956	73.7233054781801	75.0783348254252	0.0123293812032864	c8
FAU	2.09352178500932e-27	0.116434882004427	100	99.9328558639212	6.65463424755699e-25	c8
MALAT1	0.00124514980055252	0.063746958996556	100	99.9738883915249	0.0181855558646799	c8
SIPA1	0.00302838589277693	0.0579557611589096	22.1912720519963	19.7515666965085	0.0374727999527087	c8
CFL1	0.00230735456230012	0.0714474886514598	99.3500464252553	97.9036108624291	0.0300054051031031	c8
CTSW	1.74074216646441e-29	0.333040653968186	72.0519962859796	51.5890778871979	6.30672758675826e-27	c8
TBC1D10C	5.83398592156154e-08	0.11028206668876	66.3881151346332	64.4919427036705	3.03349261791813e-06	c8
GSTP1	2.01613485720809e-12	0.149194662567123	56.4531104921077	49.9067442554461	1.8713952583683e-10	c8
MYEOV	0.000709421878331365	0.00101712870538957	0.0928505106778087	0.00373022978215458	0.0114096710112158	c8
IL18BP	0.000200482558373799	0.0411667468473697	9.00649953574745	6.35631154879141	0.00410601119057103	c8
RPS3	4.61098349422374e-41	0.183597892324843	100	99.9925395404357	3.17066281335458e-38	c8
KCTD21-AS1	0.00118883224088082	0.0151253894203441	2.50696378830084	1.33915249179349	0.0175686462825607	c8
ATM	2.13559906909051e-07	0.112973953804164	47.8180129990715	43.0319307669352	9.96632618198552e-06	c8
APOA1	5.33119866885242e-07	0.0181629523720622	2.04271123491179	0.701283199045061	2.31481195809682e-05	c8
CD3E	5.89728410564978e-17	0.116186284693954	99.3500464252553	98.962996120561	9.24200421654715e-15	c8
CD3G	7.93121118289867e-06	0.0789926906058394	74.0018570102136	74.033870486422	0.000248358949439208	c8
CXCR5	1.5147766040181e-09	0.0614173715049808	9.93500464252553	5.66994926887496	1.03326070506737e-07	c8
RPS25	1.25532786949674e-45	0.173666007353479	100	99.9664279319606	1.084538903457e-42	c8
CRTAM	2.13963926806543e-68	0.320443553842789	37.9758588672238	17.5022381378693	4.00516697212203e-65	c8
RP11-138I18.2	0.000709421878331365	0.00056525390601106	0.0928505106778087	0.00373022978215458	0.0114096710112158	c8
OPTN	0.000333561188748071	0.0693393927632132	51.6248839368617	50.3692927484333	0.0062682714409802	c8
FRMD4A	1.91258576747166e-07	0.0274526477924924	3.24976787372331	1.35034318113996	9.01296011876785e-06	c8
FAM171A1	0.000949201452284155	0.0113195646551115	1.76415970287837	0.820650552074008	0.0145506795874715	c8
MKX	0.000709421878331365	0.000906528073293264	0.0928505106778087	0.00373022978215458	0.0114096710112158	c8
RP11-253D19.2	6.07119514712586e-07	0.00100138478298887	0.0928505106778087	0	2.44692403453659e-05	c8
CXCL12	0.000689719167629763	0.00240540693505341	0.185701021355617	0.0186511489107729	0.0114096710112158	c8
FRMPD2	6.07119514712586e-07	0.000736941785296468	0.0928505106778087	0	2.44692403453659e-05	c8
UNC5B-AS1	2.02516613016791e-08	0.0077716661776868	0.74280408542247	0.108176663682483	1.16047529914758e-06	c8
SEC24C	4.08593360889056e-06	0.0745862015900265	17.5487465181058	13.4773202029245	0.000138363263334632	c8
ZSWIM8-AS1	0.000708741787731513	0.00123878429118509	0.0928505106778087	0.00373022978215458	0.0114096710112158	c8
RPS24	1.91638985742159e-21	0.100087520626635	99.9071494893222	99.9664279319606	4.10781592747453e-19	c8
LINC00856	6.07119514712586e-07	0.000976406359359082	0.0928505106778087	0	2.44692403453659e-05	c8
GHITM	0.00122161347385202	0.0560495288789929	48.6536675951718	48.7914055505819	0.0179553937496423	c8
CCSER2	0.000324064759594772	0.0768768125217807	38.0687093779016	35.6721874067443	0.00613429101673385	c8
FGFBP3	0.000477787050632316	0.0243225088451545	4.73537604456824	2.92450014920919	0.00851325059968548	c8
PDLIM1	8.74179617333426e-11	0.0407448060216643	6.4066852367688	2.93569083855565	6.91422723625175e-09	c8
RP11-127L20.3	0.000179064434627856	0.00205658672638492	0.185701021355617	0.0149209191286183	0.00374048174851269	c8
FAM160B1	7.95615024220827e-09	0.097656456132307	20.4271123491179	15.0141748731722	4.8918709171709e-07	c8
RP11-234G16.4	6.07119514712586e-07	0.000914103779588548	0.0928505106778087	0	2.44692403453659e-05	c8
TCERG1L	5.20929380835938e-05	0.00474060571532275	0.371402042711235	0.0522232169501641	0.00130974425942127	c8
CYP2E1	1.3708362339938e-07	0.00509420656136101	0.464252553389044	0.0484929871680096	6.58900942484835e-06	c8
NINJ2	6.59007316775172e-18	0.155259325600301	25.5338904363974	16.6666666666667	1.10470609609068e-15	c8
WNK1	0.00153816307061136	0.0692743683130174	40.297121634169	39.3651148910773	0.0216758120038391	c8
CD27	1.34658319328732e-32	0.308098012712894	78.180129990715	65.9840346165324	6.04956988194972e-30	c8
KLRG1	1.54880538012028e-05	0.0934082932216884	30.08356545961	24.9962697702178	0.000447943763757706	c8
LINC00987	0.000207955536797766	0.0176651474707664	2.59981429897864	1.28692927484333	0.00423119194255069	c8
CLEC2B	3.44348140417815e-05	0.0946479464027635	62.116991643454	55.4349447925992	0.000904323167828359	c8
ARHGDIB	0.000525576558405743	0.0507779459516189	98.4215413184773	98.358698895852	0.00922812744081453	c8
KIAA1551	3.6526160525136e-20	0.217081516445193	73.1662024141133	66.7450014920919	7.03264258705104e-18	c8
AC079630.4	1.67737082219104e-06	0.00228751080688335	0.185701021355617	0.00746045956430916	6.26577965442406e-05	c8
NELL2	7.16658674967276e-11	0.146055542106663	41.4113277623027	33.9898537749925	5.77681755845631e-09	c8
H1FNT	6.07119514712586e-07	0.00117088066923734	0.0928505106778087	0	2.44692403453659e-05	c8
DAZAP2	0.00205741423776842	0.0377588084047411	87.9294336118849	89.4732915547598	0.0274327326186661	c8
BIN2	6.84518090055123e-05	0.0763675736979762	51.9034354688951	50.2909579230081	0.00166528177085324	c8
RP11-923I11.6	0.000709421878331365	0.000614475791533313	0.0928505106778087	0.00373022978215458	0.0114096710112158	c8
PCBP2	1.91962281199736e-09	0.133165425152061	89.5078922934076	87.2314234556849	1.28289911624844e-07	c8
HOXC4	0.000880666775307484	0.0087994542015426	1.29990714948932	0.52969262906595	0.0136995320070223	c8
GTSF1	1.53996683683469e-05	0.0440253854445953	7.89229340761374	5.06938227394808	0.000446153418747274	c8
RPL41	9.92052228480859e-40	0.227762603068105	100	99.903014025664	6.19003847896927e-37	c8
RP11-603J24.6	6.07119514712586e-07	0.00100031610391949	0.0928505106778087	0	2.44692403453659e-05	c8
IFNG-AS1	3.72494104307416e-72	0.259186530006362	29.619312906221	11.8173679498657	8.36721090035604e-69	c8
RP11-530C5.2	6.07119514712586e-07	0.000973938273271443	0.0928505106778087	0	2.44692403453659e-05	c8
RP11-1060G2.2	0.000709421878331365	0.00103905163927357	0.0928505106778087	0.00373022978215458	0.0114096710112158	c8
SELPLG	0.000248978093477349	0.0790018898960082	57.753017641597	56.4010743061773	0.00493184472758717	c8
ERP29	0.000835935434764044	0.055916327256271	71.5877437325905	72.0754998507908	0.0131248874831965	c8
RPL6	1.59243895236034e-21	0.117024557777464	99.9071494893222	99.8769024171889	3.43946397825829e-19	c8
RP11-497G19.1	0.000709421878331365	0.00111077336359009	0.0928505106778087	0.00373022978215458	0.0114096710112158	c8
RPLP0	5.74738692621342e-05	0.0581543884132834	99.535747446611	99.6754700089525	0.00142916941027184	c8
RP11-476H16.1	0.000690428149067814	0.0018912266725473	0.185701021355617	0.0186511489107729	0.0114096710112158	c8
ATP8A2	4.52525200085064e-06	0.0170789366928682	2.41411327762303	0.9773202029245	0.000150665850708163	c8
RPL21	5.32197949399208e-05	0.113123351010632	99.6285979572888	99.3584004774694	0.00133421709129888	c8
LINC00384	0.000237511806332635	0.00910299359041009	1.0213556174559	0.335720680393912	0.00472974160908499	c8
LCP1	0.000519778073440405	0.073552949839931	80.6870937790158	79.5173082661892	0.00916019805990281	c8
ITM2B	2.06687765262348e-08	0.111031768309806	95.636025998143	94.3449716502537	1.18036229877111e-06	c8
KLF12	4.74164822031645e-06	0.0825957235092667	22.6555246053853	18.3079677708147	0.000156940172038647	c8
LINC00402	3.54815757779055e-13	0.0903226713077178	16.6202414113278	9.99328558639212	3.61183146302341e-11	c8
RASA3	0.000384957230907621	0.063342357469072	22.5626740947075	19.2256042972247	0.00710725969216513	c8
RNASE6	0.00184840480266369	0.0154698254420916	2.32126276694522	1.24216651745748	0.0252248486921629	c8
TRAV1-2	4.1737335737765e-08	0.0660492980073309	6.49953574744661	3.3833184124142	2.23071613965982e-06	c8
TRAJ4	0.000691137807817909	0.0019583685291431	0.185701021355617	0.0186511489107729	0.0114096710112158	c8
PSME1	8.06738677190446e-06	0.0789310359622792	91.9220055710306	91.6890480453596	0.000252154480419804	c8
RPS29	4.58313152275636e-66	0.244313871827677	99.9071494893222	99.7239629961206	7.72120167638764e-63	c8
RPL36AL	8.17049748834078e-10	0.101430040484207	98.5143918291551	97.6201133989854	5.78354500781836e-08	c8
NIN	2.25038128167857e-05	0.0838157284381973	31.1049210770659	27.2381378692927	0.000621511040203917	c8
RP11-1033H12.1	6.07119514712586e-07	0.00109924826623345	0.0928505106778087	0	2.44692403453659e-05	c8
PTGDR	0.00023300903175247	0.0471264494401193	11.6063138347261	8.57952849895554	0.00465935092929836	c8
SLC35F4	0.000691492891369583	0.00203092072342805	0.185701021355617	0.0186511489107729	0.0114096710112158	c8
LINC00216	0.000691137807817909	0.0019021608531609	0.185701021355617	0.0186511489107729	0.0114096710112158	c8
PRKCH	3.16073605227807e-05	0.0811284021634987	56.0817084493965	55.140256639809	0.000839888332377424	c8
LINC00643	0.000323128647030286	0.00299252684169441	0.278551532033426	0.0373022978215458	0.00612729703458504	c8
IRF2BPL	7.12975905854948e-05	0.054970190440504	14.4846796657382	11.0265592360489	0.0017245520582826	c8
RP11-406A9.2	6.07119514712586e-07	0.000654504129566383	0.0928505106778087	0	2.44692403453659e-05	c8
RP11-356K23.1	6.07119514712586e-07	0.00112703375776923	0.0928505106778087	0	2.44692403453659e-05	c8
TC2N	8.05817552539423e-32	0.277170692295768	64.4382544103993	51.1227991644285	3.31112397747114e-29	c8
LINC01550	5.37008504648401e-06	0.078912454777472	24.1411327762303	19.6023575052223	0.000175159385824039	c8
RP11-61O1.2	5.35287738892929e-07	0.0145858506448106	1.85701021355617	0.604297224709042	2.32123360029065e-05	c8
EVL	0.000113678225934206	0.065069346105233	89.0436397400186	89.8500447627574	0.00256377118114266	c8
LINC00239	0.000179317916013071	0.0478633559389938	12.0705663881151	8.98612354521038	0.00374113799513585	c8
PPP2R5C	3.68311237132629e-10	0.143648641395945	60.7242339832869	57.2552969262907	2.73345348545084e-08	c8
CTD-2017C7.1	0.000100044726920901	0.0037414825814319	0.371402042711235	0.0559534467323187	0.00229391666698629	c8
RP11-731F5.1	6.07119514712586e-07	0.00134948500784666	0.0928505106778087	0	2.44692403453659e-05	c8
RP11-323I15.5	6.07119514712586e-07	0.00135322806209285	0.0928505106778087	0	2.44692403453659e-05	c8
SRP14	0.00137315535963432	0.0675336319116895	94.6146703806871	92.6738287078484	0.0197469469430298	c8
STRC	0.00426150073135233	0.00174631366926731	0.185701021355617	0.0261116084750821	0.0493935347926335	c8
B2M	8.18291376423494e-16	0.0819736385069296	100	100	1.13931858005013e-13	c8
PPIB	0.00136787081942937	0.066337577853842	85.5153203342618	84.0793792897642	0.0197090354274203	c8
CTD-3154N5.1	0.000322360370878644	0.00294251147629826	0.278551532033426	0.0373022978215458	0.00612164547314273	c8
PSTPIP1	0.000351235248497909	0.0733270605031597	48.0037140204271	46.3481050432707	0.00655652103207121	c8
IL16	4.78327925315377e-10	0.137592322547393	57.0102135561746	53.4280811698001	3.49604796433326e-08	c8
CTD-2240J17.2	0.000708741787731513	0.00114412110205235	0.0928505106778087	0.00373022978215458	0.0114096710112158	c8
RP11-182J1.17	0.000708741787731513	0.00132647254513564	0.0928505106778087	0.00373022978215458	0.0114096710112158	c8
PRC1-AS1	0.00426483502170371	0.000899127361506442	0.185701021355617	0.0261116084750821	0.0494151826758201	c8
RP11-6O2.3	6.07119514712586e-07	0.00101932491004081	0.0928505106778087	0	2.44692403453659e-05	c8
NDUFB10	6.73800975626207e-08	0.0953783452944168	61.0027855153203	58.5198448224411	3.47141438421245e-06	c8
RPS2	6.94936455352435e-13	0.131817839843282	99.9071494893222	99.9104744852283	6.84654646977922e-11	c8
LITAF	1.33715577222411e-12	0.159466303978394	65.3667595171773	59.8888391524918	1.27632086655295e-10	c8
SHISA9	0.000708741787731513	0.000965612305825011	0.0928505106778087	0.00373022978215458	0.0114096710112158	c8
RPS15A	3.36899112398528e-38	0.140346488549182	100	99.9813488510892	2.027049766635e-35	c8
AC002550.6	0.000691492891369583	0.00163984264982763	0.185701021355617	0.0186511489107729	0.0114096710112158	c8
RP11-105C19.2	0.000709421878331365	0.000612102959929387	0.0928505106778087	0.00373022978215458	0.0114096710112158	c8
GGA2	0.000774716996874428	0.0643265570539741	20.3342618384401	17.2933452700686	0.0123128841946637	c8
PRKCB	0.000806531128172695	0.0675108429519112	25.4410399257196	22.515666965085	0.0127463695275097	c8
CORO1A	2.65734361040578e-13	0.145294003133062	96.8430826369545	95.2775290957923	2.75497032643115e-11	c8
SEPT1	6.74627261797485e-13	0.15401500650853	77.8087279480037	74.0935541629364	6.66595042786055e-11	c8
AC002310.11	6.07119514712586e-07	0.000610165032011288	0.0928505106778087	0	2.44692403453659e-05	c8
TOX3	0.000708741787731513	0.00125028637532783	0.0928505106778087	0.00373022978215458	0.0114096710112158	c8
MT1X	0.00242087951344427	0.0593466150147772	42.246982358403	40.2491793494479	0.0311899660870284	c8
HERPUD1	9.85351529908079e-06	0.110511592561793	43.9182915506035	40.9056997911071	0.000301001218936743	c8
NLRC5	0.000290017219353995	0.0783277256553293	32.7762302692665	30.2745449119666	0.00558390867937915	c8
CPNE2	8.42797372223691e-09	0.0687367879996645	11.3277623026927	6.97179946284691	5.14442294559874e-07	c8
CTD-2600O9.1	0.000708741787731513	0.00132939128890071	0.0928505106778087	0.00373022978215458	0.0114096710112158	c8
PSMB10	4.85007080715313e-06	0.0870973826566613	69.2664809656453	67.7521635332736	0.000160057086950262	c8
RP11-424M24.5	6.07119514712586e-07	0.00107266769423254	0.0928505106778087	0	2.44692403453659e-05	c8
TMEM231	0.00430282350617043	0.0107833269219942	1.67130919220056	0.84676216054909	0.0497185648891997	c8
GABARAPL2	3.65190865197499e-14	0.141057023062115	66.8523676880223	63.9846314532975	4.15700709863667e-12	c8
TERF2IP	1.49674310011044e-09	0.123554957317618	63.8811513463324	61.5935541629364	1.02762852387179e-07	c8
RP11-679B19.2	6.07119514712586e-07	0.00123715239968088	0.0928505106778087	0	2.44692403453659e-05	c8
RP11-109P11.1	6.07119514712586e-07	0.00117595397237333	0.0928505106778087	0	2.44692403453659e-05	c8
COTL1	2.11666842757963e-69	0.452364122350179	94.8932219127205	86.366010146225	4.19523682346283e-66	c8
KLHDC4	0.00322748708963484	0.0494306040675474	16.0631383472609	13.5183527305282	0.0394725771318172	c8
CYBA	8.45180454983185e-18	0.193836215256119	95.636025998143	91.8979409131602	1.4028330172514e-15	c8
LINC00304	0.000323256859551323	0.00264904898244771	0.278551532033426	0.0373022978215458	0.00612729703458504	c8
RPL13	2.10235816692397e-34	0.161318192303869	100	99.9925395404357	1.0119550868048e-31	c8
SPIRE2	0.000753224798623302	0.00356143086193099	0.371402042711235	0.070874365860937	0.0120280361918548	c8
RP5-1029F21.3	6.07119514712586e-07	0.00109113570220749	0.0928505106778087	0	2.44692403453659e-05	c8
RNF167	4.51415217369178e-07	0.101699221767183	54.4103992571959	51.8986869591167	1.9830488049592e-05	c8
PFN1	8.49815231758252e-13	0.110279252877493	99.8142989786444	99.5672933452701	8.25177937143013e-11	c8
RP11-542C16.1	6.07119514712586e-07	0.000976406359359082	0.0928505106778087	0	2.44692403453659e-05	c8
RP11-135L13.4	1.71755371154372e-12	0.00265986940717865	0.185701021355617	0	1.61201266731905e-10	c8
AC010761.13	0.000709421878331365	0.000497319916530731	0.0928505106778087	0.00373022978215458	0.0114096710112158	c8
RPL23A	1.24639701725823e-92	0.267419400762214	99.8142989786444	99.9104744852283	3.81782737268171e-89	c8
RP11-227G15.8	5.22688841518849e-05	0.00425872293520722	0.371402042711235	0.0522232169501641	0.00131233068749151	c8
RP11-466A19.3	0.000708741787731513	0.00120894084752272	0.0928505106778087	0.00373022978215458	0.0114096710112158	c8
TAF15	0.00222162846045765	0.0592202060759017	44.5682451253482	44.4606087735004	0.0291720769082853	c8
GAS2L2	6.07119514712586e-07	0.000865823218064539	0.0928505106778087	0	2.44692403453659e-05	c8
AC015849.2	4.16491050691299e-09	0.0135750325827072	1.29990714948932	0.276037003879439	2.64657993911552e-07	c8
CCL5	8.43544405672747e-56	1.02541069783	94.4289693593315	63.6489107729036	1.01508518588348e-52	c8
CCL4	2.83177045327284e-108	0.843840557578986	74.0018570102136	36.8584004774694	1.19267092065719e-104	c8
AC131056.3	1.33130493806581e-22	0.0677052092620199	8.26369545032498	2.96180244703074	3.03087760697226e-20	c8
CCL3L3	1.31138973258518e-24	0.121565976245272	15.4131847725162	7.05386451805431	3.39892043459423e-22	c8
CCL4L2	9.57193870324305e-49	0.269259348932701	35.8402971216342	17.4798567591764	9.48579125491387e-46	c8
RP11-697E22.2	0.000709421878331365	0.00101176109883062	0.0928505106778087	0.00373022978215458	0.0114096710112158	c8
PLXDC1	8.49630658926143e-05	0.0313265272335764	6.77808727948004	4.31587585795285	0.00199494462870087	c8
RPL19	0.000847881644063248	0.0531384535658508	100	99.9925395404357	0.0132815081892455	c8
IKZF3	3.48765239399216e-09	0.129395958755828	52.1819870009285	46.6353327364966	2.24690171631304e-07	c8
RP5-1028K7.2	3.69939423766377e-32	0.170788547868299	24.1411327762303	12.4738883915249	1.55809236804804e-29	c8
CCR7	1.50808368782424e-15	0.204174642510177	50.6035283194058	40.5177558937631	2.040697661749e-13	c8
RPL27	3.3928554946177e-09	0.0843989373997158	98.8857938718663	98.6869591166816	2.19422021181667e-07	c8
MEOX1	1.87772761058564e-08	0.0283202574737555	3.52831940575673	1.4212175470009	1.07966133295346e-06	c8
GFAP	6.07119514712586e-07	0.000860479660067292	0.0928505106778087	0	2.44692403453659e-05	c8
THCAT158	0.000708741787731513	0.00133773770910473	0.0928505106778087	0.00373022978215458	0.0114096710112158	c8
MRPL10	3.20666358957185e-09	0.115647367927975	31.1977715877437	25.4961205610266	2.08179813077137e-07	c8
RP5-890E16.5	0.000708741787731513	0.00116696583530252	0.0928505106778087	0.00373022978215458	0.0114096710112158	c8
RP11-159D12.2	0.00422046921049828	0.010443972498006	1.57845868152275	0.783348254252462	0.0491174954475305	c8
LIMD2	2.02889142496674e-28	0.215506579253947	93.3147632311978	91.5099970158162	6.97565996661523e-26	c8
ERN1	1.36322744844106e-07	0.106911743828256	32.8690807799443	27.1635332736497	6.56674908214258e-06	c8
PECAM1	7.74993644319752e-29	0.14206685489627	20.0557103064067	9.88883915249179	2.7200662345531e-26	c8
PITPNC1	6.14823697280264e-06	0.0891869538955752	32.033426183844	28.040137272456	0.000197482074891909	c8
RPL38	2.63948010808099e-12	0.099388383864246	97.7715877437326	98.2654431512981	2.42990827217707e-10	c8
SLC9A3R1	0.000383591264586224	0.0712460780800825	58.4029712163417	57.5574455386452	0.00708981024079442	c8
TSEN54	4.41457228173801e-08	0.105018396786642	30.8263695450325	25.3991345866905	2.34374119504326e-06	c8
SEPT9	1.92659509948866e-09	0.1181001103756	74.280408542247	72.9819456878544	1.28289911624844e-07	c8
FLJ45079	4.44110077053376e-06	0.00351454357748237	0.278551532033426	0.0223813786929275	0.000148303715919093	c8
TMC8	0.000489129976161656	0.0691506931320778	51.3463324048282	51.0966875559534	0.0086786442426492	c8
RNF213	0.000931892817260298	0.0674324272354045	70.1021355617456	69.4046553267681	0.0143375326871089	c8
AC027601.1	0.00199247883433474	0.0023042561340338	0.278551532033426	0.0484929871680096	0.0268002322730837	c8
OXLD1	0.00292519198482113	0.0632993230298373	30.5478180129991	28.7899134586691	0.0364367536918903	c8
FN3K	0.00179953967844467	0.0190197175256645	3.34261838440111	1.99194270367055	0.0247230715423439	c8
TBCD	0.00378482975098049	0.0569035277606838	27.2980501392758	24.6605490898239	0.0449827349663268	c8
RP11-689C9.1	0.000708741787731513	0.00097091312405612	0.0928505106778087	0.00373022978215458	0.0114096710112158	c8
TGIF1	9.31740366479009e-06	0.0872097337828784	29.0622098421541	24.7053118472098	0.000286703743453367	c8
DLGAP1-AS1	0.000522206621204162	0.0639579758282276	21.8198700092851	18.6250373022978	0.00918810960566737	c8
RP11-484L8.1	0.000644795227888092	0.00287712926332679	0.278551532033426	0.0410325276037004	0.0109215793201509	c8
RP11-706P11.2	6.07119514712586e-07	0.00120855618083409	0.0928505106778087	0	2.44692403453659e-05	c8
MBP	7.1791755597031e-24	0.229323167523029	63.4168987929434	53.6257833482543	1.76565796575647e-21	c8
RP11-248M19.1	0.000708741787731513	0.00111748502251918	0.0928505106778087	0.00373022978215458	0.0114096710112158	c8
CDC25B	7.06752646695551e-11	0.117405787734369	28.133704735376	21.2660399880633	5.71062917931892e-09	c8
SLC23A2	0.0029023074734194	0.0314650665364149	7.70659238625812	5.68860041778574	0.0362303043436356	c8
KIZ-AS1	0.00191498265964326	0.00220208622686238	0.185701021355617	0.0223813786929275	0.0259547167071682	c8
CST7	3.88672915177556e-223	1.16476233950094	97.0287836583101	61.0601313040883	6.54797260199628e-219	c8
APMAP	1.47851991065308e-25	0.215358677541027	43.7325905292479	32.7626081766637	4.11712808839213e-23	c8
TNNC2	2.87290949006713e-05	0.00723852368708052	0.74280408542247	0.171590569979111	0.00077069914298027	c8
NFATC2	6.72121612882031e-20	0.204256156803063	55.5246053853296	46.2660399880633	1.25813697913595e-17	c8
ATP9A	7.11454780993486e-14	0.0358741398072851	3.71402042711235	1.14891077290361	7.73282496477243e-12	c8
ATP5E	0.00012323666926652	0.0620512801850377	98.7000928505107	98.5601313040883	0.00274625418932944	c8
PSMA7	2.87623679094646e-05	0.0783929648001813	80.2228412256267	78.8346762160549	0.000770977903215196	c8
RPS21	3.7991356101667e-10	0.103924915182039	99.9071494893222	99.8731721874067	2.80719463265256e-08	c8
RP5-963E22.4	6.07119514712586e-07	0.00111317263305929	0.0928505106778087	0	2.44692403453659e-05	c8
LIME1	8.41389373062673e-10	0.131158213178392	42.246982358403	36.0862429125634	5.91853309728052e-08	c8
SLC2A4RG	0.00153093655117026	0.0537723050651122	19.0343546889508	16.2787227693226	0.0215920369004315	c8
GZMM	3.47558412323507e-128	0.623000079119186	81.8012999071495	57.9752312742465	2.34212662896565e-124	c8
LLNLR-284B4.2	6.07119514712586e-07	0.00121254894489237	0.0928505106778087	0	2.44692403453659e-05	c8
CNN2	3.04340032794413e-20	0.203255613080593	79.5728876508821	75.2611160847508	5.99674448244149e-18	c8
RPS15	4.68677109419522e-22	0.110695781539503	100	99.9925395404357	1.03213114541055e-19	c8
TMPRSS9	6.07119514712586e-07	0.00136508365670394	0.0928505106778087	0	2.44692403453659e-05	c8
GNG7	0.00415623029071443	0.00936163233137672	1.94986072423398	1.03327364965682	0.0485239166373292	c8
MATK	4.32880017755379e-07	0.0983494165343661	30.1764159702878	24.3173679498657	1.91159361969197e-05	c8
AC005339.2	0.000708741787731513	0.00107887023431369	0.0928505106778087	0.00373022978215458	0.0114096710112158	c8
RPL36	1.34937487811957e-10	0.0919764693189089	100	99.9142047150104	1.03803281149226e-08	c8
FUT3	0.000708741787731513	0.00104864503750456	0.0928505106778087	0.00373022978215458	0.0114096710112158	c8
ALKBH7	1.1568101003209e-05	0.0867872420036647	41.5041782729805	38.2758877946882	0.000347084234374109	c8
TUBB4A	5.57182935981303e-06	0.0161182914505768	1.85701021355617	0.671441360787824	0.00018069029687155	c8
CTD-2207O23.10	6.07119514712586e-07	0.00140114720159528	0.0928505106778087	0	2.44692403453659e-05	c8
MCEMP1	6.07119514712586e-07	0.000690066829514447	0.0928505106778087	0	2.44692403453659e-05	c8
FCER2	0.000709421878331365	0.00126749163400022	0.0928505106778087	0.00373022978215458	0.0114096710112158	c8
RPS28	1.19326406429011e-17	0.122719340283932	100	99.9962697702179	1.96126045766786e-15	c8
UBL5	0.00199495127358145	0.0535887346822801	86.8152274837512	86.3772008355715	0.0268227806113541	c8
EIF3G	4.30441355570676e-10	0.113417729586631	79.3871866295265	78.5064159952253	3.15288935534747e-08	c8
CTD-2006C1.10	1.67426266068747e-06	0.00261651738876729	0.185701021355617	0.00746045956430916	6.26111055374068e-05	c8
DNAJB1	9.9604121346711e-06	0.165471135874406	78.180129990715	77.872276932259	0.000303441344001454	c8
TECR	2.9540810621399e-12	0.144744079738258	63.1383472609099	59.2808116980006	2.69742025224233e-10	c8
FKBP8	0.000575357380119534	0.0612884546962061	65.3667595171773	64.9880632646971	0.0099620203318333	c8
UBA52	2.93719700455208e-06	0.054024094945166	99.3500464252553	99.4553864518054	0.000102768344622407	c8
CTB-70G10.1	6.07119514712586e-07	0.00112610794411099	0.0928505106778087	0	2.44692403453659e-05	c8
AC005616.1	0.000708741787731513	0.00120810357816677	0.0928505106778087	0.00373022978215458	0.0114096710112158	c8
ZNF30	0.000986918048593643	0.0150682159275621	2.50696378830084	1.32423157266488	0.0150398990182335	c8
HCST	6.95284147535545e-42	0.32789153161475	95.8217270194986	90.2081468218442	4.98444767384312e-39	c8
GGN	0.00424486471380488	0.00209714265947023	0.185701021355617	0.0261116084750821	0.049308502383108	c8
MAP4K1	0.00228362869881577	0.0583866371697593	32.033426183844	30.0022381378693	0.0298119276938778	c8
EIF3K	8.14722459127726e-05	0.0706655152811673	89.8792943361188	89.2009847806625	0.00193182677958125	c8
CTC-360G5.9	6.07119514712586e-07	0.00110483024525377	0.0928505106778087	0	2.44692403453659e-05	c8
RPS16	2.81653412079216e-16	0.1050227604893	99.8142989786444	99.8433303491495	4.16229388885838e-14	c8
DYRK1B	0.00307784716617995	0.0367285855837938	9.19220055710306	7.05013428827216	0.0379300694913713	c8
MAP3K10	0.00183246688143884	0.0143912595293791	2.04271123491179	1.04819456878544	0.0250580921685066	c8
CYP2A13	6.07119514712586e-07	0.000651870894597957	0.0928505106778087	0	2.44692403453659e-05	c8
L34079.4	0.000708741787731513	0.00100392619544979	0.0928505106778087	0.00373022978215458	0.0114096710112158	c8
SNRPD2	1.04172996106288e-07	0.086043799450074	89.786443825441	89.6784541927783	5.1769984230166e-06	c8
RPL18	0.000373046194042982	0.0550327751421116	100	99.9291256341391	0.00691387154130047	c8
CD37	3.84330637492692e-06	0.0656695679314454	92.4791086350975	93.4012235153685	0.000130804409087664	c8
RPL13A	1.80080598735591e-36	0.181373464760352	99.6285979572888	99.5337212772307	9.78650918354355e-34	c8
RPS11	0.00065872294640348	0.0518746457641392	95.9145775301764	95.945240226798	0.0110864190590004	c8
IRF3	0.00226329643313487	0.0638357700911929	33.6118848653668	31.8673530289466	0.029603847056695	c8
CTD-2568A17.1	0.000322488298059843	0.00303487243315962	0.278551532033426	0.0373022978215458	0.00612164547314273	c8
NKG7	2.89717254364555e-68	0.738781835973792	77.0659238625812	43.580274544912	5.13775429924175e-65	c8
SIGLEC10	0.00077545764260499	0.00587660087502885	0.649953574744661	0.182781259325574	0.0123188447948763	c8
NDUFA3	0.000610604513850854	0.0509035806244358	62.0241411327762	64.913458669054	0.0104541201675258	c8
RPS9	1.60748923977687e-05	0.0699989279032751	99.7214484679666	99.3807818561623	0.000461745459889529	c8
RPL28	7.55489265332887e-60	0.179330056491263	100	99.9925395404357	1.0606439710886e-56	c8
ZNF154	0.000605987476113017	0.0157509068086179	2.04271123491179	0.981050432706655	0.010401498736705	c8
DGCR6L	8.58813202120033e-05	0.0816977422397421	39.7400185701021	37.3470605789317	0.00201229847233883	c8
MED15	1.1944832051925e-05	0.0910977513908425	35.5617455896007	31.9941808415398	0.000357750374362277	c8
LRRC74B	6.07119514712586e-07	0.000643034094759917	0.0928505106778087	0	2.44692403453659e-05	c8
RIMBP3C	0.00192009887061634	0.00114645399841295	0.185701021355617	0.0223813786929275	0.0259926923851133	c8
PRAME	0.000708741787731513	0.00120026668777279	0.0928505106778087	0.00373022978215458	0.0114096710112158	c8
IGLV2-18	0.00014440704698304	0.00290494148576874	0.278551532033426	0.0335720680393912	0.00312702509064689	c8
IGLV2-14	4.29797779685345e-73	0.276900944246019	30.1764159702878	12.0225305878842	1.11396972220908e-69	c8
CRYBB3	0.00426150073135233	0.00131192741893258	0.185701021355617	0.0261116084750821	0.0493935347926335	c8
MIAT	3.92319634399304e-12	0.115149894047693	23.0269266480966	15.8870486421964	3.53444325172464e-10	c8
RP1-130H16.18	0.000709421878331365	0.0011467944454839	0.0928505106778087	0.00373022978215458	0.0114096710112158	c8
SELM	6.26429520157966e-06	0.0894955691345511	40.3899721448468	36.6718889883617	0.000200636086047552	c8
SFI1	0.0011811058262646	0.0563174989600892	22.6555246053853	19.5240226797971	0.017485140470193	c8
CTA-342B11.1	0.000179281432195637	0.00175175910068633	0.185701021355617	0.0149209191286183	0.00374113799513585	c8
RAC2	1.10858548831748e-08	0.109737232962113	96.8430826369545	95.6468218442256	6.63457894198385e-07	c8
SUN2	0.00181428284336411	0.0593169533786142	62.4883936861653	63.4027156072814	0.0248699943548862	c8
APOBEC3D	0.00070750216051346	0.0590493875868635	14.2061281337047	11.5189495672933	0.0114096710112158	c8
APOBEC3G	7.9426472558549e-24	0.243629827696819	63.0454967502321	50.0298418382572	1.93927214955634e-21	c8
PDGFB	2.50570646655634e-05	0.024766525363436	4.17827298050139	2.23067740972844	0.000682516359613171	c8
RPL3	8.18086721903615e-18	0.165271053421034	99.8142989786444	99.7649955237243	1.3645848518723e-15	c8
RP5-1042K10.14	6.07119514712586e-07	0.000703992208166729	0.0928505106778087	0	2.44692403453659e-05	c8
Z83851.4	0.00424320435580685	0.00193487639712044	0.185701021355617	0.0261116084750821	0.049308502383108	c8
LINC01315	0.0028670875309588	0.00595051320157958	0.74280408542247	0.257385854968666	0.0359121365309018	c8
AL022476.2	6.07119514712586e-07	0.00110958015917328	0.0928505106778087	0	2.44692403453659e-05	c8
CH507-513H4.1	0.000322104658558234	0.00280479201967888	0.278551532033426	0.0373022978215458	0.00612164547314273	c8
AF131217.1	4.96545515901159e-14	0.0820302293421595	11.9777158774373	6.40480453595942	5.46751784731165e-12	c8
ITGB2	3.01920564591397e-26	0.249533731089844	78.4586815227484	70.4267382870785	8.69479615670302e-24	c8
ITGB2-AS1	1.84603375517388e-08	0.10354955469352	28.2265552460539	22.3291554759773	1.06325233071502e-06	c8
MT-ND1	0.000524862201427945	0.0710519387139423	98.7000928505107	98.623545210385	0.00922038947597143	c8
MT-ATP6	0.000390095128962147	0.073587736790548	99.0714948932219	99.3360190987765	0.00717068482010397	c8
BX004987.4	0.000323513427450786	0.00248183617323822	0.278551532033426	0.0373022978215458	0.00612729703458504	c8
