gene	p_val	avg_log2FC	pct.1	pct.2	p_val_adj	cluster
DHRS3	2.87992817290946e-29	0.227037185295543	30.5210918114144	12.1897969580089	4.04317916075048e-26	c31
RPL11	0.000528957868791968	0.0790124871847793	100	99.9781675278364	0.0188222997242243	c31
LDLRAP1	0.000307868538238165	0.108807303254013	35.7320099255583	27.8072920457026	0.0123018041031008	c31
CD52	1.74202006974079e-06	0.181466711995872	99.5037220843672	97.4929044465468	0.000156105383590016	c31
KDF1	0.000988723771089756	0.0184560275410731	2.72952853598015	1.0370424277709	0.0308178156735414	c31
THEMIS2	0.00135183597638278	0.0510319699547021	12.1588089330025	7.88152245105888	0.0392661736105528	c31
ARTN	3.69416641550157e-06	0.00238962645719242	0.248138957816377	0.00727749072119933	0.000283373869277268	c31
CDKN2C	6.88824167737672e-05	0.0630708130046605	10.9181141439206	6.23680954806783	0.00364925180939515	c31
ZFYVE9	0.00110644529465434	0.0243078994899368	3.72208436724566	1.63379666690925	0.033555866568932	c31
JUN	2.96655592301456e-09	0.382417057081549	90.3225806451613	82.4066661815006	5.02287111909812e-07	c31
RP11-63G10.3	0.00178475162943146	0.00259856385862836	0.248138957816377	0.0181937268029983	0.0482274786911694	c31
INADL	0.00055112839636446	0.0580563807311366	12.6550868486352	8.04526599228586	0.0194243935011549	c31
PDE4B	2.39034530899214e-06	0.172877151877078	45.6575682382134	36.6057783276326	0.00020545993581934	c31
RPL5	5.44280563883504e-11	0.185843324309244	100	99.545156829925	1.24755029384291e-08	c31
ARHGAP29	0.00178029196844644	0.0027159253172739	0.248138957816377	0.0181937268029983	0.0482274786911694	c31
CDC14A	9.5899302514503e-05	0.107157843615489	31.0173697270471	23.6663998253402	0.00471024941534062	c31
RP5-837M10.4	0.000507900139869537	0.00260577703363773	0.248138957816377	0.0145549814423987	0.0182237754965834	c31
S1PR1	1.81262786355821e-06	0.119728545460347	28.0397022332506	18.7104286442035	0.000161573236070715	c31
KCNA3	6.81709961261257e-05	0.103748732661531	30.272952853598	22.1308492831672	0.0036172496747617	c31
LINC00623	7.03906054775324e-05	0.0931771499545874	22.8287841191067	16.0686995124081	0.00371746247799369	c31
RP11-344P13.4	7.9058055718603e-05	0.00279275794577832	0.248138957816377	0.010916236081799	0.00398673593890373	c31
RP11-763B22.4	0.00119915280781225	0.0327796790413726	5.70719602977668	2.95466123280693	0.0355984622964107	c31
CH17-373J23.1	1.08044206894805e-06	0.0526746318155003	8.43672456575682	3.74426897605706	0.000104012614488959	c31
TXNIP	3.59056062957497e-59	0.846315938430001	98.7593052109181	93.774106688014	6.04901749264495e-55	c31
RP11-353N4.5	8.75205583041323e-09	0.00188265044057199	0.248138957816377	0.00363874536059967	1.26562991051478e-06	c31
FCGR1A	0.00178177738265959	0.00220728043141404	0.248138957816377	0.0181937268029983	0.0482274786911694	c31
HIST2H2AC	0.00179417422687544	0.0491643040780008	12.4069478908189	8.16534458918565	0.0483623251202729	c31
RP11-316M1.3	3.69416641550157e-06	0.00249023351769211	0.248138957816377	0.00727749072119933	0.000283373869277268	c31
THEM4	5.12952580313337e-05	0.125523687745382	37.468982630273	29.1681828105669	0.00283334823624223	c31
S100A10	3.97700703989946e-14	0.296747694440229	91.8114143920596	83.5601484608107	1.38145644538528e-11	c31
S100A11	1.00918699643982e-09	0.304357950850287	93.3002481389578	79.3501200785969	1.88908592544685e-07	c31
BX470102.3	5.94758644571248e-11	0.00487768407728646	0.496277915632754	0.0145549814423987	1.33598651801224e-08	c31
S100A4	7.39989821386838e-05	0.292127317716026	97.5186104218362	87.7628993523033	0.00387161755307579	c31
RPS27	2.07488041141253e-28	0.226704307940717	100	100	2.58929705859755e-25	c31
EFNA3	0.000587306546193799	0.00550535500501497	0.496277915632754	0.0582199257695946	0.0204852036930164	c31
RP11-66D17.3	1.48583344742325e-16	0.00220864904469683	0.248138957816377	0	7.1519531682113e-14	c31
TSTD1	7.20454525619407e-05	0.137635915132467	61.5384615384615	53.4786405647333	0.00379296793534692	c31
MGST3	0.000169539205514595	0.115284757564807	50.6203473945409	42.4059384324285	0.00762314734788672	c31
TEX35	1.48583344742325e-16	0.00252751672338929	0.248138957816377	0	7.1519531682113e-14	c31
GLUL	3.21480393777714e-16	0.237123964832235	38.4615384615385	21.7524197656648	1.42525794578241e-13	c31
CFH	1.62116319965567e-12	0.055394367509359	5.95533498759305	1.53191179681246	4.5519560707665e-10	c31
TMEM63A	0.000403315780270728	0.0782649311318888	19.6029776674938	13.6452951022487	0.0153551659891999	c31
ITPKB-AS1	8.73007247117357e-09	0.00282987759301697	0.248138957816377	0.00363874536059967	1.26562991051478e-06	c31
PRSS38	8.75205583041323e-09	0.00152589137244536	0.248138957816377	0.00363874536059967	1.26562991051478e-06	c31
RP11-245P10.8	0.00178475162943146	0.00219064789660682	0.248138957816377	0.0181937268029983	0.0482274786911694	c31
RP4-799P18.3	1.48583344742325e-16	0.00351864448005535	0.248138957816377	0	7.1519531682113e-14	c31
TOMM20	3.50571098591378e-06	0.170292812654181	71.712158808933	63.3214467651554	0.000283373869277268	c31
MAP1LC3C	3.68798361695778e-06	0.00353146688020146	0.248138957816377	0.00727749072119933	0.000283373869277268	c31
RP11-261C10.5	7.91573082188696e-05	0.00213771422557849	0.248138957816377	0.010916236081799	0.00398673593890373	c31
RPS7	1.45294508758812e-10	0.119799493487826	100	99.9490575649516	3.0984513785566e-08	c31
ID2	0.000217475549261395	0.166438410582805	53.5980148883375	44.2180336220071	0.00929901162032162	c31
ZFP36L2	7.69712758776009e-48	0.623224072988382	99.7518610421836	97.3255221599592	5.18694033883977e-44	c31
RPS27A	1.04279656269147e-17	0.182744023518145	100	99.981806273197	6.75692065063972e-15	c31
LINC01185	7.91076668340303e-05	0.00216343964967226	0.248138957816377	0.010916236081799	0.00398673593890373	c31
SLC4A5	0.00100872896596585	0.0118698694655476	1.73697270471464	0.523979331926352	0.0312226011553358	c31
DUSP2	1.81711910591213e-15	0.540750616758757	83.1265508684863	69.3472090823084	7.28881085173849e-13	c31
SEMA4C	5.42752054219614e-05	0.029335423806607	4.21836228287841	1.63015792154865	0.00298327695185574	c31
MGAT4A	6.63769605229966e-06	0.134682136665616	39.2059553349876	29.2773451713849	0.000473835870309713	c31
RPL31	0.000241053069362206	0.108364550580464	99.2555831265509	97.4346845207772	0.0100644883755764	c31
IL18RAP	7.85700266216898e-07	0.0651608960439868	9.42928039702233	4.41743686776799	7.83236235796218e-05	c31
CXCR4	3.40972958609074e-35	0.545333359716937	99.0074441687345	92.1766974747107	6.75808403963184e-32	c31
ARHGAP15	2.64385972326429e-12	0.262480422196564	74.1935483870968	60.2248744632851	7.18404915448928e-10	c31
ACVR2A	0.000171393304948936	0.0318774125295212	5.70719602977668	2.64536787715596	0.00768964849127757	c31
CYTIP	4.84604798424388e-11	0.253781894616097	92.8039702233251	86.656720762681	1.12901080281268e-08	c31
ACVR1C	0.00138608128770965	0.0214567746723753	2.72952853598015	1.0697911360163	0.040122528271554	c31
DPP4	1.45748068205738e-11	0.124391425936563	18.1141439205955	8.80576377265119	3.5845513942512e-09	c31
ITGA6	0.000248694990734579	0.0630870463004401	16.1290322580645	10.4504766756422	0.0103196170170085	c31
HOXD8	8.73007247117357e-09	0.0028813958263387	0.248138957816377	0.00363874536059967	1.26562991051478e-06	c31
CLK1	0.00164861872153374	0.105115249035227	50.8684863523573	44.5709919219853	0.045681380923814	c31
NRP2	5.63716149200763e-05	0.0041344090405987	0.496277915632754	0.043664944327196	0.00307842008608922	c31
EEF1B2	1.99493239336766e-09	0.205397877478126	99.2555831265509	97.3582708682046	3.46480680732629e-07	c31
RP11-548H3.1	0.000306075657247207	0.00885658848493291	0.744416873449132	0.11280110617859	0.0122772776134374	c31
EPHA4	7.26648670868864e-05	0.0697811627107144	16.6253101736973	10.4395604395604	0.00381961003373721	c31
CTD-2308L22.1	1.59033665470294e-05	0.00791003069422926	0.744416873449132	0.0836911432937923	0.00101872249512473	c31
COLQ	7.60308699985716e-05	0.0148197540313773	1.73697270471464	0.422094461829561	0.00395948088675714	c31
SATB1	0.000877832897658005	0.0825385024372746	23.5732009925558	17.6224437813842	0.0282229977611534	c31
RP11-222K16.2	6.09682601748682e-07	0.0894266485435393	18.1141439205955	10.3958954952332	6.18754385039761e-05	c31
TGFBR2	2.12253902289887e-05	0.166456489148699	56.575682382134	47.4892657011862	0.00130505163937143	c31
CRTAP	0.0014812871892368	0.0902143999730479	34.9875930521092	28.7097008951314	0.0422612113074891	c31
DLEC1	0.00018448845803581	0.01700093370894	2.23325062034739	0.673167891710938	0.0081576825525703	c31
SCN11A	7.8859903563483e-05	0.0029289709390332	0.248138957816377	0.010916236081799	0.00398673593890373	c31
RPSA	0.000669706601132899	0.0894652848641124	99.7518610421836	99.6615966814642	0.0226021472220108	c31
RPL14	2.64581308337417e-19	0.182972274209049	100	99.9417800742304	1.81934747002468e-16	c31
GRM2	0.00021013731136409	0.00465693565049519	0.496277915632754	0.0509424350483953	0.00904261375364195	c31
RPL29	0.000653891541839757	0.0749281350345474	100	99.9308638381486	0.0222220961435267	c31
MTRNR2L12	1.78160248993445e-08	0.28456570962178	69.9751861042184	55.0760497780365	2.47034215209265e-06	c31
TRAT1	9.72666213371162e-09	0.205097843193731	53.5980148883375	41.4635033840332	1.39459639971608e-06	c31
PHLDB2	3.70890592839304e-06	0.0340481382301303	4.96277915632754	1.81937268029983	0.000283373869277268	c31
PLS1	0.000113196211163329	0.0144186565298576	1.48883374689826	0.338403318535769	0.00543309563951167	c31
GYG1	0.000773270587955175	0.105308606513787	36.9727047146402	29.7940470125901	0.0254687968627191	c31
GPR171	2.86191327117688e-05	0.138068272239211	37.468982630273	29.2846226621061	0.00167703140450494	c31
VWA5B2	8.73007247117357e-09	0.00313910533439664	0.248138957816377	0.00363874536059967	1.26562991051478e-06	c31
TPRG1	7.36449448028737e-07	0.0863168834840832	16.1290322580645	8.99861727676297	7.36318329432649e-05	c31
PPP1R2	1.2731783942288e-05	0.168982014518451	80.1488833746898	74.8162433592897	0.000829757694683657	c31
AC124944.3	3.68798361695778e-06	0.00281000879904345	0.248138957816377	0.00727749072119933	0.000283373869277268	c31
UBXN7-AS1	0.00178177738265959	0.00274533435112184	0.248138957816377	0.0181937268029983	0.0482274786911694	c31
RPL35A	9.82571256957180e-13	0.149661466939163	100	99.9490575649516	2.87884834190567e-10	c31
FGFRL1	0.0013945744607003	0.0208045525974764	2.48138957816377	0.931518812313514	0.0402991354020891	c31
SPON2	6.74076634762493e-09	0.127727913716406	24.5657568238213	14.4749290444655	1.0613242117611e-06	c31
LYAR	1.12851982780107e-30	0.399300262539302	59.3052109181141	34.1932901535551	1.65323248164909e-27	c31
NSG1	4.86745674051187e-11	0.10561246171746	15.136476426799	6.87722873153337	1.12901080281268e-08	c31
CCDC96	2.52678190316162e-05	0.00835525657641746	0.744416873449132	0.087329888654392	0.00152031052580585	c31
KLF3	2.64099252012735e-08	0.142167483230345	29.0322580645161	18.4629939596827	3.48963144992827e-06	c31
RPL9	5.84458543225261e-12	0.201137549907312	100	99.6070155010552	1.5079736978683e-09	c31
RP11-528I4.2	0.000506882889469983	0.00355031740299151	0.248138957816377	0.0145549814423987	0.0182237754965834	c31
HOPX	1.85129371210853e-16	0.229988916917475	39.2059553349876	21.0610581471509	8.78556201912464e-14	c31
RP11-798L4.1	7.89589208769863e-05	0.00269388273357743	0.248138957816377	0.010916236081799	0.00398673593890373	c31
ANTXR2	3.38596766135199e-05	0.0704565910966839	13.6476426799007	8.08165344589186	0.00194687362425928	c31
AF213884.2	0.000323999026024857	0.0401649613328048	6.20347394540943	3.09657230187032	0.0127087580708749	c31
RPL34	1.34807984806653e-12	0.165110678383017	100	99.981806273197	3.81699179838267e-10	c31
SNHG8	1.63188112513147e-06	0.188287243747084	72.9528535980149	63.6016301579215	0.000149821805531825	c31
RP11-1E22.1	0.000507900139869537	0.00261406509413448	0.248138957816377	0.0145549814423987	0.0182237754965834	c31
SETD7	0.00185074864525007	0.038151000580031	5.95533498759305	3.2348446255731	0.0495306789936901	c31
MAML3	0.00163678953086662	0.0177021568179648	2.23325062034739	0.807801470053126	0.0454657761360429	c31
IL15	0.0001403598442537	0.0379862956321819	6.94789081885856	3.43861436576668	0.00648735883715248	c31
RPS3A	1.83144309316273e-08	0.138707296826331	100	99.9417800742304	2.51872014616429e-06	c31
RP11-18H21.1	4.84140699825641e-12	0.188159590345919	34.2431761786601	20.5589112873881	1.28445958582088e-09	c31
DEAR	0.00050739127701311	0.00267485488520228	0.248138957816377	0.0145549814423987	0.0182237754965834	c31
FAM198B	7.9058055718603e-05	0.0024537490680119	0.248138957816377	0.010916236081799	0.00398673593890373	c31
RP11-798M19.6	0.000827333522844937	0.0418918191778208	8.6848635235732	5.00691361618514	0.0268298130112968	c31
FLJ33360	3.68798361695778e-06	0.00343103081539844	0.248138957816377	0.00727749072119933	0.000283373869277268	c31
RP11-360I2.1	5.93782920986386e-11	0.00525598683400842	0.496277915632754	0.0145549814423987	1.33598651801224e-08	c31
IL7R	5.90281857959384e-101	1.27497298114478	99.7518610421836	79.5648060548723	1.98889569220835e-96	c31
PTGER4	6.59410976209421e-14	0.281020398600096	51.6129032258064	36.3728986245543	2.26716259514288e-11	c31
RPL37	0.0010009402064881	0.0843083441953372	100	99.9672512917546	0.0311122502928136	c31
PARP8	3.46990426768226e-13	0.26870461884925	60.0496277915633	46.6341605414453	1.09799763603597e-10	c31
ESM1	0.000601627307879691	0.0175389252984243	2.23325062034739	0.738665308201732	0.020898175785256	c31
GZMK	7.29498379619975e-56	1.20115748942014	93.3002481389578	51.0697911360163	8.19323946763848e-52	c31
GZMA	7.3669473421652e-29	0.738535359304801	89.0818858560794	52.463430609126	9.92887694987657e-26	c31
CTD-2310F14.1	0.00178177738265959	0.00251215016920931	0.248138957816377	0.0181937268029983	0.0482274786911694	c31
LRRC70	0.000210761353474263	0.00405555900449861	0.496277915632754	0.0509424350483953	0.00904636056555645	c31
PIK3R1	1.44744491755066e-09	0.231966252082018	60.2977667493797	49.8035077505276	2.63622751632173e-07	c31
CKMT2	3.68798361695778e-06	0.00255884523131363	0.248138957816377	0.00727749072119933	0.000283373869277268	c31
RPS23	2.96988081166187e-18	0.178346273757384	100	99.9781675278364	2.0013432813627e-15	c31
CCNH	4.45224713602285e-06	0.180321361903526	57.5682382133995	47.8676952186886	0.000337110146070009	c31
IL3	3.69416641550157e-06	0.00398294154405108	0.248138957816377	0.00727749072119933	0.000283373869277268	c31
PITX1	3.68798361695778e-06	0.00268791462024507	0.248138957816377	0.00727749072119933	0.000283373869277268	c31
PCDHGB3	7.89589208769863e-05	0.00273110847064107	0.248138957816377	0.010916236081799	0.00398673593890373	c31
RPS14	5.00914431591388e-33	0.240238725305163	100	99.9854450185576	8.88305834633697e-30	c31
DUSP1	1.41564178390724e-39	0.709093882368821	99.0074441687345	89.8842878975329	4.33623947881549e-36	c31
LTC4S	4.55195266159062e-05	0.0566801030587787	7.94044665012407	3.99898115129903	0.00255197159699891	c31
RNF130	1.72739986717226e-06	0.0653205580693139	10.9181141439206	5.4763117677025	0.000155497812046732	c31
C6orf229	5.01662466525954e-13	0.00610402427208922	0.496277915632754	0.010916236081799	1.53488821212148e-10	c31
FAM65B	1.03128793353176e-07	0.176410298443812	47.1464019851117	35.6087620988283	1.25444821777686e-05	c31
HIST1H4C	0.000280762151382391	0.150056029391511	71.9602977667494	65.5410814351212	0.0113701922219691	c31
HIST1H1D	1.30647092223059e-08	0.218299553941733	40.1985111662531	29.6958008878539	1.85739372378217e-06	c31
HCG15	8.74105743213145e-09	0.00238446100912484	0.248138957816377	0.00363874536059967	1.26562991051478e-06	c31
DDX39B-AS1	0.000360539575044881	0.00606820220597423	0.496277915632754	0.054581180408995	0.0139266027773089	c31
LTB	4.48496414869638e-08	0.35004911989483	91.3151364764268	76.6174223127866	5.70250498211984e-06	c31
APOM	0.000876452146255444	0.0235726562687318	3.47394540942928	1.46277563496107	0.0282055192129235	c31
GPSM3	0.000309105474067269	0.128036512498752	81.6377171215881	78.058365475584	0.0123108745191756	c31
RPS18	2.52016788690827e-10	0.16830315341013	100	99.9490575649516	5.16897286057398e-08	c31
FKBP5	0.000129869800270915	0.131347271851978	50.6203473945409	40.4737646459501	0.00612486579794799	c31
ENPP5	4.12482200782394e-08	0.0349166192737005	4.21836228287841	1.18623098755549	5.28447729017566e-06	c31
EEF1A1	9.90005928032068e-12	0.145293870631301	100	99.9963612546394	2.48934774172481e-09	c31
TPBG	8.90869215512291e-05	0.0125846255542032	1.48883374689826	0.33112582781457	0.00442625762784548	c31
PNRC1	1.33891399098117e-06	0.136791726104678	93.3002481389578	93.3447347354632	0.000125663977749636	c31
PRDM1	1.67809819792608e-07	0.178587760295796	47.1464019851117	34.2551488246853	1.97009897842932e-05	c31
SCML4	0.000439418572667142	0.124559716484738	49.8759305210918	42.0020376974019	0.0164508548749408	c31
FOXO3	0.000371472581163337	0.0706907174818335	15.136476426799	10.0101884870097	0.0142555776192682	c31
SESN1	4.81738520998496e-33	0.428229772358468	46.6501240694789	23.2879703078379	8.88305834633697e-30	c31
RP11-787I22.3	3.73593711431819e-07	0.00817148509490168	0.744416873449132	0.0618586711301943	4.04754550256711e-05	c31
METTL24	9.84446115151832e-05	0.0143697140096432	1.73697270471464	0.42937195255076	0.00481421297589634	c31
SOGA3	0.0017832639360599	0.00181143208551368	0.248138957816377	0.0181937268029983	0.0482274786911694	c31
SAMD3	1.00292769697825e-11	0.197148804706718	44.9131513647643	28.6623972054436	2.50315894977667e-09	c31
RPS12	2.042129548934e-06	0.127213674167971	100	99.9927225092788	0.00017965408099682	c31
IFNGR1	2.8436345920196e-12	0.19527722220856	33.7468982630273	20.6280474492395	7.60423999551654e-10	c31
TNFAIP3	2.99431380214296e-14	0.378033176981076	87.5930521091811	76.6392547849502	1.05094176301464e-11	c31
PERP	0.000497552804651557	0.0771659279372933	19.8511166253102	14.0819445455207	0.0182025452767965	c31
CITED2	4.90776220947896e-08	0.265161209552083	60.0496277915633	48.8210465031657	6.19333857251625e-06	c31
RGS17	0.000577472733898796	0.0120596237637456	0.992555831265509	0.200130994832982	0.02022595249063	c31
RP11-230C9.3	3.69416641550157e-06	0.00258650216496252	0.248138957816377	0.00727749072119933	0.000283373869277268	c31
TAGAP	0.000566981544618428	0.157710405697194	70.7196029776675	64.3657666836475	0.0198944383393561	c31
RP11-449P15.1	7.89589208769863e-05	0.00228378538650404	0.248138957816377	0.010916236081799	0.00398673593890373	c31
RSPH10B	0.000507900139869537	0.00275167008218706	0.248138957816377	0.0145549814423987	0.0182237754965834	c31
RP5-855F16.1	0.000674492329121265	0.00704490066485074	0.744416873449132	0.123717342260389	0.0226358013320836	c31
AC002480.3	3.09215395146498e-06	0.00795799204375001	0.744416873449132	0.0727749072119933	0.000256618313400643	c31
TOMM7	1.6475485603833e-15	0.225799811856097	99.0074441687345	96.7396841569027	6.85339520908086e-13	c31
HERPUD2	0.00149971839408553	0.108255355259385	45.409429280397	39.120151371807	0.0424991686882404	c31
AC073115.6	1.74204862822657e-09	0.0189728351270313	1.98511166253102	0.291099628847973	3.05408288702661e-07	c31
NCF1	5.60833087894261e-06	0.158238756152734	48.8833746898263	38.6070882759624	0.000409019698344356	c31
SRRM3	7.8859903563483e-05	0.00300428261711437	0.248138957816377	0.010916236081799	0.00398673593890373	c31
RP11-307C18.1	8.75205583041323e-09	0.00274392436096141	0.248138957816377	0.00363874536059967	1.26562991051478e-06	c31
GRM8	2.35886834932876e-08	0.00546531739026323	0.496277915632754	0.021832472163598	3.17039542444242e-06	c31
OPN1SW	8.75205583041323e-09	0.00283751765524985	0.248138957816377	0.00363874536059967	1.26562991051478e-06	c31
AC058791.1	0.000936194768771196	0.0294284367373051	5.4590570719603	2.72905902044975	0.0296189169380063	c31
TRBV5-6	8.56700807654089e-07	0.0719228569327393	5.95533498759305	2.23055090604759	8.41564927495535e-05	c31
TRBV19	2.23672907318952e-09	0.174710284090279	11.6625310173697	5.02146859762754	3.84511986694121e-07	c31
TRBV30	8.74453767593019e-05	0.0898185803167676	6.20347394540943	2.87097008951314	0.00437149039247465	c31
GIMAP7	3.05953735815095e-06	0.222107124769473	87.8411910669975	76.6028673313441	0.000255801617234586	c31
GIMAP4	6.70159228262051e-08	0.227162143065185	83.1265508684863	72.5347500181937	8.3941803111753e-06	c31
CD99	4.36537999666181e-11	0.269112128894739	96.5260545905707	88.1922713048541	1.02858121403862e-08	c31
XG	0.000506882889469983	0.00287078330168881	0.248138957816377	0.0145549814423987	0.0182237754965834	c31
CA5B	0.000278919810566109	0.0877818831850312	25.5583126550869	18.8305072411033	0.0113364585008618	c31
CDKL5	0.000269640265025995	0.0219290036026887	2.48138957816377	0.818717706134925	0.0110391969499221	c31
TIMP1	1.81915656567386e-10	0.167365466952927	34.9875930521092	21.9125245615312	3.83091633273843e-08	c31
PLP2	0.000432328961350447	0.146260700555424	77.1712158808933	69.4490939524052	0.0162395674735139	c31
RAB41	1.48583344742325e-16	0.00324976464217913	0.248138957816377	0	7.1519531682113e-14	c31
RPS4X	2.69036034909872e-05	0.0970014857437409	100	99.9745287824758	0.00160170555131332	c31
BEX5	0.000511868248820052	0.0361541519220763	5.95533498759305	2.99468743177352	0.0183240310321849	c31
BEX2	0.000616376547435472	0.0708754830060211	20.3473945409429	14.4530965723019	0.0213007091172213	c31
CXorf57	1.09031931082979e-09	0.0904288745689602	13.151364764268	5.92751619241685	2.02968059995023e-07	c31
TSC22D3	6.81715496201451e-44	0.621161059278464	98.5111662531017	94.0033476457318	3.28138884700167e-40	c31
RP5-1139I1.2	5.05646677584984e-13	0.00543688681995818	0.496277915632754	0.010916236081799	1.53488821212148e-10	c31
RPL39	9.75032233406715e-14	0.173608381986989	100	99.945418819591	3.3184581891319e-11	c31
STK26	0.0011586707750138	0.0606760401958968	15.136476426799	10.3631467869878	0.0346495786925064	c31
FHL1	3.49480245076343e-07	0.0763523359783994	12.9032258064516	6.64071028309439	3.81080497657032e-05	c31
CD40LG	9.5826396136456e-36	0.423770299041978	53.3498759305211	26.4354850447566	2.01798411963859e-32	c31
PDZD4	0.000349879101006178	0.0116863537252275	1.24069478908189	0.276544647405575	0.0135939809725901	c31
RPL10	7.76716012230525e-13	0.138721077755271	100	99.9927225092788	2.31598843505268e-10	c31
NPM2	6.01335457250028e-05	0.026780017697659	3.2258064516129	1.1061785896223	0.00325223064150601	c31
SORBS3	1.5201410368878e-11	0.134004769770376	24.0694789081886	12.8302161414744	3.71156754325345e-09	c31
SARAF	1.68560967923928e-07	0.151459096539238	99.7518610421836	98.9083763918201	1.97204626848224e-05	c31
LEPROTL1	2.59523158314647e-11	0.243487716865716	85.6079404466501	77.5052761807729	6.15800936355896e-09	c31
RP11-51J9.5	3.22060441831231e-10	0.161232531308324	28.7841191066998	17.4477840040754	6.42100859589438e-08	c31
RP11-360L9.4	0.000157649742982369	0.0088665850975389	0.992555831265509	0.174659777308784	0.00718788963470628	c31
CEBPD	5.50707874460021e-07	0.0889981460337791	14.3920595533499	7.6668364747835	5.72702195125184e-05	c31
C8orf46	3.27795655719171e-06	0.00537172903552038	0.496277915632754	0.032748708245397	0.000268644065765266	c31
MYBL1	2.43424835149522e-28	0.199861198752227	25.3101736972705	9.14780583654756	2.92927014126e-25	c31
ZBTB10	4.89213442187485e-11	0.113544506206028	17.3697270471464	8.35092060257623	1.12901080281268e-08	c31
RP11-37B2.1	0.000413094833296889	0.0403615396196058	6.45161290322581	3.31853576886689	0.015692015009138	c31
RP11-68L18.1	0.00050739127701311	0.00324954254924547	0.248138957816377	0.0145549814423987	0.0182237754965834	c31
C8orf88	1.31810457465229e-06	0.0395350717193922	5.4590570719603	2.01586492977221	0.000124403965093374	c31
RPL30	1.04748774734738e-20	0.183845479731768	100	99.9890837639182	7.84312270202726e-18	c31
ERICH5	8.73007247117357e-09	0.00316940968322582	0.248138957816377	0.00363874536059967	1.26562991051478e-06	c31
DEPTOR	0.000497520771617998	0.0087789411712911	0.992555831265509	0.196492249472382	0.0182025452767965	c31
TMEM71	2.03553133817974e-08	0.107565927502627	19.3548387096774	10.6833563787206	2.76553197212211e-06	c31
RPS6	9.28628890244175e-06	0.121793135799495	100	99.8435339494942	0.000633214987905494	c31
CA9	7.8859903563483e-05	0.0029903669694355	0.248138957816377	0.010916236081799	0.00398673593890373	c31
SHB	3.27507585159786e-06	0.00484058086953722	0.496277915632754	0.032748708245397	0.000268644065765266	c31
FAM201A	0.000322933445115279	0.0154093303244793	1.98511166253102	0.585838003056546	0.0126817243586413	c31
TMC1	0.000507900139869537	0.00264783213058631	0.248138957816377	0.0145549814423987	0.0182237754965834	c31
ANXA1	6.20505710949999e-33	0.615241072685239	88.5856079404466	61.9314460374063	1.04536597123746e-29	c31
PTCH1	7.29164069139098e-05	0.02107148755767	2.72952853598015	0.862382650462121	0.00382686201644436	c31
TNFSF8	0.000679806618869538	0.115805281293584	42.1836228287841	34.4734735463212	0.0227914469812838	c31
RPL35	1.35258391068555e-10	0.150718307740764	100	99.3341095990103	2.9028001456458e-08	c31
FAM102A	0.000460749729457736	0.122683735891868	48.1389578163772	42.0202314242049	0.0171163190566141	c31
RPL7A	1.73606004285525e-15	0.151750614380724	100	99.9563350556728	7.11651851325809e-13	c31
KCNT1	0.0017832639360599	0.00240320571881312	0.248138957816377	0.0181937268029983	0.0482274786911694	c31
C9orf142	0.000827298407804676	0.138913741604145	77.6674937965261	68.3574703442253	0.0268298130112968	c31
ENTPD2	0.00160692985193396	0.00722691227260386	0.744416873449132	0.138272323702787	0.0448954348516276	c31
RPLP2	2.549897447695e-17	0.182363976185974	100	99.9599738010334	1.59104156671547e-14	c31
RP11-1391J7.1	0.00178475162943146	0.00224854122482822	0.248138957816377	0.0181937268029983	0.0482274786911694	c31
HBB	7.89589208769863e-05	0.00307831607708126	0.248138957816377	0.010916236081799	0.00398673593890373	c31
RPL27A	2.80050257271046e-10	0.19879033182299	97.7667493796526	96.0883487373554	5.61667462410156e-08	c31
SBF2	0.000342277353333144	0.0399516946585075	7.94044665012407	4.26460956262281	0.0133634914753267	c31
RP11-265D17.2	1.48583344742325e-16	0.00249597301097148	0.248138957816377	0	7.1519531682113e-14	c31
CD44	3.31990290851168e-05	0.167731991268599	89.5781637717122	84.0368241030493	0.00191543195995837	c31
DKFZp779M0652	0.000416928992394056	0.00923361458922385	0.992555831265509	0.192853504111782	0.0157856657090005	c31
TMX2-CTNND1	0.00177880769263682	0.0024524994613067	0.248138957816377	0.0181937268029983	0.0482274786911694	c31
DTX4	7.89589208769863e-05	0.00297206605102351	0.248138957816377	0.010916236081799	0.00398673593890373	c31
MS4A1	0.00102587677396368	0.0466615277030993	10.4218362282878	6.31322320064042	0.0316537472728318	c31
CD6	5.91827453997903e-06	0.179432980007709	67.2456575682382	58.0816534458919	0.000428839445914093	c31
FTH1	0.000300686595801265	0.0916334970294841	100	99.6288479732188	0.0121043418864132	c31
AHNAK	1.64594156327499e-14	0.3353272910259	79.6526054590571	61.8623098755549	6.028082068803e-12	c31
RP11-697H9.2	8.73007247117357e-09	0.0036394432642814	0.248138957816377	0.00363874536059967	1.26562991051478e-06	c31
RCOR2	7.8859903563483e-05	0.00295539761335153	0.248138957816377	0.010916236081799	0.00398673593890373	c31
FAU	3.5886942534109e-17	0.13579879004194	100	99.9345025835092	2.19849934862594e-14	c31
CLCF1	0.00133898137671636	0.0256085038312058	3.97022332506203	1.81209518957863	0.039047998530551	c31
CTC-1337H24.4	3.68798361695778e-06	0.00250628004887089	0.248138957816377	0.00727749072119933	0.000283373869277268	c31
RP11-809N8.4	7.9058055718603e-05	0.00261468626474735	0.248138957816377	0.010916236081799	0.00398673593890373	c31
RPS3	2.34426790831341e-42	0.271276368556787	100	99.9927225092788	9.87347036283901e-39	c31
GDPD5	0.000310961618398708	0.045635228247716	8.6848635235732	4.82861509351576	0.0123701780051075	c31
SYTL2	2.02821703455519e-06	0.0928286635990584	19.6029776674938	11.8914198384397	0.000178897237597651	c31
EXPH5	4.71185135681844e-07	0.0186300466960541	2.23325062034739	0.465759406156757	4.97683760553732e-05	c31
ZBTB16	3.53577148167208e-05	0.032992024792432	4.96277915632754	2.01950367513281	0.00201580853305345	c31
RPS25	1.06617472897046e-23	0.190520180831107	100	99.9672512917546	9.7091057616029e-21	c31
RP11-110I1.14	3.68798361695778e-06	0.00223431694554261	0.248138957816377	0.00727749072119933	0.000283373869277268	c31
SORL1	0.000321339860802106	0.107505694171114	37.468982630273	29.7612983043447	0.0126486276517128	c31
PATE2	0.00050739127701311	0.0023892611612937	0.248138957816377	0.0145549814423987	0.0182237754965834	c31
ETS1	0.000129972073530386	0.154053296479982	64.7642679900744	57.4848992067535	0.00612486579794799	c31
KLF6	1.31753766744493e-14	0.369794121790671	97.0223325062035	90.7866967469617	4.93256824076551e-12	c31
CUBN	0.0010350491971377	0.0208650862235717	2.97766749379653	1.18259224219489	0.0319075458813884	c31
VIM	5.53721824802682e-07	0.257811504182432	99.0074441687345	93.7850229240958	5.74064712766202e-05	c31
ZNF32-AS2	7.8859903563483e-05	0.00311736759874769	0.248138957816377	0.010916236081799	0.00398673593890373	c31
ANK3	3.21245428659717e-08	0.105287475149846	18.1141439205955	10.0101884870097	4.19536568731028e-06	c31
RP11-131N11.4	0.000193422358705457	0.0106070306407781	0.992555831265509	0.178298522669384	0.00843388777079597	c31
ZNF365	1.23045495912372e-05	0.0280929093146743	3.2258064516129	1.00793246488611	0.000803468011486715	c31
SUPV3L1	0.000189795069109225	0.0753271750362023	17.6178660049628	11.7604250054581	0.00832676439917479	c31
RP11-150D20.5	8.75205583041323e-09	0.00196310338673488	0.248138957816377	0.00363874536059967	1.26562991051478e-06	c31
RPS24	1.07962337069163e-05	0.0729933941868057	100	99.963612546394	0.000718909680871222	c31
RP11-76P2.4	0.00178624046355883	0.00181632449362934	0.248138957816377	0.0181937268029983	0.0482274786911694	c31
BLNK	0.00177880769263682	0.00363624310198512	0.248138957816377	0.0181937268029983	0.0482274786911694	c31
DNMBP-AS1	0.00177880769263682	0.00313005602663821	0.248138957816377	0.0181937268029983	0.0482274786911694	c31
CFAP58-AS1	0.000681760231369356	0.0100991556637068	0.992555831265509	0.203769740193581	0.0228342238924046	c31
ADAM8	0.000119859720292497	0.108192099568699	29.2803970223325	22.2800378429517	0.00571223962593408	c31
RP11-122K13.7	1.48583344742325e-16	0.00300906265645087	0.248138957816377	0	7.1519531682113e-14	c31
SLC6A13	1.76443818844361e-07	0.00393827412102946	0.496277915632754	0.0254712175241977	2.04298901448176e-05	c31
PIANP	0.000810582213582946	0.00877548803010553	0.992555831265509	0.207408485554181	0.0263626999077836	c31
CD4	0.00151122852686912	0.0908510157417241	37.2208436724566	29.3319263517939	0.0426103213257977	c31
MFAP5	8.73007247117357e-09	0.00299967878654408	0.248138957816377	0.00363874536059967	1.26562991051478e-06	c31
RIMKLB	0.000237818833850472	0.031715495947715	4.46650124069479	1.92853504111782	0.00996650222357936	c31
KLRG1	1.7493856389747e-09	0.178149346549042	38.7096774193548	24.9945418819591	3.05408288702661e-07	c31
KLRB1	1.60930732413856e-05	0.202068675993067	33.0024813895782	24.7034422531111	0.0010269697155213	c31
CD69	3.82439081663066e-25	0.562856889827916	97.0223325062035	86.0235790699367	3.90481891441071e-22	c31
CLEC2B	2.79632522625452e-05	0.177856866636866	69.4789081885856	55.4908667491449	0.00164719199603881	c31
CDKN1B	6.02558824786756e-06	0.180104485558624	64.5161290322581	56.808092569682	0.000435006802732003	c31
HIST4H4	0.000939650051379694	0.0412216370856467	8.18858560794045	4.68306527909177	0.0296978370782324	c31
LDHB	2.68410185161842e-08	0.227361868013435	95.0372208436725	87.9630303471363	3.53273936673558e-06	c31
RP11-707G18.1	0.000198158938374416	0.0882090672582714	21.8362282878412	15.4683065279092	0.00860408153297369	c31
NELL2	5.41555136132679e-06	0.154328975997521	43.9205955334988	34.1350702277855	0.000401036456194604	c31
RP11-89H19.2	2.54364995427528e-05	0.00406331092039845	0.496277915632754	0.0400261989665963	0.00152501319500625	c31
FKBP11	3.0345076901411e-08	0.162857471831879	35.7320099255583	24.7834946510443	3.97839307827293e-06	c31
WNT10B	4.53698541086757e-06	0.0125253922378046	1.24069478908189	0.192853504111782	0.000341989231395463	c31
EIF4B	5.68648858295909e-05	0.150339060711845	76.1786600496278	70.0749581544284	0.00310033246463145	c31
ITGA5	0.000377835999371733	0.0682604711069638	15.3846153846154	10.1448220653519	0.0144832834616964	c31
RPL41	2.00054032128597e-16	0.220319884995606	99.7518610421836	99.909031365985	9.36197299797354e-14	c31
MYO1A	0.000507900139869537	0.00245438986671572	0.248138957816377	0.0145549814423987	0.0182237754965834	c31
LRP1	0.000172532182212624	0.0114895235951349	1.24069478908189	0.258350920602576	0.00772018505640393	c31
RP11-123K3.9	0.000508409478446857	0.00231731098230001	0.248138957816377	0.0145549814423987	0.0182237754965834	c31
IFNG-AS1	6.23569277308607e-39	0.274127169351441	33.9950372208437	12.1897969580089	1.61619563304894e-35	c31
GLIPR1	1.8053962634857e-05	0.150367393143923	52.605459057072	44.0652063168619	0.00113702844302593	c31
DUSP6	0.000584818444812416	0.0498675790844293	8.6848635235732	5.00691361618514	0.020440739294097	c31
BTG1	1.47359599448512e-37	0.348074991981904	100	99.8617276762972	3.31008956254545e-34	c31
RPL6	0.000527378228645194	0.0851631356142102	100	99.8762826577396	0.0188036846941494	c31
RPLP0	1.55344484359909e-06	0.134472608928824	100	99.6652354268248	0.000143796072967659	c31
FGF9	2.82733034401209e-05	0.00934070881337768	0.992555831265509	0.149188559784586	0.00165965276326033	c31
RPL21	2.61353985439469e-08	0.178434951572678	99.7518610421836	99.3632195618951	3.46695322259744e-06	c31
SPG20	0.000231838007607697	0.0481595810356408	8.93300248138958	4.98144239866094	0.00975224697669632	c31
LINC00330	1.48583344742325e-16	0.0026710846273948	0.248138957816377	0	7.1519531682113e-14	c31
TPT1	4.79899015092381e-05	0.106400181533988	100	99.9199476020668	0.00267268056438391	c31
ITM2B	1.05480282540708e-06	0.160132194334476	96.7741935483871	94.3599446910705	0.000102298323873102	c31
GPR183	1.97934206099121e-07	0.200105736093171	53.3498759305211	39.4767484171458	2.26074411535721e-05	c31
LINC01054	0.00178029196844644	0.00230825186393907	0.248138957816377	0.0181937268029983	0.0482274786911694	c31
TRAJ43	8.75205583041323e-09	0.0024417567670138	0.248138957816377	0.00363874536059967	1.26562991051478e-06	c31
NFKBIA	4.55121805577931e-42	0.771792932461045	92.5558312655087	78.4331562477258	1.70387490190476e-38	c31
RPS29	1.21780157597108e-12	0.176994386612578	100	99.727094097955	3.50706036758713e-10	c31
RPL36AL	6.65431972450214e-17	0.204805056263536	98.2630272952854	97.645731751692	4.00376158566741e-14	c31
RP11-596C23.2	0.000478487261306771	0.0744379021597825	15.3846153846154	10.3413143148242	0.0176584334966816	c31
PTGDR	3.48684475146462e-13	0.126567172790177	18.8585607940447	8.54741285204861	1.09799763603597e-10	c31
PTGER2	4.32555301157563e-13	0.163822322067333	25.8064516129032	13.525216505349	1.34949243677805e-10	c31
FBXO34	1.07789888264042e-06	0.113232355785471	27.2952853598015	18.0809256968197	0.000104012614488959	c31
SYNE2	4.62808688121549e-07	0.192354750800148	63.5235732009926	53.817043883269	4.9037345715621e-05	c31
PLEKHG3	6.34562753135531e-07	0.0418870819171636	5.70719602977668	2.09591732770541	6.42070792917375e-05	c31
EXD2	0.00134875729033037	0.0231677214308946	4.21836228287841	1.96492249472382	0.0392105505956787	c31
RP11-293M10.2	8.73007247117357e-09	0.00340632562448058	0.248138957816377	0.00363874536059967	1.26562991051478e-06	c31
FOS	6.13060687966583e-40	0.969739171728056	92.8039702233251	78.0256167673386	2.06564668203461e-36	c31
TGFB3	3.51727003321236e-05	0.0122635076309817	1.24069478908189	0.225602212357179	0.00201206955006888	c31
TC2N	4.05002607428277e-16	0.316923680588142	71.2158808933002	51.3499745287825	1.74950741726774e-13	c31
GSC	0.000583630027131515	0.00558624432467925	0.496277915632754	0.0582199257695946	0.0204203843553159	c31
APBA2	1.16466487013711e-05	0.0744919448615084	14.3920595533499	8.40550178298523	0.000769455257537252	c31
RP11-3D4.4	3.69416641550157e-06	0.00244718116291819	0.248138957816377	0.00727749072119933	0.000283373869277268	c31
MEIS2	0.00050739127701311	0.0027350815371978	0.248138957816377	0.0145549814423987	0.0182237754965834	c31
LTK	0.000126040629100922	0.00992792982955038	0.992555831265509	0.171021031948184	0.00598142669989641	c31
STRC	1.08538178551723e-15	0.00875292241111899	0.744416873449132	0.021832472163598	4.5713567351522e-13	c31
DUOXA1	8.75205583041323e-09	0.00239934140546593	0.248138957816377	0.00363874536059967	1.26562991051478e-06	c31
SMAD3	3.08674900272053e-06	0.0931279441622289	18.3622828784119	11.2728331271378	0.000256618313400643	c31
RP11-315D16.4	7.89589208769863e-05	0.0029389766876247	0.248138957816377	0.010916236081799	0.00398673593890373	c31
BCL2A1	0.000875104351294881	0.0742101843137162	22.3325062034739	16.4034640855833	0.0281890688456307	c31
UBE2Q2L	5.05646677584984e-13	0.00526995796466772	0.496277915632754	0.010916236081799	1.53488821212148e-10	c31
RP11-815J21.4	7.89589208769863e-05	0.00250059383004083	0.248138957816377	0.010916236081799	0.00398673593890373	c31
RP11-255M2.3	8.78235582560849e-07	0.00506991431964707	0.496277915632754	0.0291099628847973	8.55239009214024e-05	c31
SYNM	0.000685503762082414	0.0268934499390124	4.21836228287841	1.88487009679063	0.0229368061167873	c31
TARSL2	0.000132892005389119	0.0947493652526418	23.5732009925558	16.851029764937	0.00621897670775133	c31
RPS2	1.56344470528047e-06	0.133745958030263	100	99.909031365985	0.000144325221643069	c31
LITAF	0.00119080977995312	0.118634280954817	66.7493796526055	60.0029109962885	0.0354131904022422	c31
RP11-21M24.3	0.000507900139869537	0.00242491601363682	0.248138957816377	0.0145549814423987	0.0182237754965834	c31
AQP8	0.000506882889469983	0.00316847061293605	0.248138957816377	0.0145549814423987	0.0182237754965834	c31
RP11-44F14.8	0.00030526023318448	0.0125615853865184	1.24069478908189	0.272905902044975	0.0122591636435255	c31
GNAO1	1.12099216107778e-05	0.0430018405335755	6.45161290322581	2.80183392766174	0.000744984415687467	c31
RP11-413H22.3	2.36175358086023e-08	0.00557004922201168	0.496277915632754	0.021832472163598	3.17039542444242e-06	c31
FHOD1	0.000792709809885783	0.0565694859239121	11.4143920595534	7.25565824903573	0.0259112226926219	c31
AC004158.3	0.00050739127701311	0.00301245197958102	0.248138957816377	0.0145549814423987	0.0182237754965834	c31
RPL13	4.42456982007215e-06	0.111184115162649	100	99.9927225092788	0.000335769043958358	c31
ARRB2	0.00182104798355073	0.108317814308105	49.3796526054591	42.9808601994032	0.04889114801415	c31
GLTPD2	0.0013439843105527	0.00454946362353867	0.496277915632754	0.065497416490794	0.0391055331258745	c31
ASGR1	0.00177880769263682	0.00234671922265179	0.248138957816377	0.0181937268029983	0.0482274786911694	c31
PER1	5.47382471549251e-05	0.0708002407575943	15.8808933002481	9.93377483443709	0.00299894390185048	c31
VTN	1.48583344742325e-16	0.00250199381777661	0.248138957816377	0	7.1519531682113e-14	c31
RAB34	1.21373724597478e-07	0.0597305191249123	7.94044665012407	3.2457608616549	1.45536166426599e-05	c31
RPL23A	9.55158882269802e-25	0.222232535221404	100	99.9053926206244	9.19517810834248e-22	c31
RP11-848P1.5	0.00050739127701311	0.00291769413887351	0.248138957816377	0.0145549814423987	0.0182237754965834	c31
CCL5	2.92247096041914e-13	0.952572736090338	97.7667493796526	64.3548504475657	9.5601685961517e-11	c31
RPL19	0.000386049245960053	0.0778480906754471	100	99.9927225092788	0.0147477815117665	c31
EIF1	0.000648415044687521	0.0835021106740221	100	99.4250782330253	0.0221130531535438	c31
RPL27	0.000484530401701723	0.10900387235798	100	98.6754966887417	0.0178423686939212	c31
HOXB6	2.74962774310203e-07	0.0115286616128288	1.24069478908189	0.160104795866385	3.08819857253599e-05	c31
COL1A1	0.000209142452211038	0.00534502167886223	0.496277915632754	0.0509424350483953	0.00901131174526689	c31
CTD-2319I12.2	3.69416641550157e-06	0.00265875934425435	0.248138957816377	0.00727749072119933	0.000283373869277268	c31
CYB561	1.66506570023963e-09	0.114037110425415	17.8660049627792	9.31518812313514	2.95277493178285e-07	c31
ACE	6.48716931813402e-05	0.0236812983077037	2.72952853598015	0.858743905101521	0.00346950290484456	c31
ERN1	1.20947009355233e-28	0.349312338687329	50.3722084367246	27.0467942653373	1.56738020508278e-25	c31
PITPNC1	0.00111305238460965	0.0897095975836653	35.4838709677419	28.0874754384688	0.033725887632228	c31
LINC01483	3.68798361695778e-06	0.00358088452440951	0.248138957816377	0.00727749072119933	0.000283373869277268	c31
RPL38	1.40786401995227e-08	0.164212614189777	99.5037220843672	98.227931009388	1.97652376201132e-06	c31
CD300A	7.44624418440907e-06	0.0704702947552229	13.151364764268	7.33207190160832	0.000520526455496845	c31
TNRC6C	4.58298393606034e-05	0.0829987504163404	22.0843672456576	14.8024161269194	0.00256084677846795	c31
RP13-20L14.1	3.68798361695778e-06	0.0028100804896966	0.248138957816377	0.00727749072119933	0.000283373869277268	c31
AC144831.1	0.00178029196844644	0.00279199581108144	0.248138957816377	0.0181937268029983	0.0482274786911694	c31
MYL12B	0.000229431725834108	0.145512740386228	96.5260545905707	91.5508332726876	0.00967518469368517	c31
TGIF1	1.10896072740993e-07	0.157196807025913	35.2357320099256	24.7216359799141	1.33925887990503e-05	c31
RP11-799B12.2	1.48583344742325e-16	0.00226669969578113	0.248138957816377	0	7.1519531682113e-14	c31
RNF125	0.000743379704647714	0.0964715929380846	30.5210918114144	24.2085728840696	0.0246529879610237	c31
RP11-49I11.1	0.0013408480530613	0.0049714052316396	0.496277915632754	0.065497416490794	0.039047998530551	c31
RP11-120K19.4	3.69416641550157e-06	0.00314244108548817	0.248138957816377	0.00727749072119933	0.000283373869277268	c31
CTD-2541J13.1	1.48583344742325e-16	0.00207359801556006	0.248138957816377	0	7.1519531682113e-14	c31
DSEL	2.49251877019719e-05	0.0436292874629626	5.95533498759305	2.58714795138636	0.00150237795068022	c31
PLCB1	2.71234776221821e-10	0.0694633026512798	8.93300248138958	3.2639545884579	5.50541237952893e-08	c31
CST7	0.000895555239464413	0.202729561954507	81.6377171215881	62.1679644858453	0.0286560667032421	c31
RPS21	2.93685072969133e-16	0.184549824235282	100	99.872643912379	1.31938997981626e-13	c31
STMN3	0.00146002860509037	0.0806513526553164	27.2952853598015	21.1192780729205	0.0416900032372161	c31
GZMM	0.000184224439707675	0.145707998755795	69.4789081885856	58.7402663561604	0.00815671257754325	c31
GRIN3B	0.000506882889469983	0.0029453693001513	0.248138957816377	0.0145549814423987	0.0182237754965834	c31
RPS15	8.07683491775521e-07	0.0949054058255898	100	99.9927225092788	8.0277544459836e-05	c31
MATK	6.28374423009333e-10	0.174612797234741	38.4615384615385	24.3395677170512	1.22384091380789e-07	c31
RPL36	9.4600534127073e-11	0.139322923480964	100	99.9163088567062	2.05643251411458e-08	c31
RPS28	1.06272383580174e-21	0.192423458735177	100	99.9963612546394	8.52557545797707e-19	c31
CTD-2623N2.11	0.000850403365087165	0.00771691020995437	0.744416873449132	0.127356087620988	0.0274985518073387	c31
ILF3-AS1	0.000221356472818653	0.105369227881371	33.9950372208437	26.0970817262208	0.00941715277165618	c31
JUNB	0.00145226650210283	0.229527507530197	91.5632754342432	85.6124008441889	0.0415387669964795	c31
CTC-250I14.3	3.68798361695778e-06	0.00282250886468547	0.248138957816377	0.00727749072119933	0.000283373869277268	c31
DNAJB1	5.71613267933069e-12	0.418163679841506	89.5781637717122	77.712684666327	1.49301840695634e-09	c31
NOTCH3	8.73007247117357e-09	0.00225270412601728	0.248138957816377	0.00363874536059967	1.26562991051478e-06	c31
CTD-2562J15.6	0.000739706858235189	0.0474607901288557	11.4143920595534	7.03733352739975	0.0245553525924891	c31
KLF2	7.29080930250842e-31	0.71099142090849	82.3821339950372	58.4600829633942	1.11662058472145e-27	c31
PBX4	1.52353396790496e-09	0.1673602519587	38.4615384615385	25.8823957499454	2.75988997390267e-07	c31
AC002306.1	0.00124703748646913	0.0139405454958271	1.48883374689826	0.422094461829561	0.0367608758259762	c31
FXYD5	4.4819227860667e-07	0.179807051116364	98.014888337469	94.5455207044611	4.76384562630067e-05	c31
ZFP36	6.14654064066203e-11	0.414847397829389	90.3225806451613	82.9015355505422	1.37153337977792e-08	c31
RPS16	0.000173213239801353	0.0828680625569773	99.7518610421836	99.8435339494942	0.00773406877747399	c31
LGALS14	0.00178624046355883	0.00172500035421687	0.248138957816377	0.0181937268029983	0.0482274786911694	c31
RPS19	0.000152356510124809	0.0850405828561631	100	99.9854450185576	0.00695852307945483	c31
PVRL2	9.94276417907237e-06	0.00525716788885889	0.496277915632754	0.0363874536059967	0.000664705349701715	c31
GLTSCR2	3.41631356473625e-08	0.199005196707596	91.5632754342432	86.5730296193872	4.42727958654705e-06	c31
EMP3	2.73712762676179e-07	0.227637926935492	87.8411910669975	77.0395167746161	3.08444074435157e-05	c31
RPL18	1.69890170926209e-09	0.118577629936893	100	99.9308638381486	2.99700493151187e-07	c31
LHB	0.00177880769263682	0.00442849143480672	0.248138957816377	0.0181937268029983	0.0482274786911694	c31
FLT3LG	5.21019538344847e-10	0.22256900701411	63.7717121588089	49.1776435485045	1.03266072499949e-07	c31
RPL13A	1.40421248553922e-05	0.116805495429708	99.5037220843672	99.5378793392038	0.000908129279995362	c31
FCGRT	0.000358769833386857	0.065152306985356	14.3920595533499	9.36613055818354	0.0138947020300423	c31
CTD-3099C6.5	3.70035915034709e-06	0.00214278911505778	0.248138957816377	0.00727749072119933	0.000283373869277268	c31
RPS9	3.10706869058976e-05	0.11723928000044	100	99.3850520340586	0.00180811005977083	c31
LAIR1	9.87912097164597e-05	0.0765915435516482	18.8585607940447	12.5500327487082	0.00482416089882086	c31
TMEM238	1.66451627106584e-07	0.0453442142486874	6.69975186104218	2.52892802561677	1.96513978760206e-05	c31
RPL28	3.88452924462798e-07	0.101318812552176	100	99.9927225092788	4.18163988397748e-05	c31
GSC2	8.73007247117357e-09	0.00314530922925847	0.248138957816377	0.00363874536059967	1.26562991051478e-06	c31
IGLV3-27	8.75205583041323e-09	0.00327899764204057	0.248138957816377	0.00363874536059967	1.26562991051478e-06	c31
IGLV2-14	1.8087546074947e-20	0.192032925578021	28.5359801488834	12.4918128229387	1.29668463287078e-17	c31
GNAZ	0.00134022161217798	0.00571562839397547	0.496277915632754	0.065497416490794	0.039047998530551	c31
CRYBB2	0.00144343908458241	0.0090173769288913	0.992555831265509	0.22196346699658	0.0413564936359862	c31
LINC01422.1	0.0017832639360599	0.00208424049888976	0.248138957816377	0.0181937268029983	0.0482274786911694	c31
XBP1	8.22626496984358e-08	0.193829178313374	49.3796526054591	38.2941561749509	1.01529586774326e-05	c31
CTA-292E10.6	0.00185449252415872	0.0467944053989066	10.1736972704715	6.39327559857361	0.0495746246155781	c31
INPP5J	7.8859903563483e-05	0.0030787900601389	0.248138957816377	0.010916236081799	0.00398673593890373	c31
PIK3IP1	7.07194903110958e-06	0.186369179040405	77.6674937965261	68.3392766174223	0.000497672810604536	c31
RPL3	3.28605653061356e-20	0.264273929065626	99.7518610421836	99.7671202969216	2.30667476546861e-17	c31
CTA-223H9.9	0.000507900139869537	0.00282542382151309	0.248138957816377	0.0145549814423987	0.0182237754965834	c31
COL6A2	0.000218040243520285	0.0339468004625775	5.4590570719603	2.53256677097737	0.00931134089375475	c31
AP001469.7	3.69416641550157e-06	0.00243339669947772	0.248138957816377	0.00727749072119933	0.000283373869277268	c31
MT-ND1	8.76712871290597e-39	0.436530372355526	99.7518610421836	98.6099992722509	2.10999739180467e-35	c31
MT-ND2	1.43278791340002e-31	0.43159624639109	98.5111662531017	95.0731387817481	2.29887409305239e-28	c31
MT-CO1	1.64206730485382e-20	0.253363581111985	100	99.8435339494942	1.2027786036901e-17	c31
MT-CO2	8.144125665374e-17	0.218420966527744	100	99.9163088567062	4.8141784240195e-14	c31
MT-ATP8	6.90816689975046e-22	0.324128369297356	100	98.9665963175897	5.67716525659005e-19	c31
MT-ATP6	2.52724697661188e-25	0.360393212848813	99.7518610421836	99.3195546175679	2.83843532099869e-22	c31
MT-CO3	9.06136164240444e-49	0.455532349076303	100	99.5851830288916	7.63283797947938e-45	c31
MT-ND3	4.25892701270042e-27	0.332598396794972	100	99.2940834000437	4.94828575054924e-24	c31
MT-ND4L	1.5626513328265e-21	0.26724067143736	100	99.8398952041336	1.22446451181991e-18	c31
MT-ND4	3.94844040345245e-18	0.325515625907915	99.5037220843672	96.0264900662252	2.60860295988092e-15	c31
MT-ND5	2.90609673331139e-23	0.329805000406781	98.5111662531017	96.7142129393785	2.57679008768931e-20	c31
MT-CYB	2.73045351308013e-46	0.470300132059362	100	99.563350556728	1.5333316778287e-42	c31
