gene	p_val	avg_log2FC	pct.1	pct.2	p_val_adj	cluster
RP1-140A9.1	0.000835773608500905	0.00922291861555469	0.950118764845606	0.29582516732611	0.00664186467006262	c16
RP3-395M20.3	1.45295936691946e-08	0.00199468390191894	0.118764845605701	0	3.08481492810235e-07	c16
MEGF6	1.7421824370484e-05	0.0314661491219077	4.98812351543943	2.59586584328662	0.000212223770910733	c16
RPL22	4.21448351073656e-178	0.512618830966559	99.8812351543943	99.2345523795437	9.46685382738385e-175	c16
PLEKHG5	0.00506470367283805	0.0140247332676673	1.78147268408551	0.865288614428873	0.0317547684318209	c16
RP11-431K24.1	2.62297626958315e-12	0.0117229024955875	0.950118764845606	0.0961431793809858	8.92712751791258e-11	c16
RERE	5.01741177139298e-12	0.123697358917557	22.3277909738717	14.8245386976297	1.65904486972831e-10	c16
ENO1-AS1	0.00731428026989708	0.0113423045326302	1.42517814726841	0.658210997300595	0.0435188697534721	c16
RP4-635E18.7	0.00221918789664508	0.00531084869916491	0.475059382422803	0.107236623155715	0.0154650086845004	c16
FLJ37453	4.80134394498738e-05	0.0628609576220233	11.520190023753	8.03165329290389	0.000527991132122731	c16
NECAP2	0.000111993169969495	0.0958981792282455	37.4109263657957	35.3769921976112	0.00112206299998577	c16
RP4-798A10.4	0.000103328290132975	0.00148261291214617	0.118764845605701	0.00369781459157638	0.00104364990253992	c16
RP5-1182A14.7	0.000279377859778625	0.00246788525965302	0.237529691211401	0.0221868875494583	0.00252639764019887	c16
RP11-108M9.6	0.000117173574632743	0.019193332211514	2.73159144893112	1.22767444440336	0.00116909873369133	c16
HSPG2	0.000120398291672794	0.00390512430260584	0.356294536817102	0.0443737750989165	0.0011966666783549	c16
TCEA3	1.44476111089664e-13	0.0522776373273636	6.41330166270784	2.40357948452465	5.62772033185564e-12	c16
ID3	1.15788173638623e-12	0.12486589014855	17.9334916864608	10.6349147653737	4.0724078523797e-11	c16
RPL11	2.17136299068685e-225	0.455113781649955	100	99.9778131124505	1.21936507680338e-221	c16
RCAN3	5.03829835526599e-22	0.216651330809848	38.8361045130641	27.6855378471323	3.50744679302339e-20	c16
NCMAP	7.78546064869645e-05	0.00251104836811386	0.237529691211401	0.0184890729578819	0.000812146473985072	c16
RHCE	0.000853117125754669	0.00843073615428634	1.06888361045131	0.354990200791332	0.00677124694436693	c16
LDLRAP1	2.12320766635501e-12	0.155660956467535	36.104513064133	27.6670487741745	7.24816201724068e-11	c16
RP1-317E23.6	0.00215163856179075	0.00157506005581285	0.118764845605701	0.00739562918315276	0.015084093918244	c16
LIN28A	0.00215338182162328	0.00135219567805989	0.118764845605701	0.00739562918315276	0.015084093918244	c16
RP1-159A19.4	0.00263762495661962	0.0103186139853695	1.42517814726841	0.599045963835373	0.0179939532877792	c16
EPB41	7.46113951471658e-17	0.209664495873692	46.0807600950119	36.889398365566	3.78607883748284e-15	c16
PABPC4	0.00453799449013002	0.0596857457804769	24.8218527315914	22.101837813852	0.0289096589809871	c16
HPCAL4	3.64185735582845e-13	0.0314816441156156	3.32541567695962	0.872684243612025	1.36494707171617e-11	c16
TMCO2	0.00215338182162328	0.00117831024011143	0.118764845605701	0.00739562918315276	0.015084093918244	c16
SMAP2	7.48565355751501e-05	0.0948944396495049	39.4299287410926	36.0906704137855	0.00078622696685446	c16
CITED4	0.00010261587538875	0.0283837748423507	4.39429928741093	2.35181008024258	0.00104364990253992	c16
YBX1	0.00823411874876641	0.0310492349441218	80.2850356294537	83.4042081130052	0.0482578607752204	c16
RPS8	9.35036356953674e-215	0.496467358646405	100	99.9926043708168	3.50056833457745e-211	c16
LINC01389	1.45295936691946e-08	0.00122111829265027	0.118764845605701	0	3.08481492810235e-07	c16
FAM159A	0.00573030502665415	0.0564562314854426	18.8836104513064	16.340642680176	0.0353620691516639	c16
AK5	1.12051385791183e-06	0.0241759280355909	2.85035629453682	1.06866841696557	1.72002705824515e-05	c16
COL24A1	0.00215338182162328	0.00125101593529595	0.118764845605701	0.00739562918315276	0.015084093918244	c16
RP5-943J3.2	0.00128477517351153	0.00480735732159908	0.475059382422803	0.0998409939725622	0.00970827869394424	c16
RPL5	3.2636958784514e-176	0.504940356325597	99.6437054631829	99.5488666198277	5.49834844642708e-173	c16
RP11-356N1.2	0.00215512637628144	0.00138572105173285	0.118764845605701	0.00739562918315276	0.015084093918244	c16
CH17-118O6.3	0.0066168186667777	0.00270492216674736	0.356294536817102	0.077654106423104	0.0399905090867099	c16
AC241585.2	0.000415647798979798	0.0838735438418139	27.790973871734	24.6718189549976	0.00357996854264451	c16
TXNIP	2.99732034861603e-08	0.247234992220772	97.5059382422803	93.732204267278	6.04740789378853e-07	c16
RP11-495P10.1	0.00704678304457641	0.0148479609384068	2.13776722090261	1.13522907961395	0.0421505961128986	c16
AC245100.1	0.00155462968878661	0.0796551006925101	29.6912114014252	27.3675257922568	0.0114495503243663	c16
RP4-791M13.4	0.00215163856179075	0.00142802121898108	0.118764845605701	0.00739562918315276	0.015084093918244	c16
C1orf54	0.00462404747400244	0.0172910868015996	2.49406175771971	1.34970232592538	0.0293745579919001	c16
BNIPL	9.66947478253173e-05	0.00611896726803991	0.593824228028504	0.110934437747291	0.000992092823759513	c16
THEM4	1.34917332211614e-27	0.254055260453155	42.0427553444181	28.8910254039862	1.26275127542725e-25	c16
RPS27	4.68712894036409e-29	0.172295193672196	100	100	4.64494477990081e-27	c16
HAX1	0.00561818182266571	0.0583937127976937	42.874109263658	43.2644307214436	0.03480401146036	c16
IL6R	2.5764688910991e-05	0.0811620557273181	19.2399049881235	14.8541212143623	0.000301115306336084	c16
PBXIP1	0.00372203317213255	0.0729269283306597	48.5748218527316	47.1286469696409	0.0243893787829316	c16
RP11-336K24.5	1.45295936691946e-08	0.00164705414598574	0.118764845605701	0	3.08481492810235e-07	c16
FCRL3	3.72421652188359e-32	0.184434207555979	24.7030878859857	11.6037421883667	4.1413779369091e-30	c16
RP11-367J7.3	1.95041081557873e-08	0.00980561131826154	0.950118764845606	0.144214769071479	4.06036678966534e-07	c16
FCRL1	9.57201073003917e-21	0.0132873230616591	1.18764845605701	0.0813519210146803	6.17853121720191e-19	c16
CD48	0.00838594722816935	0.0476525152665233	79.4536817102138	80.6086602817735	0.0489953365538301	c16
FCER1G	1.92054539493241e-93	0.0854314589783634	6.65083135391924	0.547276559553304	7.89156787034787e-91	c16
GPA33	1.74988564886996e-129	0.164465040265134	14.7268408551069	1.97463299190179	1.47401617632561e-126	c16
RCSD1	5.60490486492852e-06	0.102361942676113	54.6318289786223	53.3224864105314	7.51199938420451e-05	c16
F5	3.37532648380169e-14	0.0840711404289386	10.4513064133017	4.85892837333136	1.39543865699649e-12	c16
SELP	5.53921458324836e-45	0.0518163033495089	4.75059382422803	0.595348149243797	9.52236204938624e-43	c16
C1orf112	2.1134281759054e-22	0.0887317313831117	9.26365795724466	3.21709869467145	1.50549363549591e-20	c16
SELL	4.62720513437702e-171	1.01507453492565	87.8859857482185	51.0113522907961	7.08677499080451e-168	c16
KIAA0040	0.00107066000135114	0.0690865423191535	17.5771971496437	14.5582960470362	0.00828925047921077	c16
RP11-533E19.7	6.11861220423786e-07	0.0410978750280593	6.05700712589074	3.06548829641682	9.81716760045669e-06	c16
RP11-538D16.3	1.45295936691946e-08	0.00146491774032848	0.118764845605701	0	3.08481492810235e-07	c16
RGL1	0.000527734412511654	0.0149446627800669	1.78147268408551	0.732167289132123	0.00441775982488638	c16
IVNS1ABP	2.72293235642282e-12	0.157500883905333	29.5724465558195	21.9465296010058	9.23002845244573e-11	c16
GS1-204I12.4	0.000251255685134621	0.00824016832971928	0.831353919239905	0.21447324631143	0.00229986662725507	c16
HMCN1	8.48318288342408e-10	0.00780596371305836	0.712589073634204	0.0702584772399512	2.17860033593057e-08	c16
TPR	5.11033935282198e-06	0.12807768074688	51.7814726840855	50.6341752024553	6.90131359334604e-05	c16
RP11-295K2.3	0.000103328290132975	0.00129886881328634	0.118764845605701	0.00369781459157638	0.00104364990253992	c16
LINC01036	0.000691037402263343	0.00420291914697776	0.475059382422803	0.0924453647894095	0.00560515508711148	c16
RP11-563D10.1	0.00328080057670339	0.00261712274889321	0.237529691211401	0.0332803313241874	0.0218034111699101	c16
CHIT1	0.000103328290132975	0.00131935503542473	0.118764845605701	0.00369781459157638	0.00104364990253992	c16
BTG2	3.46309262922734e-06	0.158235335080924	60.6888361045131	56.4545353695966	4.81177084738912e-05	c16
NUAK2	0.00346047256101559	0.0309078972909412	5.58194774346793	3.71260584994268	0.0228442716439771	c16
FCMR	4.7110527732434e-106	0.62207311133782	81.353919239905	54.1766815811855	2.44206480217943e-103	c16
RP11-61J19.5	0.000706849954225888	0.0189092934537855	2.85035629453682	1.43475206153163	0.00571964513873368	c16
TLR5	9.20408881873471e-42	0.0258076379125504	2.25653206650831	0.136819139888326	1.37832252737088e-39	c16
RP11-239E10.2	8.52723757762168e-06	0.00450734247298161	0.356294536817102	0.0332803313241874	0.000111147676185836	c16
SUSD4	4.15109158391707e-14	0.0200751970656268	2.13776722090261	0.38827053211552	1.70569365644514e-12	c16
RP11-365O16.6	0.000761096756417303	0.00202128166153189	0.237529691211401	0.0258847021410346	0.00610871703447466	c16
TMEM63A	3.50701304183981e-12	0.114787686636714	21.021377672209	13.5044188884369	1.17111295769822e-10	c16
RP5-881P19.7	1.45295936691946e-08	0.00186031735646532	0.118764845605701	0	3.08481492810235e-07	c16
TOMM20	2.05909776193735e-13	0.163989217180522	66.5083135391924	63.3472617682949	7.90196355247348e-12	c16
ACTN2	0.00215512637628144	0.000995724165743461	0.118764845605701	0.00739562918315276	0.015084093918244	c16
CHRM3-AS2	1.3318298750222e-38	0.15079645261958	16.1520190023753	5.72421698776023	1.83161942077543e-36	c16
RP11-156E8.1	0.0068324442140096	0.0174711207207612	2.49406175771971	1.39037828643272	0.0410946760704819	c16
CNST	1.07408132756526e-07	0.11350527533844	27.9097387173397	22.5492733794328	1.97760088803191e-06	c16
SH3YL1	1.3817713679506e-13	0.109126868045791	18.646080760095	11.0638612579965	5.38858848052401e-12	c16
RPS7	2.95608957311364e-45	0.177883595584678	100	99.9482305957179	5.16075036665756e-43	c16
RNF144A	1.04300374182341e-12	0.0721275579126006	10.9263657957245	5.36183115778575	3.69536993448981e-11	c16
RP11-130L8.2	0.000103328290132975	0.00134389384978796	0.118764845605701	0.00369781459157638	0.00104364990253992	c16
GDF7	0.00215338182162328	0.0012216485537005	0.118764845605701	0.00739562918315276	0.015084093918244	c16
CDKL4	4.09323218750187e-06	0.00777777645652958	0.712589073634204	0.118330066930444	5.60184262086467e-05	c16
LINC01118	0.00215163856179075	0.00156893466844583	0.118764845605701	0.00739562918315276	0.015084093918244	c16
RPS27A	1.2397266457427e-72	0.25848042659002	100	99.9815109270421	3.729584785862e-70	c16
RP11-355B11.2	0.00420328997853255	0.0258566533312848	4.75059382422803	3.06918611100839	0.0271002014038798	c16
UGP2	4.02519903839144e-12	0.166972894557759	36.9358669833729	29.7711052767814	1.33884557156526e-10	c16
PELI1	9.56329068703896e-48	0.28942588466554	35.6294536817102	18.22652812188	1.82048314355418e-45	c16
AC074289.1	4.74441021359834e-26	0.0779574488669572	7.83847980997625	2.24827127167844	4.02665384727916e-24	c16
LINC00309	2.39342956322078e-08	0.0289942851660738	2.96912114014252	0.991014310542469	4.91134078581978e-07	c16
AAK1	5.90072454251412e-05	0.0932744638282387	48.5748218527316	46.7329808083423	0.000636424496592416	c16
RP11-287D1.3	0.00170303102093549	0.00219129469213228	0.237529691211401	0.029582516732611	0.0123747956047877	c16
RP11-1399P15.1	1.32069504442414e-73	0.168688459734263	15.2019002375297	3.37610472210923	4.08252282814926e-71	c16
AC103563.8	0.000615056494559375	0.00632449469853501	0.712589073634204	0.181192914987243	0.0050619720390043	c16
MAL	8.17799356332592e-101	0.451292732808206	50	21.4103464852272	3.88097626933385e-98	c16
FAM178B	0.00358723689543842	0.00419848615869047	0.356294536817102	0.0702584772399512	0.0235840702351029	c16
AFF3	6.12492611322051e-20	0.0356692181562443	3.68171021377672	0.758051991273158	3.80061253147057e-18	c16
RPL31	3.44866140571193e-21	0.171636789111551	97.7434679334917	97.4522057464039	2.29189738469542e-19	c16
UXS1	8.8775516257842e-10	0.114238609992786	24.58432304038	17.8863291794549	2.2746785131496e-08	c16
GCC2	0.000838108414821828	0.0832104057385924	45.249406175772	44.5771549014532	0.006658624128509	c16
EDAR	4.35539703376207e-06	0.0136131657579274	1.42517814726841	0.38827053211552	5.94614050468311e-05	c16
SH3RF3	3.2781007309159e-26	0.0170278252312524	1.54394299287411	0.107236623155715	2.83211092378155e-24	c16
FBLN7	3.87657864121643e-13	0.154958957141265	29.2161520190024	20.4267278038679	1.44969412582848e-11	c16
AC012442.6	0.000103454344229932	0.000544895917394329	0.118764845605701	0.00369781459157638	0.00104364990253992	c16
LIMS2	0.00655119047709292	0.0340698986033625	7.95724465558195	5.88692082978959	0.0396650156217734	c16
AC092652.1	1.45295936691946e-08	0.000920628922015713	0.118764845605701	0	3.08481492810235e-07	c16
RPRM	2.47510412747998e-32	0.012088408383207	0.950118764845606	0.0221868875494583	2.76146220103677e-30	c16
METAP1D	0.00144507162092497	0.028023524967227	5.34441805225653	3.37240690751766	0.0107578973034569	c16
ITGA6	2.71908967613108e-19	0.131799052799817	19.2399049881235	10.2614354916245	1.60169593614617e-17	c16
AC078883.3	1.95701384943935e-07	0.00738910751421897	0.712589073634204	0.0961431793809858	3.42365652352074e-06	c16
AC093818.1	2.92256170054739e-13	0.0735377503625766	9.02612826603325	4.06759605073402	1.10519409582765e-11	c16
PDK1	4.43364432721039e-13	0.0873894201064031	11.520190023753	5.8240579817328	1.64161771385744e-11	c16
GPR155	0.000191910354191849	0.0661223823110721	15.3206650831354	11.7294678844803	0.00181025405211091	c16
TTN	0.00104421469175393	0.0486815303809385	10.4513064133017	7.6396849461968	0.00810799084073685	c16
SESTD1	9.04060599969726e-11	0.0387930584404123	4.98812351543943	1.86739636874607	2.61247151418353e-09	c16
NABP1	4.5586391125059e-09	0.131359466929202	27.4346793349169	21.2624339015642	1.0527675548785e-07	c16
SLC39A10	3.45969592762957e-05	0.0631183972355362	15.083135391924	10.9825093369818	0.000392627128950997	c16
HSPD1	6.30184949021789e-05	0.0953009921155051	47.624703087886	45.2242724549791	0.000673731059819215	c16
PLCL1	2.43408674737362e-39	0.121351430654078	11.9952494061758	3.46855008689864	3.44597138092465e-37	c16
FAM117B	7.26543606092987e-05	0.0351670349073577	5.81947743467934	3.36131346374293	0.000764766018859641	c16
NBEAL1	5.17764579456719e-05	0.0980314522564825	65.4394299287411	63.6837628961284	0.000565313018153424	c16
CTLA4	1.6482403737769e-27	0.285348561974029	43.8242280285036	27.8149613578375	1.53413842966959e-25	c16
EEF1B2	4.6035990075235e-98	0.453939709091218	99.0498812351544	97.3338756794734	2.12484472547256e-95	c16
MDH1B	7.75972863604996e-05	0.003604136059457	0.237529691211401	0.0184890729578819	0.000810968662106289	c16
IKZF2	2.41572145510109e-68	0.272535892873923	29.5724465558195	10.8124098657693	6.83994274858624e-66	c16
RP11-105N14.1	1.52095040298315e-07	0.00695875873781419	0.593824228028504	0.0665606626483748	2.72403137118458e-06	c16
AC093382.1	1.45295936691946e-08	0.00115885222472	0.118764845605701	0	3.08481492810235e-07	c16
RPL37A	6.84048092397924e-63	0.269498966544831	99.5249406175772	99.441629996672	1.81482806498076e-60	c16
COL4A3	0.000103328290132975	0.00154181406150658	0.118764845605701	0.00369781459157638	0.00104364990253992	c16
GPR55	0.000679655264525146	0.0102907795897058	1.54394299287411	0.60274377842695	0.00552480204654047	c16
SPATA3-AS1	1.45295936691946e-08	0.00145033723738167	0.118764845605701	0	3.08481492810235e-07	c16
LINC00471	6.34194871882655e-07	0.0137172225858871	1.54394299287411	0.399363975890249	1.01561606526683e-05	c16
PTMA	1.49939113015761e-09	0.0835402172288382	100	99.9260437081685	3.74781044061798e-08	c16
AC097713.3	0.000103328290132975	0.00155382646670315	0.118764845605701	0.00369781459157638	0.00104364990253992	c16
AC097713.4	1.01511550172274e-19	0.060193829099637	6.76959619952494	2.10775431719854	6.20749577405554e-18	c16
RAB17	0.00215163856179075	0.00163515704290224	0.118764845605701	0.00739562918315276	0.015084093918244	c16
CAPN10-AS1	0.00311538009327262	0.0136493745306261	2.01900237529691	0.987316495950893	0.0208540563421428	c16
MTERF4	0.00440460220009435	0.069418081001134	31.4726840855107	29.7452205746404	0.0282092124177873	c16
RPL32	3.19933731058815e-272	0.549204829507487	100	99.9778131124505	3.59328237809857e-268	c16
RPL15	2.87303886333234e-38	0.168609658271759	99.7624703087886	99.8262027141959	3.91919722514655e-36	c16
AC098973.2	6.94336251948963e-05	0.00809685574537992	0.831353919239905	0.192286358761972	0.000734997350712169	c16
RBMS3	2.80525044880283e-123	0.0778917811854206	6.41330166270784	0.358688015382909	2.01106614089282e-120	c16
CMTM8	1.70268671819001e-36	0.208536325151758	28.3847980997625	13.992530414525	2.16491797293186e-34	c16
CRTAP	0.00687325893773814	0.0738089727969198	30.166270783848	28.7579040786895	0.0412885695575234	c16
RPSA	2.06062060151663e-73	0.29297701182849	99.7624703087886	99.659801057575	6.31186823159102e-71	c16
RPL14	3.4500704594385e-92	0.283733229249816	100	99.9408349665348	1.38388897690858e-89	c16
ZNF662	0.000371921845648001	0.00652101099339184	0.831353919239905	0.221868875494583	0.00324483031260066	c16
LINC00694	7.41378982685072e-06	0.00741383628219717	0.593824228028504	0.0887475501978331	9.73880056241358e-05	c16
IMPDH2	0.000248072756620942	0.0831287484174472	26.7220902612827	23.4108641792701	0.00227700716342553	c16
CISH	0.00243308879819718	0.0820084650382405	16.6270783847981	13.7521724660726	0.0167717868180147	c16
RPL29	2.46953163614817e-144	0.354130870554657	99.8812351543943	99.9334393373516	2.52146663479929e-141	c16
SEMA3G	0.000581443689325712	0.00754760962388496	0.593824228028504	0.13312132529675	0.00481237132599866	c16
CCDC66	0.000197876817147483	0.0806864137367664	20.5463182897862	16.9988536774766	0.00186184347304309	c16
ASB14	0.00215338182162328	0.00108016206332536	0.118764845605701	0.00739562918315276	0.015084093918244	c16
LRIG1	0.000457183951038643	0.0466192859986642	9.50118764845606	6.64867063565433	0.00389983697374583	c16
FOXP1	1.36027788791856e-43	0.356064881365415	58.4323040380047	41.5116666050364	2.17218972301081e-41	c16
MTRNR2L12	2.33239763053075e-11	0.240920574509533	65.4394299287411	54.975409532966	7.19668550944168e-10	c16
GPR15	0.000115791432231563	0.0131529707901938	1.42517814726841	0.473320267721776	0.00115770816546299	c16
RPL24	3.68483172653193e-33	0.162100381362371	99.4061757719715	99.6967792034907	4.28126621357817e-31	c16
NFKBIZ	1.78382849480812e-12	0.186358987736839	41.9239904988124	33.7758384794586	6.15192602907521e-11	c16
LINC01215	9.35734190746952e-12	0.0667521506390071	9.02612826603325	4.27097585327072	3.01420916090132e-10	c16
TIGIT	2.61159021199662e-06	0.126523923658435	53.562945368171	44.9728210627519	3.73334410704346e-05	c16
KALRN	6.63808271437698e-33	0.0395228913707114	3.44418052256532	0.432644307214436	7.65971092391158e-31	c16
CNBP	1.03965964171962e-08	0.103065022765493	91.2114014251782	91.3988832599933	2.28359139296616e-07	c16
RASA2	7.0931206986668e-08	0.126834179896017	34.2042755344418	28.8651407018452	1.34191807310993e-06	c16
MBNL1	0.000630015708226164	0.0561633866568121	68.5273159144893	71.7782790370891	0.00517119348915283	c16
MECOM	0.000103328290132975	0.00115712332561393	0.118764845605701	0.00369781459157638	0.00104364990253992	c16
RP11-816J6.3	0.00169688022938878	0.00243271142485811	0.237529691211401	0.029582516732611	0.0123380842574505	c16
RP11-778D9.13	0.000103328290132975	0.00116805491057953	0.118764845605701	0.00369781459157638	0.00104364990253992	c16
MAGEF1	0.000429841829920234	0.0529855808511638	10.332541567696	7.44000295825167	0.00368995939295092	c16
EIF4A2	7.38799508851839e-05	0.0808620931145663	76.3657957244656	76.3746625744185	0.000776938534683329	c16
MB21D2	0.00702813147957629	0.00948302321842038	1.18764845605701	0.506600599045964	0.0420763791884938	c16
TMEM44-AS1	0.00154521196648171	0.0450222658820936	9.73871733966746	7.15527123470029	0.0113926415751936	c16
PPP1R2	0.000291092731318338	0.0722009112722677	74.5843230403801	74.9029323669711	0.00261897956983714	c16
MUC20	0.00336061809268465	0.00678239491556134	0.712589073634204	0.218171060903006	0.0222373656745712	c16
BDH1	0.00259739566273233	0.0317643029569899	6.29453681710214	4.24878896572126	0.0177581301345077	c16
RPL35A	3.39943895838868e-105	0.296131032236066	100	99.9482305957179	1.7354650949083e-102	c16
RGS12	9.25113997185953e-12	0.0255415757282639	2.73159144893112	0.68409569944163	2.99143867765677e-10	c16
KLF3	2.2806427993927e-14	0.150086467748261	27.6722090261283	18.3337647450357	9.53399236758531e-13	c16
RPL9	9.12891328880026e-136	0.462076127363167	99.6437054631829	99.6117294678845	8.78827441008103e-133	c16
TXK	5.99670979067215e-113	0.438170336864107	45.3681710213777	17.0432274525755	3.60809178012335e-110	c16
ARL9	0.00215338182162328	0.00118598740900272	0.118764845605701	0.00739562918315276	0.015084093918244	c16
STAP1	1.65889509032393e-15	0.0397337370539042	4.03800475059382	1.07236623155715	7.72027778637771e-14	c16
SULT1B1	0.00137106532024962	0.00977331755607685	1.30641330166271	0.499204969862811	0.01027277627318	c16
RASSF6	3.42369133617485e-29	0.0213679115653764	2.13776722090261	0.188588544170395	3.41295431600815e-27	c16
FAM47E	1.42737014203676e-05	0.00241868130264529	0.237529691211401	0.0147912583663055	0.000177467931977072	c16
CCNI	1.43966592405174e-11	0.132917827378545	94.2992874109264	93.6693414192212	4.57192305796411e-10	c16
HNRNPDL	0.00604125488627139	0.0480283260112899	80.8788598574822	82.0249232703472	0.0370098258432778	c16
FAM175A	0.000413335214237592	0.0533885567595298	12.70783847981	9.43312502311134	0.00356278247851661	c16
RP11-696N14.1	1.2141355082181e-06	0.0189267036798639	2.13776722090261	0.691491328624783	1.84691114283975e-05	c16
LEF1	3.63234969010743e-114	0.593635794850498	67.1021377672209	36.4419627999852	2.26645167515703e-111	c16
RPL34	7.5130355593999e-178	0.423544455819254	100	99.9815109270421	1.58215137586513e-174	c16
RP11-73K9.2	0.000254219969937512	0.00859232139548677	0.712589073634204	0.166401656620937	0.00232447426514913	c16
CAMK2D	5.9311179580701e-05	0.0829393197040076	21.4964370546318	17.40561328255	0.000639497883133485	c16
SNHG8	8.0588740517371e-08	0.126161852780313	65.083135391924	63.6948563399031	1.51357693589314e-06	c16
USP53	2.98078761661419e-05	0.0550362978759773	9.85748218527316	6.46377990607551	0.000343366351980165	c16
SETD7	0.000774363560106103	0.0343840514219702	5.22565320665083	3.21340088007987	0.00620632868558873	c16
RP11-342I1.2	0.00169381250219694	0.00301363939953104	0.237529691211401	0.029582516732611	0.0123237569529311	c16
FREM3	0.000103328290132975	0.00138029832117625	0.118764845605701	0.00369781459157638	0.00104364990253992	c16
PRMT9	0.00128467433419423	0.0800946369863279	26.7220902612827	23.6697112006804	0.00970827869394424	c16
RP11-76G10.1	0.000103328290132975	0.00145977638909394	0.118764845605701	0.00369781459157638	0.00104364990253992	c16
RPS3A	8.44275015785514e-222	0.516674449035635	99.8812351543943	99.9445327811264	4.0638574831253e-218	c16
KIAA0922	1.97261950065807e-05	0.0883413214490151	22.5653206650831	18.1821543467811	0.000237037950981359	c16
RNF175	6.66711961887674e-135	0.0617316128301512	5.22565320665083	0.188588544170395	6.071403471309e-132	c16
SORBS2	0.000103328290132975	0.00120290253630996	0.118764845605701	0.00369781459157638	0.00104364990253992	c16
EXOC3-AS1	0.0083077205517808	0.0220855249537206	3.56294536817102	2.22978219872056	0.0485972806027261	c16
PP7080	0.000835801810442972	0.0435996643775214	8.55106888361045	5.97197056539585	0.00664186467006262	c16
ROPN1L	4.23394041918282e-05	0.0108916779374224	1.18764845605701	0.332803313241874	0.000471597978459325	c16
FAM105A	1.64660137043513e-07	0.0934753249141919	18.7648456057007	13.5340014051695	2.93082866219976e-06	c16
CTD-2165H16.4	0.000588769293550903	0.0133624721980848	1.54394299287411	0.599045963835373	0.00486344510343322	c16
FAM134B	2.52147699547148e-06	0.0762546430665622	18.0522565320665	13.1790112043782	3.61526152703898e-05	c16
CTC-461F20.1	1.49668156506773e-05	0.0092333525392129	0.950118764845606	0.21447324631143	0.000184993355294909	c16
RPL37	3.92765070703475e-193	0.444559248955422	100	99.9667196686758	1.10281885769024e-189	c16
ANXA2R	1.6953091858427e-07	0.119613061727335	33.3729216152019	27.4599711570462	3.00324646202859e-06	c16
FST	0.00594035455113161	0.0102136955537441	1.42517814726841	0.64341973893429	0.0364447025210904	c16
IL6ST	1.82883891401078e-11	0.171529907177778	43.2304038004751	35.2512665014976	5.72684929076945e-10	c16
C5orf67	1.45295936691946e-08	0.00157082720825168	0.118764845605701	0	3.08481492810235e-07	c16
MAP3K1	1.05833918741253e-11	0.120104180974549	20.5463182897862	13.4859298154791	3.38970347725075e-10	c16
ZSWIM6	0.00225683314768564	0.0219914392377163	3.44418052256532	1.97093517731021	0.0156819418597897	c16
SGTB	0.00293829043830177	0.0603522178793577	19.2399049881235	16.3295492364013	0.0197682372118934	c16
PIK3R1	0.00550305805984892	0.0717555690803703	50.4750593824228	49.938986059239	0.0341914140270237	c16
BTF3	1.3443897747862e-23	0.1687142730344	97.9809976247031	97.2562215730503	1.02252526121097e-21	c16
GCNT4	1.61333205373499e-44	0.0744050835960465	7.00712589073634	1.24616351736124	2.64111529928941e-42	c16
LINC01336	4.23151917459273e-27	0.0560640030313808	5.70071258907363	1.27574603409385	3.81221409274672e-25	c16
ANKRD31	0.000126252632529701	0.015150298239982	2.13776722090261	0.868986429020449	0.00124712876002807	c16
ANKDD1B	1.16879719448671e-09	0.0209334709023326	2.13776722090261	0.528787486595422	2.95878682727536e-08	c16
RPS23	1.56534357545002e-90	0.273012448382574	100	99.9778131124505	6.13287051525733e-88	c16
CCNH	3.55362704429381e-07	0.133661305875295	51.4251781472684	47.9014902192804	5.94222876577845e-06	c16
RGMB	1.91232174254106e-09	0.030836533901405	3.08788598574822	0.972525237584588	4.69291833890594e-08	c16
RGMB-AS1	3.99375863283888e-17	0.00390271013941544	0.356294536817102	0.00369781459157638	2.0607305264146e-15	c16
AC008522.1	4.55813753070485e-05	0.00574716398916906	0.593824228028504	0.103538808564139	0.000504539704203578	c16
CAMK4	7.32409117686279e-16	0.200735897586955	52.9691211401425	45.4905151055726	3.48556395640134e-14	c16
MARCH3	4.83492594778226e-13	0.105057384935004	15.3206650831354	8.67507303183818	1.78431538756381e-11	c16
TCF7	1.15106797028428e-05	0.110519263496502	45.249406175772	39.3447472543727	0.000146596403681953	c16
UBE2B	0.00344931347720536	0.0670329135923013	52.2565320665083	52.7567207780202	0.0227750672743401	c16
HNRNPA0	0.000754782070671319	0.0634793477489383	65.9144893111639	66.4941019857264	0.00607249930496643	c16
EIF4EBP3	2.04558938024101e-07	0.0456092611373503	6.29453681710214	3.16532929038938	3.56749940879092e-06	c16
CD14	0.00662366324036392	0.00308032637175598	0.356294536817102	0.077654106423104	0.0400246967756137	c16
PCDHB2	0.00215512637628144	0.000982522757474289	0.118764845605701	0.00739562918315276	0.015084093918244	c16
NDFIP1	1.74001431980329e-29	0.288479107767251	74.3467933491686	66.0022926450468	1.76060187662019e-27	c16
RP11-118M9.3	0.00215163856179075	0.00136414450634326	0.118764845605701	0.00739562918315276	0.015084093918244	c16
RPS14	2.99394961305808e-61	0.23304915836604	100	99.9852087416337	7.82001071801387e-59	c16
RP11-54C4.3	0.00168450548052832	0.0203919871207949	3.20665083135392	1.76385756018193	0.0122719411158749	c16
HAVCR1	1.03791435081742e-21	0.0351050640405478	3.08788598574822	0.517694042820693	7.10802563748827e-20	c16
ITK	0.0037242178222227	0.0702640858533348	54.8693586698337	55.3525866213068	0.0243989491156858	c16
EBF1	0.00215163856179075	0.00148721389264884	0.118764845605701	0.00739562918315276	0.015084093918244	c16
MIR3142HG	3.27805995674574e-10	0.0768000897281236	11.4014251781473	6.25670228894723	8.82901296423588e-09	c16
NPM1	1.76269203253288e-29	0.233949100363713	96.437054631829	94.2240136079577	1.77820794443601e-27	c16
HRH2	0.00130323137693444	0.0290714702686893	5.22565320665083	3.27256591354509	0.0098279046585562	c16
FAM153B	9.44347065962824e-13	0.0411986950878442	4.39429928741093	1.39777391561587	3.37063877548214e-11	c16
DOK3	0.00253357729590247	0.00399083208351194	0.356294536817102	0.0665606626483748	0.0173826824288613	c16
FAM153A	0.000170791524787915	0.0172233727603204	2.01900237529691	0.81721702473838	0.00163067430892718	c16
FLT4	0.00187593087580963	0.0151581483305442	1.90023752969121	0.876382058203602	0.013474230426248	c16
GNB2L1	2.75903226657518e-124	0.35505841861717	100	99.6782901305329	2.02093115630401e-121	c16
IRF4	0.0018652139044824	0.0418776547363376	9.26365795724466	6.66346189402063	0.0134115487190845	c16
RP1-40E16.12	0.00226310608115735	0.0246176062383939	3.68171021377672	2.15212809229745	0.0157158071513841	c16
ADTRP	1.32614835821121e-96	0.267240418342144	25.41567695962	6.82616573604999	5.87937405020638e-94	c16
FAM65B	0.00187181141808183	0.0850528809514277	38.2422802850356	35.6987020670784	0.0134475082986885	c16
HIST1H4C	1.043480453171e-23	0.275596658159432	71.8527315914489	65.4402248271272	8.00889074923547e-22	c16
HCG14	0.0032034605299808	0.0062720387681975	0.593824228028504	0.162703842029361	0.0213695108091809	c16
IER3	4.38269904191059e-15	0.0718025479073843	8.66983372921615	3.57208889546278	1.97157091479487e-13	c16
LINC00243	9.20129786516371e-14	0.0721716841547773	9.85748218527316	4.48914691417372	3.63031065888555e-12	c16
DDR1	2.86744706428493e-06	0.0123938633215214	1.30641330166271	0.329105498650298	4.06631992356971e-05	c16
SFTA2	0.00573844859006406	0.00177691502378519	0.237529691211401	0.0369781459157638	0.0353900726509411	c16
XXbac-BPG299F13.17	0.00260106094097795	0.0395716798747209	8.55106888361045	6.19014162629886	0.0177769061552355	c16
LTB	3.59225978415324e-68	0.711534951124387	95.1306413301663	76.2600303220797	1.00864667639383e-65	c16
HSPA1B	6.00012563881169e-05	0.184576298574914	45.1306413301663	40.1175905040121	0.000645904898639365	c16
C6orf48	1.36487693971049e-14	0.199493274802028	47.9809976247031	41.4340124986133	5.82128653248169e-13	c16
RPS18	4.7493824242534e-121	0.38522704417601	100	99.9482305957179	3.33386857089154e-118	c16
CUTA	0.000205894329535613	0.075490270769307	67.3396674584323	68.0582775579632	0.00192973672861557	c16
RPL10A	3.42392166209438e-82	0.325900935856475	99.6437054631829	99.3565802610657	1.18933625239802e-79	c16
DNAH8	9.08521412481605e-10	0.0254809840215898	2.61282660332542	0.728469474540547	2.32611857691149e-08	c16
CUL9	3.59066897201403e-05	0.0553102165076719	10.4513064133017	6.97038050512147	0.000405714286864657	c16
HSP90AB1	1.18808214602747e-07	0.128601076010571	83.0166270783848	81.0154198868469	2.16502108319359e-06	c16
CYP39A1	1.34610794030403e-06	0.00295262590446692	0.237529691211401	0.0110934437747291	2.02843295798766e-05	c16
RP11-462G2.1	9.80599143609412e-17	0.0160929179610717	1.06888361045131	0.0850497356062567	4.94615382406819e-15	c16
RP11-505P4.6	0.000279217348967981	0.00283428790042576	0.237529691211401	0.0221868875494583	0.0025263021901523	c16
EEF1A1	7.63985406684434e-133	0.318776845837547	100	99.9963021854084	6.77413797179613e-130	c16
CASP8AP2	0.00358506830660236	0.0591705609852939	16.270783847981	13.58207299486	0.0235744128654684	c16
BACH2	2.21588249112778e-05	0.0597890273059626	12.2327790973872	8.44580852716045	0.000262986772300315	c16
PNISR	0.000707611280106512	0.0671632979654821	71.6152019002375	72.5807048034611	0.00572305676234009	c16
SESN1	1.05647922671403e-07	0.148821664474817	29.5724465558195	23.4404466960027	1.94938934994068e-06	c16
SLC16A10	9.77172382446764e-13	0.025511764582303	2.61282660332542	0.599045963835373	3.4804277224272e-11	c16
COL10A1	0.000279377859778625	0.0024137857331246	0.237529691211401	0.0221868875494583	0.00252639764019887	c16
L3MBTL3	4.11640038652581e-06	0.0712891477060847	14.3705463182898	9.9877972118478	5.62897705452925e-05	c16
ARG1	2.95872782227938e-35	0.0257314100328013	1.66270783847981	0.0850497356062567	3.62514091795932e-33	c16
RPS12	2.03045621326775e-172	0.429854813357239	100	99.9926043708168	3.25781864999255e-169	c16
MYB	1.05119811561588e-30	0.0763555456868593	7.00712589073634	1.66771438080095	1.1138072109296e-28	c16
AIG1	3.37174986797314e-21	0.114065979665471	15.4394299287411	7.15157342010872	2.24521225398195e-19	c16
AL023806.1	0.00215163856179075	0.0011827577046719	0.118764845605701	0.00739562918315276	0.015084093918244	c16
ZC3H12D	0.000194678024586378	0.0598461463594148	11.9952494061758	8.71205117775395	0.00183379406217876	c16
RAET1G	1.45295936691946e-08	0.00154263092272752	0.118764845605701	0	3.08481492810235e-07	c16
IPCEF1	5.11735737989967e-09	0.128078954543093	30.5225653206651	24.2169877602337	1.17295401060095e-07	c16
PARK2	1.66157829754345e-05	0.0205986497144908	2.49406175771971	0.983618681359317	0.00020299209266653	c16
CAHM	0.000103321699770841	0.0101036175988188	1.30641330166271	0.410457419664978	0.00104364990253992	c16
RP1-168L15.5	0.00674047795262337	0.00853955004322895	0.950118764845606	0.366083644566061	0.0406358318367672	c16
RPS6KA2	1.7740326926893e-15	0.0449961916926927	4.75059382422803	1.39777391561587	8.23336880819191e-14	c16
TMEM184A	0.00215338182162328	0.00136717157699812	0.118764845605701	0.00739562918315276	0.015084093918244	c16
MAD1L1	1.1981494758867e-06	0.108500818017467	30.4038004750594	25.758976444921	1.82341682206533e-05	c16
OCM	0.00222894204494613	0.0042570422853873	0.475059382422803	0.107236623155715	0.0155233512324132	c16
ICA1	0.00172526359505996	0.0536933975876971	10.6888361045131	7.99467514698813	0.0125149495509638	c16
HDAC9	3.05473398893402e-05	0.0224653817323532	2.73159144893112	1.15371815257183	0.000351164131774626	c16
TOMM7	6.15699447286344e-06	0.0823681345322971	97.1496437054632	96.7607144177791	8.19975382484825e-05	c16
AC004549.6	0.00215338182162328	0.00156770281818441	0.118764845605701	0.00739562918315276	0.015084093918244	c16
PLEKHA8	0.00144227421073442	0.0222662249344016	3.80047505938242	2.18171060903006	0.010741818580125	c16
SUGCT	0.00456293044007592	0.00552071516632301	0.593824228028504	0.170099471212513	0.029035576628502	c16
LINC00957	0.000134885088984081	0.0511552576282331	8.78859857482185	5.86843175683171	0.0013230911756127	c16
SNHG15	0.00849233866734746	0.0642092574960325	22.8028503562945	20.7558333025182	0.0495310470932327	c16
PKD1L1	0.00571509248410978	0.00252482988926909	0.237529691211401	0.0369781459157638	0.0352875803847526	c16
UPP1	0.00201367480899675	0.0801898921620167	29.2161520190024	26.6390563177162	0.0143140841802398	c16
RP11-340I6.7	1.45295936691946e-08	0.00167514613386205	0.118764845605701	0	3.08481492810235e-07	c16
TRIM74	5.63623923083179e-05	0.00397712163588493	0.356294536817102	0.0406759605073402	0.000610242431374185	c16
WBSCR27	0.000187901948551096	0.0205282081758932	2.49406175771971	1.11304219206449	0.00177642206915843	c16
TRIM73	1.43924165848537e-06	0.0590436168376399	9.73871733966746	5.94238804866324	2.15145556526202e-05	c16
LRRD1	0.00215163856179075	0.00138503263926476	0.118764845605701	0.00739562918315276	0.015084093918244	c16
CYP51A1-AS1	0.000250260140763587	0.00925474467130051	0.950118764845606	0.266242650593499	0.0022926223988277	c16
FAM200A	0.00379760726144231	0.036602462063476	7.71971496437055	5.54302407277299	0.0248266548442059	c16
GJC3	1.65417526028511e-06	0.00766331102642343	0.712589073634204	0.110934437747291	2.4466980342426e-05	c16
GAL3ST4	7.38869263655038e-10	0.0179349311698612	1.66270783847981	0.340198942425027	1.91062632153437e-08	c16
GPC2	0.00589884668976732	0.0126269450008651	1.54394299287411	0.721073845357394	0.0362164249936261	c16
RP11-325F22.2	1.44536494669424e-07	0.108297579460589	23.7529691211401	17.9233073253707	2.60150248471772e-06	c16
RP11-775D22.2	6.72352081455411e-07	0.0135734739203103	1.42517814726841	0.351292386199756	1.06910009592065e-05	c16
TRBV6-6	0.000297091497412543	0.0501899225753492	3.32541567695962	1.67880782457568	0.0026644133387858	c16
TRBV6-7	0.0028321662446917	0.00902022523183685	0.475059382422803	0.110934437747291	0.0191389910647096	c16
TRBV18	0.00538892660308849	0.0533218057324424	7.24465558194774	5.09928632178383	0.033562752858496	c16
TRBV21-1	2.50106578221171e-09	0.0611891298403281	6.76959619952494	3.08027955478312	6.00647971958955e-08	c16
PRSS1	0.00215163856179075	0.00132385020491594	0.118764845605701	0.00739562918315276	0.015084093918244	c16
EPHB6	0.00468008038537883	0.0510656284481743	9.38242280285036	7.07761712827719	0.0296801484104939	c16
ATG9B	4.36015516203523e-05	0.0335539584912292	4.86935866983373	2.6143549162445	0.000484375430364705	c16
PAXIP1-AS1	0.00830738826888508	0.0388709792137085	9.97624703087886	7.75431719853566	0.0485972806027261	c16
AC005481.5	1.01713869568173e-10	0.00517367597951662	0.475059382422803	0.0258847021410346	2.91176475890402e-09	c16
RP13-465B17.5	1.45295936691946e-08	0.00142751765929257	0.118764845605701	0	3.08481492810235e-07	c16
SLC25A6	9.55145640441289e-11	0.142202744749725	88.3610451306413	86.7359390600155	2.75065617171186e-09	c16
ARSD-AS1	0.000103454344229932	0.00130391979610725	0.118764845605701	0.00369781459157638	0.00104364990253992	c16
MSL3	0.000412631027394988	0.0789699162111342	23.6342042755344	20.2751174056133	0.00355762278327705	c16
RP1-122K4.3	0.000103454344229932	0.00130448184692702	0.118764845605701	0.00369781459157638	0.00104364990253992	c16
SCML1	3.11479978936594e-12	0.0991240871672957	16.9833729216152	10.0321709869467	1.04740582937022e-10	c16
CNKSR2	5.01537090918537e-14	0.0342862371614031	3.32541567695962	0.835706097696261	2.03599888450713e-12	c16
EIF2S3	7.88202414610438e-31	0.287801899717873	64.3705463182898	54.53906741116	8.37782086999498e-29	c16
LINC01281	8.68201931349944e-30	0.149312423446644	18.4085510688836	7.92811448433976	8.86460481057728e-28	c16
CFP	2.00795395423657e-08	0.0465148456913687	6.41330166270784	3.06918611100839	4.1685767427016e-07	c16
UXT	1.15441008077472e-07	0.122501512179	67.2209026128266	66.7899271530525	2.10822185699856e-06	c16
FOXP3	3.81500855397683e-216	0.577675263077116	47.0308788598575	10.6090300632326	1.60678622772119e-212	c16
EDA	1.68049784792901e-15	0.0463258463457993	4.75059382422803	1.39777391561587	7.81002682594758e-14	c16
LINC00891	7.6940236029212e-19	0.064024265976009	7.36342042755344	2.47753577635617	4.45433730716198e-17	c16
RPS4X	1.83094767307767e-131	0.351901093780771	100	99.974115297859	1.58184489478664e-128	c16
RPL36A	0.00212980584920239	0.0509847188405488	74.9406175771972	76.6704877417446	0.0150443769985378	c16
GPRASP1	0.000755702549008467	0.0245563432924544	3.91923990498812	2.19650186739637	0.00607646578646802	c16
BEX1	0.000257816225448094	0.0074944666280366	0.950118764845606	0.266242650593499	0.00235352476300409	c16
BEX4	2.20410750576794e-07	0.0949072961878392	21.021377672209	15.6343600931849	3.81826212335963e-06	c16
BEX2	3.10660769577555e-07	0.0919980704409925	19.7149643705463	14.377103132049	5.26794361859393e-06	c16
NGFRAP1	3.11137621720695e-52	0.233136747663763	27.3159144893112	11.1674000665607	6.55216939141069e-50	c16
TSC22D3	1.00562723998054e-10	0.209515399466106	95.4869358669834	94.0243316200126	2.8812588625769e-09	c16
VSIG1	1.08314612191136e-17	0.0680115700880201	8.43230403800475	3.15793366120623	5.81138939994929e-16	c16
LONRF3	0.0025507153560652	0.013974502929145	1.78147268408551	0.820914839329956	0.0174789105566933	c16
SEPT6	2.40620209680503e-14	0.196840593540075	79.5724465558195	74.0228524941759	1.00339818625926e-12	c16
RPL39	3.63122360620819e-129	0.353647419566878	100	99.9445327811264	2.91310590922807e-126	c16
FAM127C	0.00492259024214214	0.00373949131242777	0.356294536817102	0.0739562918315276	0.0310021973119135	c16
SMIM10L2A	0.000487123562231894	0.00542497537983552	0.475059382422803	0.0887475501978331	0.00411873056608317	c16
PNMA5	2.51140948473969e-05	0.0225907274478544	2.49406175771971	1.0021077543172	0.000294123848379629	c16
RPL10	1.33796901041422e-114	0.280950660510856	100	99.9926043708168	8.5059486484711e-112	c16
CTD-2336O2.1	0.000308647198670234	0.0773223067606258	19.7149643705463	16.1964279111045	0.00275047836868417	c16
TNFRSF10D	0.00546966841180165	0.0287091364257819	5.22565320665083	3.4907369744481	0.0339964964890693	c16
CHMP7	1.78973760004876e-13	0.168754643581159	38.3610451306413	29.5677254742447	6.91552966697738e-12	c16
RP11-486M23.1	0.000749501083267934	0.00622835697234689	0.593824228028504	0.136819139888326	0.00603145199417955	c16
SARAF	3.92519159786634e-49	0.293599908500752	99.7624703087886	98.8943534371187	7.73423425137477e-47	c16
LEPROTL1	1.78301377625541e-12	0.169549312928514	80.0475059382423	77.5468697999482	6.15192602907521e-11	c16
WHSC1L1	1.8254589644611e-05	0.102380156791272	48.9311163895487	47.3800983618681	0.000221407539051665	c16
RP11-350N15.5	0.00030045257624407	0.0506880716359758	11.2826603325416	8.09081832636912	0.00268689064067055	c16
RP11-930P14.2	0.00143449026603851	0.0103943260954225	1.18764845605701	0.436342121806013	0.010691620943831	c16
RP11-589C21.5	0.00177149120049483	0.0290781935653656	4.63182897862233	2.84731723551381	0.0128087177058954	c16
AP3M2	0.00309469873492689	0.0636095939701581	17.1021377672209	14.3401249861332	0.0207425460860606	c16
RP11-30L15.6	0.00215338182162328	0.00172540815653225	0.118764845605701	0.00739562918315276	0.015084093918244	c16
RPS20	8.08818082128558e-18	0.169796346128873	91.8052256532066	91.60226306253	4.38140136000637e-16	c16
C8orf44	0.000584718038399142	0.0291643310764339	4.27553444180523	2.44795325962356	0.00483590809666683	c16
RPL7	7.9998089490514e-90	0.40636313972615	98.6935866983373	96.124690308028	3.02860182841953e-87	c16
STAU2-AS1	0.000103328290132975	0.0017485390325732	0.118764845605701	0.00369781459157638	0.00104364990253992	c16
ZBTB10	9.40174976275025e-07	0.0759465863463995	12.70783847981	8.34966534777946	1.46319887531689e-05	c16
ZFAND1	0.000120996301927395	0.0788222464210485	23.8717339667458	19.971896609104	0.0012019013552894	c16
RPL30	1.0729611680945e-148	0.329387156990796	100	99.9889065562253	1.24663288268193e-145	c16
PABPC1	2.42809840727346e-125	0.515866798615706	98.812351543943	96.7755056761454	1.8180521718816e-122	c16
EIF3E	1.63601516323226e-31	0.286318437703938	84.0855106888361	77.2066708575232	1.76114680223475e-29	c16
EIF3H	2.51041540536588e-22	0.222338794261752	80.8788598574822	75.3392744887771	1.77329007690562e-20	c16
NDUFB9	0.00378416155040572	0.0505430380526156	58.6698337292162	59.9193876419036	0.0247483577793809	c16
LINC00861	5.80687492268129e-23	0.266905070087078	55.3444180522565	42.8872536331028	4.23499661568882e-21	c16
CASC19	3.997210660019e-08	0.00259010702029118	0.237529691211401	0.00739562918315276	7.88998336137552e-07	c16
MYC	5.05560082110624e-07	0.0870908709767166	15.7957244655582	10.8087120511778	8.19746939684089e-06	c16
AF230666.2	0.00172838000219193	0.00388585241138931	0.356294536817102	0.0628628480567984	0.0125319638032828	c16
RP11-10J21.4	0.000103328290132975	0.00144046010777588	0.118764845605701	0.00369781459157638	0.00104364990253992	c16
EEF1D	3.1152050247925e-38	0.214948196746241	99.5249406175772	99.1310135709795	4.23240798811929e-36	c16
RPL8	8.82055033573633e-230	0.470481566728827	99.8812351543943	99.877972118478	5.943992460246e-226	c16
KANK1	0.00420054416313227	0.0110187014367	1.42517814726841	0.624930665976408	0.0271002014038798	c16
RFX3	0.0045482923574259	0.034753487409234	8.31353919239905	6.07550937395999	0.0289488098400774	c16
PLPP6	0.000456338953674455	0.0341380885633256	6.05700712589074	3.79025995636579	0.00389361476452446	c16
PSIP1	1.41326675588405e-11	0.164060999116094	52.9691211401425	47.1656251155567	4.49232170497708e-10	c16
RPS6	1.43762186160639e-188	0.510757501428785	99.7624703087886	99.8483896017454	3.45994507178327e-185	c16
ACER2	0.000240036927592181	0.0110013329335654	1.30641330166271	0.436342121806013	0.00221038650950832	c16
MLLT3	7.76256481393222e-09	0.124021767937269	32.8978622327791	26.0252190955146	1.73442877215273e-07	c16
IFNA5	3.99246970559394e-08	0.00300286882904274	0.237529691211401	0.00739562918315276	7.88986945808106e-07	c16
IFT74-AS1	0.00328749862637404	0.00229387664757764	0.237529691211401	0.0332803313241874	0.0218350046751522	c16
LINC01242	1.42848200469182e-05	0.00225528092417254	0.237529691211401	0.0147912583663055	0.000177475194196483	c16
AQP3	7.52233614526581e-19	0.192991413494686	37.6484560570071	26.2027141959102	4.36243707536293e-17	c16
RP11-537H15.3	1.45295936691946e-08	0.0016960266108531	0.118764845605701	0	3.08481492810235e-07	c16
RP11-220I1.5	1.17568808488821e-10	0.00366794977593489	0.237529691211401	0.00369781459157638	3.33729017120668e-09	c16
FAM27C	6.89498713895205e-05	0.00701493480719938	0.712589073634204	0.147912583663055	0.000730105897736801	c16
TMEM2	0.000268822685960517	0.0973075448302982	47.2684085510689	44.8433975520467	0.00244208993819187	c16
FBP1	0.00435253897443031	0.0119076690939121	1.90023752969121	0.931849277077247	0.0279288608273576	c16
RP11-435O5.7	0.000103328290132975	0.0020126722385715	0.118764845605701	0.00369781459157638	0.00104364990253992	c16
RP11-535M15.1	0.00733229006316666	0.0057656765360192	0.712589073634204	0.240357948452465	0.0436106233695212	c16
HEMGN	3.43286244070656e-05	0.0208486517346843	2.37529691211401	0.950338350035129	0.000390239092702992	c16
ANP32B	1.77535577285065e-07	0.116172881437214	74.7030878859858	73.5643234848205	3.12369908148458e-06	c16
GRIN3A	0.000757633766743833	0.00290695490563242	0.237529691211401	0.0258847021410346	0.00608962598680026	c16
TMEM245	0.000125114348738698	0.0775189614344029	19.1211401425178	15.4309802906482	0.00123733574006507	c16
UGCG	1.51315493099488e-05	0.0773055827144499	16.9833729216152	12.7833450430795	0.000186876761219988	c16
C9orf147	0.00439522694939766	0.00726694098555927	1.06888361045131	0.414155234256554	0.0281598738986508	c16
ATP6V1G1	8.05012020775874e-15	0.154253578192961	81.353919239905	79.9356580261066	3.55027160052648e-13	c16
TNFSF8	0.000331470965505194	0.0917822019731487	38.2422802850356	34.471027622675	0.00292524429327711	c16
PSMD5-AS1	0.00295372221982352	0.0746054276336192	36.9358669833729	35.9020818696151	0.0198568867667066	c16
RP11-542K23.7	8.00475143487328e-14	0.00710485382524758	0.593824228028504	0.029582516732611	3.17308346878377e-12	c16
RPL35	9.18988999956298e-54	0.230265915694247	99.4061757719715	99.3417890026994	2.05062353407467e-51	c16
RPL12	6.2221571365789e-177	0.412530652230887	100	99.9593240394927	1.23323154446994e-173	c16
LAMC3	4.44662591903646e-46	0.019524816639944	1.66270783847981	0.0554672188736457	7.96939434659651e-44	c16
RPL7A	3.14022740516596e-07	0.0745566062681213	99.8812351543943	99.9593240394927	5.31692573817397e-06	c16
SNHG7	2.3864161921451e-18	0.212586302899968	47.624703087886	38.0394187035462	1.33567952123151e-16	c16
NSMF	0.000123053944790361	0.018088734471145	2.61282660332542	1.15741596716341	0.00121972979437422	c16
PNPLA7	0.00136252369190239	0.0105819435025902	1.54394299287411	0.636024109751137	0.0102246933797237	c16
BET1L	0.00716507994436693	0.064311272651041	25.7719714964371	23.7806456384277	0.0427595118040204	c16
RP11-754B17.1	0.00215512637628144	0.00136213859030177	0.118764845605701	0.00739562918315276	0.015084093918244	c16
RPLP2	4.97062492413792e-54	0.22270883521175	99.8812351543943	99.9630218540842	1.12402843083157e-51	c16
PNPLA2	2.54700287781628e-06	0.117086574918775	37.1733966745843	33.7351625189513	3.65030688920212e-05	c16
RRM1-AS1	0.000103328290132975	0.0013464705722049	0.118764845605701	0.00369781459157638	0.00104364990253992	c16
APBB1	1.41226113479276e-08	0.106032862333346	22.4465558194774	16.4072033428244	3.06405194305907e-07	c16
DCHS1	0.00448072526752853	0.00516111467489711	0.712589073634204	0.225566690086159	0.0286232165516366	c16
EIF3F	8.9485255862315e-07	0.0883533436660611	84.6793349168646	85.4158192508228	1.39847690678332e-05	c16
RIC3	1.57345668272415e-19	0.169458708096779	27.1971496437055	16.8213585770809	9.36679319217448e-18	c16
LMO1	0.000103328290132975	0.00144540537498892	0.118764845605701	0.00369781459157638	0.00104364990253992	c16
SWAP70	1.05237030906164e-12	0.048692771110783	5.81947743467934	2.15952372148061	3.72463920100031e-11	c16
RP11-685M7.5	1.45295936691946e-08	0.00146799692073758	0.118764845605701	0	3.08481492810235e-07	c16
SPON1	8.52834292274885e-27	0.052054703509898	5.10688836104513	1.064970602374	7.58189937834036e-25	c16
RP11-21L19.1	0.000103328290132975	0.000749466525467139	0.118764845605701	0.00369781459157638	0.00104364990253992	c16
PSMA1	0.00165955904723194	0.0688479567642015	41.4489311163895	39.5407314277262	0.0121066023566602	c16
PDE3B	4.49797993751279e-36	0.311236467323533	47.2684085510689	31.4868912472729	5.65503492591627e-34	c16
RPS13	6.90870418154165e-201	0.471144414909796	99.8812351543943	99.9112524498022	2.32781878692864e-197	c16
RP4-607I7.1	0.00113270939152798	0.00378837605481778	0.356294536817102	0.0591650334652221	0.00869770060121779	c16
RP11-613D13.5	1.45295936691946e-08	0.00127602287847336	0.118764845605701	0	3.08481492810235e-07	c16
RP11-17G12.2	0.00215512637628144	0.00117436684095525	0.118764845605701	0.00739562918315276	0.015084093918244	c16
RP11-881M11.1	0.00215163856179075	0.00147374576732935	0.118764845605701	0.00739562918315276	0.015084093918244	c16
WDR74	0.00127491421243982	0.0725447816298752	22.3277909738717	19.4837850830159	0.00964458003456382	c16
RASGRP2	1.65647486710472e-24	0.191675791044992	32.0665083135392	19.3099877972118	1.3101705204748e-22	c16
SF1	1.93253055531246e-16	0.194797100011973	74.228028503563	70.8131494286877	9.56162768439029e-15	c16
MAP4K2	9.35729166869996e-05	0.0794289490437801	20.5463182897862	16.7547979144326	0.00096328929265254	c16
VPS51	0.0031349867247242	0.0784595694354605	32.541567695962	31.4647043597234	0.0209583814886622	c16
FAU	5.6319426750445e-05	0.0556060523144	100	99.9334393373516	0.000609973244914656	c16
CMB9-22P13.1	0.0058685552416589	0.0339755521447253	6.76959619952494	4.80346115445772	0.0360764642058849	c16
MALAT1	5.05707794792637e-60	0.317524847979175	100	99.974115297859	1.30071133112543e-57	c16
AP000769.7	1.91685298054556e-05	0.0085277713676245	0.712589073634204	0.13312132529675	0.000231078512796072	c16
AP000769.1	0.000482456633211367	0.082423438464881	27.0783847980998	23.5181008024258	0.00408542191490922	c16
PLEKHB1	4.72744440129543e-08	0.080039852242203	14.8456057007126	9.6439004548312	9.22865073332839e-07	c16
RPS3	4.76165422568663e-90	0.27700824403096	100	99.9926043708168	1.84412847678489e-87	c16
LRRC32	3.16525394394168e-15	0.0290509277401326	3.08788598574822	0.691491328624783	1.43733243109395e-13	c16
RP11-867G2.8	1.45295936691946e-08	0.00117929753801572	0.118764845605701	0	3.08481492810235e-07	c16
SRSF8	5.46801874630931e-07	0.116636764762404	37.0546318289786	32.2412454239544	8.83642319607414e-06	c16
SESN3	1.54158341498397e-52	0.298714147074845	35.1543942992874	17.0691121547166	3.28747541673861e-50	c16
RP11-644L4.1	1.95019922195263e-05	0.0104795949566456	1.06888361045131	0.266242650593499	0.000234678616373115	c16
MAML2	5.2286270268856e-07	0.108165419802892	24.2280285035629	18.855156602448	8.4658029333918e-06	c16
BIRC3	2.62920468581503e-56	0.486605464142317	69.3586698337292	50.401212883186	6.1519737974897e-54	c16
TMEM123	4.52225336324278e-33	0.304537882829865	66.3895486935867	54.3726657545391	5.23617885983169e-31	c16
ANKK1	0.00172700022623077	0.00383861314388229	0.356294536817102	0.0628628480567984	0.012524654675553	c16
RNF214	6.45231317122529e-16	0.151162029674965	23.7529691211401	15.057501016899	3.08374808498248e-14	c16
BACE1-AS	0.000214099157767021	0.0090096696200907	0.950118764845606	0.262544836001923	0.00199607018048314	c16
FXYD2	0.000346818894747737	0.0418487625744554	7.48218527315914	4.87002181710609	0.00304871271579187	c16
IL10RA	0.00219441551658136	0.0761859032804547	50.5938242280285	49.3843138705025	0.0153240697234596	c16
PHLDB1	0.000949381340225488	0.00576740095384537	0.593824228028504	0.140516954479902	0.00744263724466208	c16
CXCR5	8.7106277179565e-09	0.0579554754728545	10.332541567696	5.69463447102762	1.93982743112245e-07	c16
RP11-158I9.5	0.00572145381371505	0.00231434903395792	0.237529691211401	0.0369781459157638	0.0353139155155367	c16
RPS25	7.18186649486775e-22	0.132983714672561	100	99.9667196686758	4.95872560815725e-20	c16
SORL1	1.10547056582451e-05	0.111510448913382	34.2042755344418	29.7378249454572	0.000141196835651596	c16
HSPA8	0.000358684902325123	0.0867486019081056	95.9619952494062	95.303775468698	0.00314399820471974	c16
ETS1	4.07857651716699e-09	0.145753584948825	61.6389548693587	57.4640387530969	9.50370381531291e-08	c16
TMEM45B	2.37424111938394e-06	0.0219663328362966	2.49406175771971	0.902266760344636	3.42309286591881e-05	c16
RP11-446F3.2	1.10424851316547e-15	0.00268269723615457	0.237529691211401	0	5.19644544729015e-14	c16
IL2RA	3.82494984190262e-91	0.28359314079864	26.603325415677	7.57682209814	1.5162101173302e-88	c16
ECHDC3	0.000182095567400034	0.010958174663069	1.42517814726841	0.488111526088082	0.00172734460810156	c16
HACD1	0.00026983907429369	0.0458271139452181	7.71971496437055	5.07709943423437	0.00244980553355067	c16
STAM	9.82410687367345e-35	0.216449990489478	27.790973871734	14.1367451835965	1.18219091786269e-32	c16
C10orf67	6.04023105419086e-06	0.0139551897578694	1.30641330166271	0.343896757016603	8.04743159904732e-05	c16
RP11-371A19.2	0.00320932706935209	0.0124700082852811	1.54394299287411	0.68409569944163	0.0214044074178047	c16
LINC00202-1	0.00169457895536526	0.00240429092494337	0.237529691211401	0.029582516732611	0.0123240110775042	c16
RP11-162G10.5	5.06201518812458e-08	0.0381880084195755	5.34441805225653	2.4109751137078	9.83052102297807e-07	c16
ZNF239	0.00443278153801535	0.0119833871162914	1.54394299287411	0.702584772399512	0.0283573459544122	c16
ARID5B	7.64300385782531e-26	0.277288239668436	54.5130641330166	40.3468550086899	6.40605402949169e-24	c16
RTKN2	0	0.623732971310064	45.4869358669834	8.19805494952483	0	c16
C10orf35	0.00110486380342165	0.0372752981316677	8.19477434679335	5.69093665643605	0.00851882860240024	c16
CDH23	0.001356411342019	0.0102020243347713	1.30641330166271	0.499204969862811	0.0101833609086426	c16
RP11-472G21.2	1.45295936691946e-08	0.00120119957438075	0.118764845605701	0	3.08481492810235e-07	c16
RP11-464F9.20	0.00359191744948714	0.0180167333739369	2.61282660332542	1.41256517398218	0.023610235377101	c16
ADK	0.00227888325216118	0.0735564680232035	22.4465558194774	19.8720556151315	0.015818848845966	c16
CH25H	0.00400388671745618	0.0348358979845509	5.58194774346793	3.69781459157638	0.0259736155290659	c16
SLC35G1	4.80786585619122e-10	0.0393286944308856	5.10688836104513	2.01161113781755	1.27656605325853e-08	c16
ENTPD1	0.00130820707138885	0.0374317719086619	7.71971496437055	5.27678142217949	0.00985439952232865	c16
GOLGA7B	4.56622871902104e-07	0.0187787720331968	1.90023752969121	0.55097437414488	7.47955811661133e-06	c16
WNT8B	1.45295936691946e-08	0.00126393431802085	0.118764845605701	0	3.08481492810235e-07	c16
RP11-47A8.5	0.00752904416802791	0.0109888319416448	1.54394299287411	0.735865103723699	0.0445919518716	c16
ADD3	1.11935221437443e-05	0.104709853631546	43.5866983372922	40.8201752764116	0.000142807472590428	c16
PDCD4-AS1	1.71971419905213e-05	0.0740740867193546	14.8456057007126	10.7088710572052	0.000209562568617948	c16
PLEKHA1	1.16528831745442e-14	0.141667541493549	23.8717339667458	15.4198868468735	5.03310061791982e-13	c16
DHX32	0.00206744060912769	0.0234090631933168	3.56294536817102	2.05598491291647	0.0146529961893034	c16
ADAM12	0.00132480799559245	0.0107997162251819	1.30641330166271	0.499204969862811	0.00996830741480391	c16
RP4-816N1.6	0.00445000121202961	0.0281184968311514	5.10688836104513	3.36870909292608	0.0284566978246585	c16
RP3-454B23.1	1.45295936691946e-08	0.00141450955525518	0.118764845605701	0	3.08481492810235e-07	c16
CD27	0.000168986671433554	0.108092566718627	74.228028503563	66.2130680767666	0.00161618986865801	c16
C12orf57	1.78891951609421e-72	0.466216413388816	93.8242280285036	85.6302924971342	5.28735562941037e-70	c16
A2ML1-AS1	1.45295936691946e-08	0.00116636695284049	0.118764845605701	0	3.08481492810235e-07	c16
RP13-735L24.1	0.000103328290132975	0.00145437687047515	0.118764845605701	0.00369781459157638	0.00104364990253992	c16
CDKN1B	0.0014615956446366	0.0806607891625192	58.5510688836104	56.8686906038531	0.0108593172327201	c16
APOLD1	0.00828370069104128	0.0310054003937159	6.65083135391924	4.7590873793588	0.0484904466789342	c16
EPS8	0.00565978728306456	0.00811465366083409	0.950118764845606	0.358688015382909	0.0350166861394743	c16
LDHB	4.30771062034306e-107	0.558977589273297	96.437054631829	87.8046074769811	2.30387304193395e-104	c16
RP11-707G18.1	0.000377902430007126	0.0692149808373115	19.1211401425178	15.4494693636061	0.0032884928916994	c16
MANSC4	0.00215163856179075	0.00135805553660356	0.118764845605701	0.00739562918315276	0.015084093918244	c16
DHH	0.00215338182162328	0.00141467481041387	0.118764845605701	0.00739562918315276	0.015084093918244	c16
BCDIN3D-AS1	0.00170134575081757	0.0050894989615121	0.475059382422803	0.103538808564139	0.0123678842994708	c16
DIP2B	2.23828036933131e-14	0.107906904177241	16.270783847981	9.11511296823577	9.36852407009305e-13	c16
METTL7A	2.7966613234542e-06	0.0446458003368906	6.29453681710214	3.36870909292608	3.97933727333048e-05	c16
EIF4B	1.87951659119851e-17	0.213241990573665	76.3657957244656	69.9700477018082	9.9729814210776e-16	c16
PFDN5	4.63806641830675e-38	0.230883209107541	99.5249406175772	98.2657249565507	6.22609601188955e-36	c16
PCBP2	4.70746093894463e-26	0.247929726218753	90.2612826603325	87.2277484006952	4.01552376903292e-24	c16
DGKA	6.93952644837637e-26	0.259081202170239	49.6437054631829	37.4033945937951	5.83093277186018e-24	c16
IKZF4	1.59910461659737e-10	0.0963201515650335	14.8456057007126	8.81928780090966	4.47882219049308e-09	c16
RPL41	2.24054905706151e-41	0.261698355403195	100	99.903856820619	3.32568545941104e-39	c16
NACA	1.91909366765601e-82	0.284515159728476	99.4061757719715	99.6043338387013	6.73561896229184e-80	c16
SHMT2	3.49566440249869e-30	0.231873553748399	32.4228028503563	19.3210812409866	3.61297289502426e-28	c16
FAM19A2	4.86469894222996e-90	0.127737738870011	11.2826603325416	1.64922530784306	1.86262688817609e-87	c16
USP15	5.32675782377703e-60	0.43836054600642	61.7577197149644	43.086935621048	1.35969528874502e-57	c16
RP11-1143G9.5	1.93177784683059e-05	0.0227344144480621	2.85035629453682	1.20178974226232	0.000232711200468751	c16
NAP1L1	0.00149112768986274	0.0686377539118866	54.1567695961995	54.7535406574714	0.011049495575596	c16
LINC00936	8.03975041843819e-05	0.097414872455528	28.8598574821853	24.8641053137596	0.000837117894310434	c16
RP11-796E2.4	2.68832810387449e-07	0.131109074386998	40.0237529691211	33.9496357652627	4.59799630111406e-06	c16
SOCS2	3.48304320489541e-30	0.0764205395731755	7.36342042755344	1.83411603742188	3.61100485371526e-28	c16
C12orf42	6.96279121070191e-12	0.0544915848619798	7.24465558194774	3.07658174019155	2.28436501512551e-10	c16
TCP11L2	7.81059544062295e-06	0.0516279034641752	7.95724465558195	4.7738786377251	0.000102241726020338	c16
RP11-686G8.2	0.0014843044105701	0.005970556032219	0.593824228028504	0.147912583663055	0.0110086182720117	c16
MAPKAPK5-AS1	0.000201365873375735	0.0812403479080361	25.7719714964371	22.3015198017971	0.00189097595806077	c16
RPL6	1.06754432476873e-23	0.133336029543944	99.8812351543943	99.877972118478	8.17496329062674e-22	c16
SLC8B1	7.66925467491791e-11	0.0835136005141192	13.0641330166271	7.41411825611064	2.24312384563094e-09	c16
RPLP0	3.06005863544115e-08	0.0977727412018261	99.7624703087886	99.6671966867581	6.17029417489852e-07	c16
RP11-340F14.6	1.45295936691946e-08	0.00140065054277975	0.118764845605701	0	3.08481492810235e-07	c16
LINC01089	0.000297019124387986	0.0597048168489345	12.70783847981	9.46640535443553	0.0026644133387858	c16
RP11-347I19.7	5.20656944030789e-32	0.0788809021127769	7.95724465558195	1.99681987945124	5.69578411434201e-30	c16
PITPNM2	2.79861892185364e-08	0.0297045167989634	3.56294536817102	1.31272418000961	5.67027456121085e-07	c16
RP11-338K17.8	0.000103328290132975	0.0013529263705162	0.118764845605701	0.00369781459157638	0.00104364990253992	c16
GJB6	8.14451103538832e-112	0.0830486736926015	6.53206650831354	0.425248678031284	4.73139922114438e-109	c16
RPL21	8.09036853024356e-90	0.4313556729724	99.7624703087886	99.3565802610657	3.02885419175585e-87	c16
POLR1D	0.00154265603588109	0.0677203666707927	50.1187648456057	50.0018489072958	0.0113762863806035	c16
LINC00544	0.000417810977017503	0.0176836152460241	2.37529691211401	1.08345967533188	0.0035967611291844	c16
SPG20	0.000311221453335521	0.0382935159949226	7.60095011876485	4.95876936730392	0.0027653733250757	c16
TPT1	2.78461155202926e-200	0.512455619104662	100	99.9186480789853	8.52951833037035e-197	c16
RP11-290D2.6	0.00216472644554518	0.0413358658057035	9.50118764845606	6.87793514033206	0.0151449943638287	c16
RP11-90M2.5	0.00215163856179075	0.00137570543784445	0.118764845605701	0.00739562918315276	0.015084093918244	c16
LPAR6	5.34253022906965e-13	0.157890025134983	27.1971496437055	18.9291128942795	1.96304485865074e-11	c16
LINC00402	5.65683730483151e-112	0.336837540905466	32.541567695962	9.55515290463336	3.34388554647356e-109	c16
COMMD6	3.152840879163e-06	0.0816622366111994	92.874109263658	93.2921643308804	4.43371538324366e-05	c16
IRS2	2.82979207738289e-07	0.0350382039194236	4.51306413301663	1.99312206485967	4.82525375786128e-06	c16
RASA3	1.3937837736686e-06	0.094998414401628	24.58432304038	19.1916577302814	2.09092388557391e-05	c16
TRAV11	1.34737647061e-06	0.00266843545310977	0.237529691211401	0.0110934437747291	2.02853006258862e-05	c16
TRAV34	0.00262936677845333	0.0156063604127162	1.78147268408551	0.81721702473838	0.0179448823644331	c16
OXA1L	1.01646767005233e-05	0.0988609268792974	50.4750593824228	48.1048700218171	0.000130471853999021	c16
PPP1R3E	4.6338547944273e-06	0.0663040313878382	12.5890736342043	8.47539104389306	6.3019479578368e-05	c16
ARHGAP5-AS1	1.07743720377573e-08	0.0219328803296731	2.13776722090261	0.573161261694339	2.36194984671565e-07	c16
ARHGAP5	0.000124595233558437	0.0506659663032091	8.78859857482185	5.85733831305698	0.00123256365223663	c16
RPS29	1.13365669807285e-06	0.0828385038386599	99.5249406175772	99.7374551639981	1.73703632491434e-05	c16
RP11-596C23.2	1.02034975877983e-05	0.0739640933362623	14.4893111638955	10.2873201937655	0.000130820642208248	c16
PTGER2	1.72174912540896e-48	0.25746640000224	29.5724465558195	13.2085937211108	3.31500657323027e-46	c16
RP11-589M4.1	0.000420517213905673	0.00410392075909915	0.356294536817102	0.0517694042820693	0.00361820914334467	c16
SIX1	3.98773420399722e-08	0.00365464411769318	0.237529691211401	0.00739562918315276	7.88513593130764e-07	c16
MAX	3.49442282988556e-05	0.0961200291709544	42.1615201900238	40.0621232851385	0.000395768345647611	c16
RP11-72M17.1	0.00734060424859502	0.00690942914881368	0.831353919239905	0.303220796509263	0.0436292678694939	c16
GPHN	3.52198777278299e-07	0.0755276860557184	12.9453681710214	8.44211071256887	5.90691169816576e-06	c16
ACTN1	1.58854160341397e-50	0.215447075876562	24.58432304038	9.61062012350701	3.24389822942002e-48	c16
SRSF5	1.42405139229814e-06	0.104591148788495	71.6152019002375	70.3731094922901	2.12969319183727e-05	c16
ACOT1	0.00174001019481123	0.0028781751601404	0.356294536817102	0.0628628480567984	0.012605440443769	c16
RPS6KA5	0.00567816612676693	0.0541404540496569	15.7957244655582	13.2566653108013	0.0351174980681507	c16
FBLN5	1.74891787930191e-09	0.0977010277744761	17.2209026128266	11.1415153644196	4.33932540686293e-08	c16
SNHG23	0.00215512637628144	0.0012117446797103	0.118764845605701	0.00739562918315276	0.015084093918244	c16
RP11-8L8.2	0.00169304636791626	0.00290007610354033	0.237529691211401	0.029582516732611	0.012320843265782	c16
INF2	2.07365404341631e-05	0.0567613051889033	9.14489311163896	5.90540990274748	0.000247940735766037	c16
CRIP2	1.00644928736659e-17	0.0952537245771768	11.9952494061758	5.32485301186999	5.42580836616479e-16	c16
IGHV3-33-2	1.45295936691946e-08	0.00174393316307256	0.118764845605701	0	3.08481492810235e-07	c16
IGHV1OR15-3	7.78030780082789e-05	0.0031899231255623	0.237529691211401	0.0184890729578819	0.00081186030052987	c16
RP11-701H24.9	0.0035731018617061	0.0255549836527747	4.86935866983373	3.12835114447362	0.0235103072916713	c16
RP11-578F21.6	0.000103328290132975	0.0012888218163058	0.118764845605701	0.00369781459157638	0.00104364990253992	c16
SLC12A6	2.49473664706952e-11	0.0909334209791231	11.7577197149644	6.3713345412861	7.67649831838909e-10	c16
GOLGA8B	5.47209004319401e-05	0.0882265390983394	27.9097387173397	23.9285582220907	0.000594763231985094	c16
GATM-AS1	0.000103328290132975	0.00171856512912706	0.118764845605701	0.00369781459157638	0.00104364990253992	c16
USP50	0.000103454344229932	0.00135259148359883	0.118764845605701	0.00369781459157638	0.00104364990253992	c16
RSL24D1	0.0038400098317016	0.0584061133869593	48.9311163895487	50.811670302851	0.0250698103602701	c16
DYX1C1	1.12291733952338e-05	0.0151189787103358	1.54394299287411	0.465924638538624	0.000143208087955719	c16
RP11-317G6.1	6.16548405642153e-07	0.00389415703303748	0.356294536817102	0.0258847021410346	9.88766395987944e-06	c16
RPL4	1.91282173017926e-85	0.420085593281487	98.3372921615202	96.7755056761454	6.85644844432553e-83	c16
RPLP1	3.70745538559043e-12	0.0951003810928732	100	100	1.23682179962459e-10	c16
RP11-307C19.1	1.45295936691946e-08	0.0012683822626958	0.118764845605701	0	3.08481492810235e-07	c16
HYKK	1.61341790122153e-05	0.0139431333414428	1.78147268408551	0.59165033465222	0.000197897716650012	c16
RPS17	4.3133111940286e-07	0.0979363437596812	78.1472684085511	79.181303849425	7.10326037984357e-06	c16
RP11-90B9.3	0.00215338182162328	0.00143237063208798	0.118764845605701	0.00739562918315276	0.015084093918244	c16
PDE8A	8.62935152880993e-11	0.0666539388500859	9.26365795724466	4.60747698110417	2.50333222973223e-09	c16
RP11-158M2.4	0.000103454344229932	0.00133341934428876	0.118764845605701	0.00369781459157638	0.00104364990253992	c16
HAPLN3	1.00933328237643e-05	0.0785448730760346	17.3396674584323	12.8573013349111	0.000129654882258449	c16
CRTC3	8.67233794192071e-13	0.146086830716225	28.5035629453682	20.3601671412195	3.1085718576072e-11	c16
CTD-3065B20.3	0.00169457895536526	0.0030302183699595	0.237529691211401	0.029582516732611	0.0123240110775042	c16
SV2B	1.34991698123749e-06	0.00197500918618209	0.237529691211401	0.0110934437747291	2.03144719811595e-05	c16
CRAT37	0.00328080057670339	0.00263324590111457	0.237529691211401	0.0332803313241874	0.0218034111699101	c16
IGF1R	6.53753096752645e-14	0.0236870717378812	2.37529691211401	0.473320267721776	2.62858673532024e-12	c16
NME4	0.00207560243244961	0.0396161282109489	10.0950118764846	7.45479421661798	0.0147015657681222	c16
LA16c-360A4.1	1.45295936691946e-08	0.00124248002480423	0.118764845605701	0	3.08481492810235e-07	c16
RPS2	4.72108495012097e-68	0.29794023121825	99.7624703087886	99.9149502643937	1.31464658106922e-65	c16
RP11-473M20.9	0.00108318501690266	0.0257150594500986	4.63182897862233	2.76966312909071	0.00836699586417201	c16
TFAP4	0.00270046350352544	0.0318940457072083	5.93824228028503	3.97145287135303	0.018366858556275	c16
RP11-77H9.8	4.3464868495573e-06	0.0139828902578764	1.42517814726841	0.38827053211552	5.93638135018175e-05	c16
SNN	6.95631632256248e-08	0.0453889477058445	6.17577197149644	2.99153200458529	1.31974167889876e-06	c16
RP11-486I11.2	3.03028190231262e-17	0.0864379123148417	10.332541567696	4.36342121806013	1.58790541860842e-15	c16
RSL1D1	1.36763421328348e-09	0.146871478298998	49.8812351543943	44.6511111932848	3.43376059481175e-08	c16
SNX29	0.00429656361466571	0.0454598011310688	11.520190023753	9.00787634508006	0.0276222885770934	c16
ABCC1	8.17376355160625e-07	0.0877492178925034	17.9334916864608	12.9460488851089	1.28454659098797e-05	c16
RPS15A	4.73733426855009e-26	0.122421381955075	100	99.9815109270421	4.02665384727916e-24	c16
FLJ21408	0.00723099407115297	0.016545866247317	2.73159144893112	1.56787338682838	0.0430994364467412	c16
RP11-666O2.2	0.00220347257321505	0.0236193806662815	4.15676959619953	2.49972266390563	0.0153809415541554	c16
FUS	0.00148011446835965	0.0717054400833753	66.1520190023753	67.1671042413933	0.0109823776474147	c16
SLC5A2	0.000505800356353852	0.01124954322342	1.42517814726841	0.525089672003846	0.00426167472042678	c16
AC026471.6	5.30306512039257e-06	0.0095895121251815	1.06888361045131	0.244055763044041	7.14154581001228e-05	c16
CTB-134F13.1	0.00328213919126851	0.00252983459940276	0.237529691211401	0.0332803313241874	0.0218080058983635	c16
CTD-2012K14.4	0.000761096756417303	0.00219695315821492	0.237529691211401	0.0258847021410346	0.00610871703447466	c16
DPEP2	1.15564646464916e-10	0.0780413917479407	11.2826603325416	6.07920718855157	3.28700747394312e-09	c16
SMPD3	3.93653218206515e-09	0.0319439702193767	3.80047505938242	1.36449358429168	9.18542350017335e-08	c16
RP11-486L19.2	0.00182782992573662	0.00592866001555868	0.593824228028504	0.151610398254632	0.0131652205040123	c16
C16orf74	5.35596593731016e-12	0.0471784723098967	5.34441805225653	1.9561439189439	1.76752121735287e-10	c16
COX4I1	4.09037759578165e-05	0.0618741720356297	95.0118764845606	95.7364197759124	0.000457877683429458	c16
ZCCHC14	1.49209424693887e-12	0.0326578813991295	3.80047505938242	1.11674000665607	5.17761313659716e-11	c16
RPL13	3.09237281280587e-176	0.389196468817424	100	99.9926043708168	5.49834844642708e-173	c16
DBNDD1	1.12838820776412e-38	0.057546747317651	5.58194774346793	0.924453647894095	1.56460544330881e-36	c16
RP11-676J12.9	0.00215338182162328	0.00117268002963252	0.118764845605701	0.00739562918315276	0.015084093918244	c16
RAP1GAP2	0.000910511567562577	0.0207537925907908	3.08788598574822	1.62334060570203	0.00717128956462213	c16
RNF222	5.54295996506135e-05	0.00538480816438679	0.475059382422803	0.0702584772399512	0.000601689732805339	c16
AC005304.1	0.000103328290132975	0.00167801770107083	0.118764845605701	0.00369781459157638	0.00104364990253992	c16
HS3ST3B1	0.00202455355271187	0.0624264777902398	14.6080760095012	11.7960285471286	0.0143762502434297	c16
AC022816.2	0.000103328290132975	0.00164145692874829	0.118764845605701	0.00369781459157638	0.00104364990253992	c16
RP11-385D13.1	9.59151741986349e-23	0.00530776870806155	0.356294536817102	0	6.93511991298027e-21	c16
SSH2	0.00125097762891595	0.0791056442744608	35.5106888361045	33.6722996708945	0.00948906803887754	c16
RP11-799D4.4	3.64841789000725e-08	0.0701159600642001	11.9952494061758	7.28839255999704	7.25677641002977e-07	c16
RPL23	0.00641164460547665	0.0283010088721698	83.9667458432304	86.7100543578745	0.0389671633003121	c16
RPL19	4.60633543655974e-167	0.353403717359142	100	99.9926043708168	6.20823464797776e-164	c16
THRA	8.22608508688399e-06	0.051232155858892	8.78859857482185	5.39141367451836	0.000107388497062173	c16
NR1D1	0.000883106654735077	0.0248123203221105	4.51306413301663	2.65872869134342	0.00698483465367223	c16
CCR7	1.6644249148392e-51	0.438350573898755	62.8266033254157	40.2248271271678	3.48330019134112e-49	c16
HAP1	4.21174717909057e-05	0.0123576910817095	1.18764845605701	0.332803313241874	0.000469902680305555	c16
RPL27	2.73403169846947e-07	0.0849398673546915	98.9311163895487	98.6872758199904	4.67142312617801e-06	c16
LINC01180	0.000103454344229932	0.00119338695839761	0.118764845605701	0.00369781459157638	0.00104364990253992	c16
EFCAB13	1.61632044329045e-05	0.0143315013706171	1.78147268408551	0.59165033465222	0.000198181590306508	c16
HOXB2	0.00483793549704559	0.064150797080107	21.1401425178147	18.3300669304441	0.0305719052208278	c16
NOG	8.12742756321046e-69	0.0504144076058066	4.63182897862233	0.358688015382909	2.34056020781892e-66	c16
YPEL2	7.91216147074784e-14	0.134821706607644	24.3467933491686	15.9116961875532	3.14007501290198e-12	c16
CTD-2319I12.2	0.00215163856179075	0.00146367665889088	0.118764845605701	0.00739562918315276	0.015084093918244	c16
LIMD2	1.00417179957013e-05	0.0985735988072862	92.6365795724465	91.5467958436564	0.000129090288495673	c16
ICAM2	9.85210938550723e-21	0.204161148977449	43.7054631828979	31.9454202566283	6.3350567487649e-19	c16
PRKCA	3.97761837113699e-06	0.0655773032864697	12.3515439429929	8.28680249972266	5.46136403411123e-05	c16
RPL38	2.77157609747553e-28	0.179380291313382	97.9809976247031	98.2546315127759	2.63800805164804e-26	c16
TTYH2	2.63355161377315e-09	0.0248193420909206	2.73159144893112	0.809821395555227	6.30219375528925e-08	c16
MYO15B	0.00246568356058255	0.0124561767798821	1.90023752969121	0.891173316569907	0.0169686972815091	c16
RP11-666A8.9	1.45295936691946e-08	0.00127950171487089	0.118764845605701	0	3.08481492810235e-07	c16
TMC8	0.00268855605110712	0.0710427204788187	50.9501187648456	51.1111932847687	0.0183043458448178	c16
CTD-2526A2.2	0.000147324444647001	0.00460010829769311	0.475059382422803	0.077654106423104	0.00143053309450607	c16
DCXR	0.00076647932681447	0.0842239237671207	35.5106888361045	33.4171504640757	0.00614752545529321	c16
ENOSF1	0.00454067499029862	0.0565650363877131	16.8646080760095	14.1774211441038	0.0289212671310249	c16
SMCHD1	1.83856248234336e-19	0.243538387005339	66.1520190023753	58.458750878231	1.08681621543995e-17	c16
NDUFV2-AS1	1.48877672519315e-15	0.126864135345905	20.4275534441805	12.0105017934401	6.95739847138115e-14	c16
ANKRD12	2.24791408590918e-06	0.115859899448353	72.3277909738717	71.1496505565211	3.25209176516204e-05	c16
RP11-474N24.6	0.00215512637628144	0.000683945811583833	0.118764845605701	0.00739562918315276	0.015084093918244	c16
RP11-403A21.3	1.45295936691946e-08	0.00136641015075284	0.118764845605701	0	3.08481492810235e-07	c16
SLC14A1	8.27665419304747e-11	0.0257057776068813	2.61282660332542	0.676700070258477	2.41031621763649e-09	c16
SNHG22	4.69830027828379e-07	0.0360702129126145	4.63182897862233	2.10035868801538	7.66892337802425e-06	c16
RP11-397A16.1	0.00045213013328015	0.00540488734958788	0.831353919239905	0.225566690086159	0.00386063677413618	c16
RP11-126O1.4	0.000103454344229932	0.000821814644372395	0.118764845605701	0.00369781459157638	0.00104364990253992	c16
BCL2	4.51486476953727e-32	0.272969296727625	39.7862232779097	25.611063861258	4.97136776290159e-30	c16
GTSCR1	3.31323720785134e-74	0.0970527903683242	7.83847980997625	0.972525237584588	1.04332910730227e-71	c16
HSBP1L1	9.46403484021249e-14	0.0880671760055392	13.7767220902613	7.20704063898236	3.72960456030549e-12	c16
C20orf96	0.00247712759816928	0.0101607178692109	1.66270783847981	0.739562918315276	0.0170404935264834	c16
OXT	6.74462219791672e-05	0.011860251118555	1.30641330166271	0.399363975890249	0.000715307838642134	c16
AVP	0.000103454344229932	0.00145883690525067	0.118764845605701	0.00369781459157638	0.00104364990253992	c16
RP5-1187M17.10	0.00141691496245864	0.00777335231751551	0.950118764845606	0.310616425692416	0.0105786688998629	c16
CDC25B	7.94302953102762e-06	0.0971454561400006	26.2470308788599	21.3844617830862	0.000103854263491829	c16
PRND	3.98773420399722e-08	0.00349584835179374	0.237529691211401	0.00739562918315276	7.88513593130764e-07	c16
RP5-1116H23.5	0.00215338182162328	0.00151601243456568	0.118764845605701	0.00739562918315276	0.015084093918244	c16
SNAP25	2.35605402321016e-05	0.00398167909570182	0.356294536817102	0.0369781459157638	0.000277472507018676	c16
RP1-167O22.1	9.93738748874781e-07	0.0310099503441987	3.80047505938242	1.62334060570203	1.53803552616384e-05	c16
RP11-243J16.7	0.000646346162303925	0.0118631524050082	1.78147268408551	0.739562918315276	0.00528848654508704	c16
AHCY	0.00182521190195249	0.050255425051053	11.7577197149644	9.03376104722109	0.0131553568674704	c16
SAMHD1	1.63789353466195e-35	0.312481987902361	54.3942992874109	39.38542321488	2.01413083054378e-33	c16
SGK2	1.34737647061e-06	0.00274171171774141	0.237529691211401	0.0110934437747291	2.02853006258862e-05	c16
OSER1-AS1	2.93134529693817e-07	0.059514184398869	10.332541567696	6.17535036793255	4.98580254593815e-06	c16
STK4	7.08237379414931e-13	0.18179748124436	77.6722090261283	74.7106460082092	2.56871369881665e-11	c16
DBNDD2	1.7176408027809e-07	0.0706860353721042	11.7577197149644	7.29578818918019	3.03801518156953e-06	c16
ZFAS1	9.16388310905637e-20	0.198324265542619	82.541567695962	79.7914432570351	5.62418720358006e-18	c16
RP3-492J12.2	0.00153553771013114	0.0543897068951216	12.70783847981	9.82139555522686	0.011328751391539	c16
RPS21	1.58764934605922e-77	0.277891662647082	100	99.8705764892948	5.19361719088538e-75	c16
KCNQ2	8.65023884830929e-08	0.00459516171839565	0.475059382422803	0.0406759605073402	1.61653437468072e-06	c16
R3HDM4	8.21817174977915e-08	0.122916923186319	48.3372921615202	44.5364789409459	1.54091863626633e-06	c16
CIRBP	1.90346165021746e-12	0.142489916172153	88.479809976247	88.1041304588988	6.52443914978914e-11	c16
RPS15	7.78398341586603e-145	0.310078891599326	100	99.9926043708168	8.19604803794344e-142	c16
LLfos-48D6.2	0.000103328290132975	0.00142919855536902	0.118764845605701	0.00369781459157638	0.00104364990253992	c16
AES	2.19577657802061e-49	0.395248167943098	80.8788598574822	68.9901268350405	4.35202917763685e-47	c16
TJP3	2.62647349100665e-13	0.0490951703841085	5.46318289786223	1.91177014384499	9.9883067501104e-12	c16
EEF2	3.83107149735196e-104	0.48376466675343	98.812351543943	94.8785267906667	1.92662870196682e-101	c16
AC005523.3	0.00285221039646811	0.00457778883696308	0.475059382422803	0.110934437747291	0.0192474218102537	c16
RPL36	3.14907529668762e-176	0.414407160851277	100	99.9149502643937	5.49834844642708e-173	c16
ALKBH7	0.00137621741686188	0.0769869046935751	40.0237529691211	38.3500351292386	0.010306794764113	c16
CTD-3128G10.6	0.000422297115719467	0.0035120266581173	0.356294536817102	0.0517694042820693	0.00363074228554522	c16
CTB-133G6.1	1.98414970925046e-74	0.344401505275521	39.0736342042755	16.8916170543209	6.30697550032876e-72	c16
RPS28	5.95501746065979e-98	0.277548803155207	100	99.9963021854084	2.71146430161447e-95	c16
OR7D2	0.00328615802074379	0.00226654768107153	0.237529691211401	0.0332803313241874	0.0218304038546809	c16
EIF3G	6.02575293976594e-09	0.111764804818671	78.8598574821853	78.5304884813075	1.36998461236487e-07	c16
SLC44A2	0.000872161278162539	0.0871331377658427	31.8289786223278	29.7156380579078	0.00690961723639985	c16
ILF3-AS1	8.97387212585827e-12	0.152947546644256	33.6104513064133	25.9808453204156	2.90736199431412e-10	c16
ZNF563	6.4887056626939e-07	0.0495488626234111	7.95724465558195	4.45586658284954	1.03567242349033e-05	c16
DNAJB1	4.21221458252328e-20	0.371835929005982	82.4228028503563	77.7428539733018	2.63314208058515e-18	c16
TECR	6.46975528803251e-05	0.0848048785502247	60.0950118764846	59.4090892282661	0.000689411558111852	c16
CTD-2562J15.6	3.36947860324706e-18	0.107354278205432	14.3705463182898	6.87423732574049	1.87965582877163e-16	c16
KLF2	1.27387322297635e-75	0.785519246286706	86.3420427553444	57.9484524645934	4.08779851190146e-73	c16
USHBP1	0.000103328290132975	0.00119099960617872	0.118764845605701	0.00369781459157638	0.00104364990253992	c16
RPL18A	1.17711846942548e-145	0.339569056136015	100	99.9778131124505	1.32206099029408e-142	c16
GDF15	0.000103328290132975	0.00111863309777914	0.118764845605701	0.00369781459157638	0.00104364990253992	c16
ISYNA1	0.00319094884727053	0.0402311530029204	8.55106888361045	6.24191103058093	0.0212902634574125	c16
UBA52	3.91196841022001e-13	0.113902850165085	99.7624703087886	99.441629996672	1.45968841211465e-11	c16
ZNF101	5.78472014569289e-09	0.120731720407354	25.41567695962	18.97718448397	1.31874398233407e-07	c16
ZNF14	0.00395309581443828	0.0364378906250864	8.31353919239905	6.07550937395999	0.0257035141589508	c16
ZNF90	0.00157173126176847	0.026758581373202	4.39429928741093	2.65133306216026	0.0115653883236573	c16
AC005780.1	1.44732016821772e-11	0.0130594165939637	1.18764845605701	0.159006027437784	4.59190261279925e-10	c16
ZNF536	3.76034619234185e-26	0.00643520667085669	0.593824228028504	0.00739562918315276	3.24043745792242e-24	c16
CTD-2553L13.10	0.00331097757248007	0.0129715074755316	1.78147268408551	0.835706097696261	0.0219692946685986	c16
CTC-523E23.5	0.00215512637628144	0.00070229745398981	0.118764845605701	0.00739562918315276	0.015084093918244	c16
CTC-523E23.11	1.65737935271702e-07	0.0753295959306042	13.5391923990499	8.80449654254336	2.94534493198562e-06	c16
FXYD1	6.06775777392223e-05	0.0523767644017283	9.85748218527316	6.54143401249861	0.000651935683783595	c16
FXYD7	1.06676001336377e-12	0.10420940727503	15.5581947743468	8.81189217172651	3.77160670412159e-11	c16
FXYD5	2.89030906593486e-45	0.329987160114626	97.8622327790974	94.4939540731428	5.07219133685465e-43	c16
LSR	8.15709765224894e-06	0.0898631350658345	22.0902612826603	17.3575416928595	0.000106529166005766	c16
TMEM147-AS1	1.27986325906393e-06	0.0259031785681892	3.08788598574822	1.20918537144548	1.93727370399372e-05	c16
LINC00665	0.00126951933649339	0.0211149283040105	3.08788598574822	1.65292312243464	0.00961240101658615	c16
CTD-2630F21.1	0.00109061073739292	0.0114395107894918	1.66270783847981	0.695189143216359	0.00842242452113612	c16
SPINT2	2.34731783489598e-13	0.125564089120553	23.7529691211401	15.3903043301409	8.97735835743305e-12	c16
EIF3K	0.000105253938595323	0.0581849862252495	87.6484560570071	89.2763376844285	0.00105895079338035	c16
RPS16	2.93332815580931e-52	0.217855635659227	99.7624703087886	99.8446917871538	6.21607288565024e-50	c16
FBL	2.65643262191989e-06	0.112485219856504	40.855106888361	37.2185038642162	3.79101400944383e-05	c16
CTC-492K19.4	1.45295936691946e-08	0.00211180563041546	0.118764845605701	0	3.08481492810235e-07	c16
AC006129.2	1.00189598000354e-31	0.271501002344972	45.249406175772	30.5328550826462	1.08546248071509e-29	c16
CEACAM4	0	0.241891507867323	16.3895486935867	0.29582516732611	0	c16
RPS19	8.14618343894759e-19	0.138900321151483	99.8812351543943	99.9889065562253	4.70801895011835e-17	c16
GRIK5	1.45295936691946e-08	0.00157082720825168	0.118764845605701	0	3.08481492810235e-07	c16
POU2F2	1.75703659257177e-11	0.131507161535877	23.5154394299287	16.1113781754983	5.52769289917022e-10	c16
CEACAM1	7.49929822486033e-08	0.0384171180925235	4.98812351543943	2.21868875494583	1.41162767814773e-06	c16
CEACAM8	1.45295936691946e-08	0.00157347088917067	0.118764845605701	0	3.08481492810235e-07	c16
LYPD3	1.03776727010007e-06	0.0378292483699439	5.93824228028503	3.01371889213475	1.60103161166445e-05	c16
PHLDB3	2.12945301003653e-05	0.06091724222478	12.5890736342043	8.75642495285286	0.000253712127723376	c16
GLTSCR2	1.00030923585082e-52	0.363063328047934	92.0427553444181	86.4770920386052	2.16053970466393e-50	c16
GRIN2D	0.00215338182162328	0.00143195594105451	0.118764845605701	0.00739562918315276	0.015084093918244	c16
RPL18	1.09803952639089e-115	0.310312015212617	100	99.9297415227601	7.11487380811822e-113	c16
FTL	2.24831039275587e-95	0.455625281564439	99.6437054631829	97.9440150870835	9.46932129668955e-93	c16
FLT3LG	3.64778986013534e-10	0.162087658288405	54.750593824228	49.2216100284732	9.77793409287194e-09	c16
RPL13A	5.75096993710735e-13	0.124203662701715	99.6437054631829	99.5340753614614	2.10166139979279e-11	c16
RPS11	1.03117589069341e-06	0.0996685344415233	96.7933491686461	95.9176126908997	1.59305091522346e-05	c16
TSKS	0.000353456567386318	0.00749320895351583	0.950118764845606	0.273638279776652	0.00310373522226268	c16
AC006942.4	0.000700290139978459	0.0129488730428831	1.54394299287411	0.606441593018526	0.00567474169707412	c16
CTD-2525I3.3	1.45295936691946e-08	0.00130937526051682	0.118764845605701	0	3.08481492810235e-07	c16
RPS9	1.10946081422844e-69	0.285336010807303	99.5249406175772	99.3898605923899	3.25062371083592e-67	c16
LAIR2	4.25865718527219e-46	0.174752853529862	20.0712589073634	7.09610620123507	7.67332594655408e-44	c16
TNNI3	1.45295936691946e-08	0.00172881202509965	0.118764845605701	0	3.08481492810235e-07	c16
RPL28	2.70343255403927e-34	0.147569435622768	100	99.9926043708168	3.1961212798526e-32	c16
CTD-2583A14.9	1.45295936691946e-08	0.0013000335150276	0.118764845605701	0	3.08481492810235e-07	c16
ZSCAN18	6.16054468877873e-09	0.0688107034314238	10.5700712589074	5.96087712162112	1.39666971666322e-07	c16
RPS5	6.74815248710165e-118	0.390818817383321	99.7624703087886	99.4120474799394	4.54744499800806e-115	c16
CECR3	0.000103328290132975	0.00138864419805941	0.118764845605701	0.00369781459157638	0.00104364990253992	c16
LL22NC03-2H8.4	0.00215163856179075	0.00143163099835028	0.118764845605701	0.00739562918315276	0.015084093918244	c16
MMP11	0.000307621303955247	0.00748101257073692	0.831353919239905	0.218171060903006	0.00274364292573377	c16
SLC2A11	0.00428366361444826	0.0341653160367995	7.95724465558195	5.73531043153496	0.027555128259874	c16
CTA-407F11.8	0.000103328290132975	0.00137278510247082	0.118764845605701	0.00369781459157638	0.00104364990253992	c16
KREMEN1	0.00215338182162328	0.0015042931078569	0.118764845605701	0.00739562918315276	0.015084093918244	c16
HORMAD2	0.00215163856179075	0.00150979500769947	0.118764845605701	0.00739562918315276	0.015084093918244	c16
SELM	2.54898968977389e-08	0.122016658299483	42.7553444180523	36.6305513441556	5.20834800529057e-07	c16
PIK3IP1	8.4115172819539e-46	0.386248776595927	79.5724465558195	68.1285360352032	1.49956435607489e-43	c16
PIK3IP1-AS1	8.79338632079202e-05	0.011494681306119	1.30641330166271	0.406759605073402	0.000910243805507731	c16
SFI1	6.16364699123341e-05	0.0816162680572484	23.6342042755344	19.5207632289317	0.000661394655167574	c16
RFPL3	1.45295936691946e-08	0.001465122567375	0.118764845605701	0	3.08481492810235e-07	c16
CTA-833B7.2	0.00215163856179075	0.00152066765434964	0.118764845605701	0.00739562918315276	0.015084093918244	c16
NCF4	0.000494823854108436	0.0800582230669689	24.9406175771971	21.3179011204378	0.0041775482185742	c16
CSF2RB	0.0051590563056829	0.0153502510013656	1.66270783847981	0.791332322597345	0.0322862635890936	c16
EIF3L	2.12462467343757e-29	0.279812367253262	75.5344418052257	67.7476611322708	2.13692847005389e-27	c16
SOX10	0.000103328290132975	0.00149419848824493	0.118764845605701	0.00369781459157638	0.00104364990253992	c16
DDX17	0.00736944852010622	0.0565441075488927	63.895486935867	64.9779980031801	0.0437929803238905	c16
RPL3	6.9598767533931e-154	0.483192850027228	99.8812351543943	99.7633398661391	8.37521740460097e-151	c16
ST13	6.70992026008794e-10	0.140869416198443	63.0641330166271	59.7492881706911	1.75123201582806e-08	c16
TNFRSF13C	1.67528245417009e-11	0.0257903436526976	2.73159144893112	0.695189143216359	5.28035238641788e-10	c16
CENPM	4.68952073765956e-07	0.0740181524258579	13.0641330166271	8.52346263358355	7.6592706977148e-06	c16
RP4-566L20.1	0.00215163856179075	0.00186686134520183	0.118764845605701	0.00739562918315276	0.015084093918244	c16
BACH1	2.41424290363362e-08	0.0805659264165634	13.3016627078385	8.33487408941316	4.9480231383839e-07	c16
TIAM1	1.30926284281387e-23	0.181359948025288	25.7719714964371	14.595274192952	9.98061136329653e-22	c16
SOD1	2.86620206240779e-10	0.130691437760412	82.8978622327791	80.971046111748	7.79449655292721e-09	c16
TCP10L	0.00215163856179075	0.00142104326173582	0.118764845605701	0.00739562918315276	0.015084093918244	c16
IFNAR2	0.000950578689897317	0.0785324172495897	30.9976247030879	27.9480826831343	0.00745029038785768	c16
IFNGR2	6.90105187247796e-79	0.168577903256173	15.2019002375297	3.23188995303775	2.27964746854189e-76	c16
AP000318.2	0.00570873753395058	0.00279431698420228	0.237529691211401	0.0369781459157638	0.0352548025053026	c16
SIM2	0.000103328290132975	0.00150045304810217	0.118764845605701	0.00369781459157638	0.00104364990253992	c16
TTC3	1.87947925813986e-09	0.155993685532487	40.9738717339667	35.3548053100618	4.61904989961813e-08	c16
UMODL1	0.000373594984313604	0.00704745062811095	0.831353919239905	0.221868875494583	0.00325437161361494	c16
PDE9A	5.34403375329736e-15	0.0496572882619719	5.70071258907363	1.90067670007026	2.38177081062965e-13	c16
COL18A1	1.2326920690277e-05	0.063576400474388	12.1140142517815	8.19435713493325	0.000155268510556334	c16
MT-ND1	9.84051951286378e-07	0.141510394835668	99.2874109263658	98.6059238989757	1.52444351478819e-05	c16
MT-CO1	5.24053417791841e-06	0.101482384813787	99.8812351543943	99.8446917871538	7.06298234363131e-05	c16
MT-CO2	1.67572534252302e-06	0.0971077038462669	100	99.9149502643937	2.47422829495927e-05	c16
MT-ATP8	0.00094373233603637	0.0791738107190665	99.0498812351544	98.9794031727249	0.0074000738492924	c16
MT-ATP6	3.49850166776558e-09	0.160537244875722	99.2874109263658	99.3269977443331	8.21453067551871e-08	c16
MT-CO3	0.00269478496783292	0.112133607146577	99.8812351543943	99.5821469511519	0.01833934249771	c16
MT-ND3	8.63320487608728e-11	0.159547611175721	99.6437054631829	99.2937174130089	2.50333222973223e-09	c16
MT-ND4L	1.10760850364274e-18	0.175392124757721	100	99.8372961579706	6.3468981159419e-17	c16
MT-ND4	2.22035741844799e-05	0.106790248102843	96.3182897862233	96.0692230891543	0.000263332357821846	c16
MT-ND5	0.00488283643692557	0.0597552109872561	96.5558194774347	96.7459231594128	0.0307863568311696	c16
MT-CYB	9.92101652831988e-10	0.185841183739187	99.8812351543943	99.5599600636024	2.53049758444519e-08	c16
