gene	p_val	avg_log2FC	pct.1	pct.2	p_val_adj	cluster
ARHGEF16	2.18222113608994e-07	0.00368118465054259	0.324149108589951	0.0146692093296171	4.66453191495266e-06	c23
RPL22	6.08566700723575e-196	0.627834128069646	100	99.2372011148599	1.57731126262924e-192	c23
ENO1-AS1	0.000764129121618818	0.0121117078508003	1.78282009724473	0.656447117500367	0.00742618016262603	c23
RP4-798A10.4	4.33814133271821e-06	0.00204013726507676	0.162074554294976	0.00366730233240428	7.24807881978517e-05	c23
RP11-108M9.4	0.00254737007452967	0.0305795329106697	7.61750405186386	4.95452545107819	0.0209650921571086	c23
RP11-108M9.6	0.000223127824478373	0.0198374659881375	2.91734197730956	1.23588088602024	0.00252368879421762	c23
PADI4	0.00459069571461163	0.0169710691519979	2.43111831442464	1.18087135103418	0.0346192706822122	c23
HSPG2	0.00339672005284569	0.00339419806395637	0.324149108589951	0.0476749303212557	0.0267717158972124	c23
TCEA3	1.54749136096234e-33	0.0872617652786872	10.0486223662885	2.35440809740355	2.23781862301567e-31	c23
MDS2	2.71183428659661e-47	0.152943101720257	16.2074554294976	4.18439196127329	5.81990728997364e-45	c23
RPL11	3.14297057545516e-231	0.557542544948709	100	99.9779961860056	2.64748126423465e-227	c23
RCAN3	1.03027717746613e-13	0.177388804521773	39.708265802269	27.757811353968	4.91701971919883e-12	c23
RHCE	0.00188176778678893	0.00835035525206867	1.13452188006483	0.35939562857562	0.0162829807963678	c23
LDLRAP1	1.2733623038362e-32	0.296416908357246	47.8119935170178	27.4717617720405	1.78027674130527e-30	c23
MATN1-AS1	0.00532735769354273	0.0258306932657512	5.18638573743922	3.20155493618894	0.0390687332493498	c23
MARCKSL1	8.15970856167712e-12	0.136140072216501	26.2560777957861	16.3414991931935	3.22313271133821e-10	c23
PABPC4	8.85221237102353e-15	0.17114417501848	34.0356564019449	21.915798738448	4.66041318170729e-13	c23
HPCAL4	2.78130580175476e-07	0.0264501446406386	2.91734197730956	0.902156373771454	5.84977014259206e-06	c23
CITED4	5.52554942672744e-05	0.0298478652977191	4.86223662884927	2.35807539973595	0.000729251321520386	c23
KDM4A-AS1	6.51176090368105e-06	0.014071757359879	1.62074554294976	0.41073786122928	0.000105382935585317	c23
C1orf228	2.0442240725309e-26	0.236741301229844	36.7909238249595	19.8804459439636	2.08090893957269e-24	c23
RPS8	1.29026479555313e-214	0.588765445784131	100	99.9926653953352	7.24569700356122e-211	c23
BEND5	0.000380105755404188	0.0123319093306977	1.62074554294976	0.53909344286343	0.00400477902519972	c23
HOOK1	0.000178903727745921	0.0257217596565573	3.72771474878444	1.72729939856242	0.00206508468745154	c23
RP4-535B20.1	7.74363361439285e-07	0.0115287648212092	1.45867098865478	0.304386093589556	1.51430058620634e-05	c23
AK5	3.20935971353921e-80	0.09129629779219	9.07617504051864	0.942496699427901	1.24294443894241e-77	c23
RP11-475O6.1	6.72345152083957e-12	0.028013859939424	3.24149108589951	0.748129675810474	2.70657079501993e-10	c23
MCOLN3	0.00124213204094676	0.00282574527644058	0.324149108589951	0.0403403256564471	0.011369844332426	c23
SYDE2	8.35107541175761e-06	0.0184883729973664	2.75526742301459	0.953498606425114	0.000131794442587242	c23
RPL5	7.25470605548005e-176	0.607001203750927	100	99.5415872084495	1.22220032916672e-172	c23
RP4-561L24.3	3.40542849048631e-05	0.00669709642175976	0.648298217179903	0.0953498606425114	0.000471028356151255	c23
PALMD	4.33814133271821e-06	0.00340921460787893	0.162074554294976	0.00366730233240428	7.24807881978517e-05	c23
RP5-837M10.4	0.00684596893407927	0.00215284747652491	0.162074554294976	0.0146692093296171	0.0479209344436671	c23
DPH5	0.00325165012782159	0.0466230632363043	12.3176661264182	9.06923866803579	0.0258703894703236	c23
RP11-421L21.3	7.55559649182054e-05	0.0337845002234764	6.96920583468395	3.84333284435969	0.000961761496771444	c23
RP4-575N6.4	5.41646402292236e-08	0.0386175924111967	5.83468395461913	2.3984157253924	1.27445767310297e-06	c23
S1PR1	7.28112780744435e-18	0.184133055283106	31.9286871961102	18.5492151973009	4.72698112416243e-16	c23
AMIGO1	7.01801487129223e-06	0.0283433374494106	3.88978930307942	1.58060730526625	0.000112656023379381	c23
GSTM2	2.38278778699695e-13	0.0625940654087936	8.58995137763371	3.24922986651019	1.10738829924242e-11	c23
GSTM3	7.42701477514722e-12	0.0306530152210543	3.88978930307942	1.01217544374358	2.96499805490297e-10	c23
DENND2D	0.0001162023779417	0.127429360140432	65.8022690437601	58.046061317295	0.00141654230186962	c23
C1orf162	4.38707019693089e-58	0.353118454439995	41.9773095623987	17.4783629162388	1.13706110165684e-55	c23
MAGI3	0.00564455511264336	0.0127916787578652	1.62074554294976	0.682118233827197	0.0410595077645521	c23
NBPF15	0.00577503266991487	0.0560509505922291	23.3387358184765	19.2716737567845	0.0418820384804373	c23
AC241585.2	0.00562915348834432	0.0623620343170391	29.0113452188006	24.6699427900836	0.0409563156200116	c23
TXNIP	1.20623258075425e-06	0.246548134350957	97.0826580226904	93.7729206395775	2.29231813739051e-05	c23
BCL9	0.00576950414021489	0.0149853454261619	2.26904376012966	1.09285609505648	0.0418689796468663	c23
THEM4	1.50311103680863e-10	0.154719356847136	40.3565640194489	29.0376998679771	4.97503175581828e-09	c23
RPS27	1.10858548000828e-67	0.270989607858714	100	100	3.49090459471019e-65	c23
RP11-350G8.5	4.12261514062654e-05	0.0151042509061943	1.78282009724473	0.535426140531025	0.000560562528443385	c23
IL6R	9.95554057848834e-09	0.106186919270513	22.6904376012966	14.8122341205809	2.60436323176697e-07	c23
CD48	1.84976376197139e-15	0.247684815605468	88.3306320907618	80.3982690332991	1.03876566993107e-13	c23
GPA33	2.97718645402051e-10	0.0457712985878545	6.15883306320908	2.27372744609066	9.44569871768052e-09	c23
SELL	3.21029212257625e-95	0.851233462143246	87.6823338735819	51.3202288396655	1.40477380231278e-92	c23
RALGPS2	4.71038327528831e-05	0.0240183698919209	3.56564019448947	1.51826316561537	0.00063005817418644	c23
NUAK2	1.27837277911147e-06	0.0409991772942242	7.45542949756888	3.68563884406631	2.41850041658517e-05	c23
FCMR	2.60301454015013e-13	0.237511098621162	69.2058346839546	54.6758104738155	1.20475236148103e-11	c23
C4BPB	2.62804077801678e-13	0.00508038496611344	0.486223662884927	0.0146692093296171	1.21466674862136e-11	c23
CD55	7.23729413060109e-14	0.156937720068341	27.2285251215559	16.5285316121461	3.50868184800681e-12	c23
TRAF3IP3	0.000662382895288091	0.105882120219938	74.3922204213938	70.2325069678744	0.00655457541081848	c23
LYPLAL1-AS1	2.18085021414191e-08	0.00966947192744141	0.972447325769854	0.121020976969341	5.4390501195631e-07	c23
TLR5	0.000634164739782292	0.00590321859306819	0.810372771474878	0.187032418952618	0.0062975380908413	c23
SUSD4	3.35247914197374e-16	0.0234691571537498	2.59319286871961	0.392401349567258	1.96449447321153e-14	c23
TMEM63A	8.84089876539276e-06	0.0739304929597599	19.773095623987	13.5946897462227	0.000138680280726789	c23
RP5-1065P14.3	2.97809808167374e-11	0.00183507747310518	0.162074554294976	0	1.0640937090553e-09	c23
TOMM20	2.16321029284547e-06	0.14255316318122	68.7196110210697	63.3233093736248	3.90581803371755e-05	c23
CHRM3-AS2	4.97249414481355e-85	0.23395808569216	24.3111831442464	5.62564177790817	1.9945621156589e-82	c23
RP11-11N7.4	0.00422547075805518	0.00903064668971106	1.13452188006483	0.392401349567258	0.032276810637477	c23
EFCAB2	0.0053575445189169	0.0350075342072883	10.5348460291734	7.54730820008802	0.039251381826568	c23
OR2C3	9.20495754372902e-09	0.00297912111593151	0.324149108589951	0.0110019069972129	2.41928111917633e-07	c23
OR2L13	0.00471544466433311	0.00361042787868254	0.486223662884927	0.10268446530732	0.0353779097127677	c23
SH3YL1	1.08286643177213e-14	0.121583715041925	20.7455429497569	11.0789203461933	5.64800333624307e-13	c23
RPS7	3.21626318833939e-59	0.236342223779241	100	99.9486577673463	8.73941708612157e-57	c23
RNF144A	2.7682166572466e-31	0.11958944280111	16.2074554294976	5.28824996332698	3.64344890817449e-29	c23
GDF7	0.00024786133237103	0.00169985935094722	0.162074554294976	0.00733460466480857	0.0027456912533772	c23
KLHL29	0.00459217128983965	0.00513403824166876	0.648298217179903	0.165028604958193	0.0346226492369338	c23
KRTCAP3	3.88630510375746e-06	0.0330272962230772	4.70016207455429	2.02801818981957	6.63794899465142e-05	c23
AC109642.1	2.97809808167374e-11	0.00183300158523455	0.162074554294976	0	1.0640937090553e-09	c23
AC016735.2	0.000248134085194205	0.00141762921327442	0.162074554294976	0.00733460466480857	0.0027456912533772	c23
SPTBN1	0.00226893929414509	0.0630459821618893	19.773095623987	15.6777174710283	0.0189795532713318	c23
RPS27A	1.19442941390715e-173	0.453653622704272	100	99.981663488338	1.82932293964488e-170	c23
CFAP36	0.00235584762272882	0.059013555596876	21.5559157212318	17.1593076133196	0.019633423151181	c23
ADD2	0.0034174213400985	0.00264463128443394	0.324149108589951	0.0476749303212557	0.0269222807185595	c23
RP11-467P9.1	0.000282576958106353	0.00528742810141091	0.648298217179903	0.117353674636937	0.00308028082382253	c23
TRABD2A	2.55240545870846e-58	0.272104984780415	31.9286871961102	11.4713216957606	6.66672476943587e-56	c23
THNSL2	0.00097895278405076	0.00921959915556849	1.29659643435981	0.414405163561684	0.00922910887123847	c23
AC103563.8	7.61089870569953e-16	0.0165550408701418	1.62074554294976	0.165028604958193	4.38543635973219e-14	c23
MAL	7.23429981278013e-89	0.464456246918575	54.6191247974068	21.5417339005428	3.0092900974298e-86	c23
MGAT4A	0.00166876065636443	0.0771294389480368	35.1701782820097	29.290743728913	0.014615862114776	c23
TSGA10	0.0039887217228027	0.0277007271109886	6.645056726094	4.26873991491859	0.0307190833664261	c23
AFF3	8.68098707604826e-10	0.0264902087095899	3.07941653160454	0.795804606131729	2.61391580465031e-08	c23
NPAS2	1.50171767274547e-05	0.00758155067909479	0.972447325769854	0.183365116620214	0.000224783986075014	c23
RPL31	1.10214693410238e-73	0.399333864613109	99.5137763371151	97.414551855655	3.82842668016963e-71	c23
UTAT33	0.00194677456703836	0.00133516539174462	0.162074554294976	0.0110019069972129	0.016657856101568	c23
EDAR	5.49801439168837e-28	0.0336917408526414	3.24149108589951	0.355728326243215	6.13410916932278e-26	c23
MALL	2.12356461227813e-06	0.00353771645887865	0.324149108589951	0.0183365116620214	3.84684871215587e-05	c23
AC012442.6	4.33814133271821e-06	0.00128386860056521	0.162074554294976	0.00366730233240428	7.24807881978517e-05	c23
AC009312.1	0.000247588860783855	0.00187920846997754	0.162074554294976	0.00733460466480857	0.0027456912533772	c23
LIMS2	0.00107642747773277	0.04019831038413	8.91410048622366	5.88235294117647	0.0100524244553016	c23
RP11-395A13.2	1.21302199676395e-05	0.0187999800567225	2.59319286871961	0.887487164441837	0.000184771985347941	c23
AC079776.1	2.12163324333178e-06	0.00301454208101549	0.324149108589951	0.0183365116620214	3.84541745566547e-05	c23
ACMSD	2.97809808167374e-11	0.00208991387892835	0.162074554294976	0	1.0640937090553e-09	c23
RPRM	0.00213143411822565	0.00299349462621295	0.324149108589951	0.0440076279888514	0.0180036453195024	c23
ACVR1C	1.05218461299084e-05	0.0208752955154276	2.91734197730956	1.05251576940003	0.000162476206920776	c23
CERS6	6.42688338140113e-11	0.0472830143729411	6.32090761750405	2.29939856241749	2.21645249388874e-09	c23
METAP1D	1.97671847718376e-11	0.0569389168156421	8.26580226904376	3.32257591315828	7.42514519177588e-10	c23
ITGA6	1.62449149662401e-21	0.145849215623387	22.0421393841167	10.2721138330644	1.26996789993618e-19	c23
RP11-394I13.2	9.20495754372902e-09	0.00349016638116661	0.324149108589951	0.0110019069972129	2.41928111917633e-07	c23
AC073834.3	0.00514729673501899	0.00301957091744335	0.324149108589951	0.05134223265366	0.0379503317701816	c23
RP11-171I2.3	0.000247588860783855	0.00191886138094377	0.162074554294976	0.00733460466480857	0.0027456912533772	c23
RP11-171I2.1	4.34531940878674e-06	0.00157897772415112	0.162074554294976	0.00366730233240428	7.24807881978517e-05	c23
SLC40A1	4.42715479182976e-44	0.1618029080709	17.8282009724473	5.15255977702802	8.42760189581422e-42	c23
AC064834.2	0.000204225579567236	0.0091630519116134	0.972447325769854	0.227372744609066	0.00233576940866886	c23
AC020571.3	0.00457942834367032	0.0257608482971542	5.67260940032415	3.54628135543494	0.0345497668185463	c23
PLCL1	0.000558427738688919	0.0311013055112004	6.32090761750405	3.66730233240428	0.00563343240340851	c23
FAM117B	2.43063697908856e-05	0.0363712366749847	6.48298217179903	3.36658354114713	0.00034585254380663	c23
NBEAL1	3.35615801982776e-17	0.266085967248074	75.2025931928687	63.4773360715857	2.09411830222364e-15	c23
EEF1B2	1.21453899971265e-177	0.726118338222669	100	97.3265365996773	2.27348205868434e-174	c23
AC006994.2	0.00144627361477362	0.0104383323901263	1.45867098865478	0.5134223265366	0.0129844772651699	c23
AC073284.4	2.97809808167374e-11	0.00194755999119343	0.162074554294976	0	1.0640937090553e-09	c23
RPL37A	1.19935218312249e-59	0.311014413581998	99.837925445705	99.4352354408097	3.33974978992803e-57	c23
TUBA4B	0.00685046351795318	0.00168841907431394	0.162074554294976	0.0146692093296171	0.0479209344436671	c23
AC009502.4	2.97809808167374e-11	0.00186063806520799	0.162074554294976	0	1.0640937090553e-09	c23
AC097713.4	6.12183743681656e-13	0.0508450774419953	6.48298217179903	2.15270646912131	2.73566565777317e-11	c23
AC104667.3	2.97809808167374e-11	0.00141982028918587	0.162074554294976	0	1.0640937090553e-09	c23
PASK	4.26531003280628e-21	0.297764188448507	46.1912479740681	30.46061317295	3.22955856731179e-19	c23
AC093642.4	0.000131206000883308	0.00309628988253548	0.324149108589951	0.0293384186592343	0.00157662446282532	c23
RPL32	3.81416861186482e-266	0.64369498908975	100	99.9779961860056	1.28514597208173e-261	c23
WNT7A	1.0027176554838e-05	0.0197650149325566	2.75526742301459	0.964500513422327	0.000155335947971822	c23
SATB1	7.70128416800876e-36	0.25062442277893	35.9805510534846	17.2949977996186	1.19030765484811e-33	c23
UBE2E2	1.03701336097462e-08	0.0180161793265716	2.26904376012966	0.524424233533813	2.69815661657751e-07	c23
RPL15	2.36190800859426e-73	0.289202676696231	99.837925445705	99.8239694880446	8.03859883248233e-71	c23
OXSM	0.00679599948766874	0.0289346383954029	6.48298217179903	4.29441103124542	0.0478146599994802	c23
TGFBR2	0.0018013737065864	0.104158063177514	52.998379254457	47.4988998093003	0.0156512340561429	c23
CMTM8	5.40682273876949e-27	0.19714396681114	29.0113452188006	14.0971101657621	5.78341223365394e-25	c23
RPSA	9.4693335262498e-124	0.444205630722373	100	99.655273580754	6.25607301634237e-121	c23
RPL14	1.52050331128285e-136	0.396592960886341	100	99.9413231626815	1.34820627816748e-133	c23
VIPR1	5.92761355106311e-34	0.0859628345069376	10.2106969205835	2.39108112072759	8.68369612997914e-32	c23
VIPR1-AS1	0.00194517345503978	0.00165843586113824	0.162074554294976	0.0110019069972129	0.016657856101568	c23
CDCP1	0.000167358007984539	0.00578583058367524	0.486223662884927	0.0660114419832771	0.00194513995206315	c23
ALS2CL	8.50721769955733e-11	0.0296656464367678	3.24149108589951	0.806806513128942	2.87504707290757e-09	c23
TMIE	3.14734303343577e-07	0.00429740444391331	0.486223662884927	0.0366730233240428	6.58674386140278e-06	c23
ARIH2OS	0.00110238147246727	0.0334426095324077	7.94165316045381	5.03520610239108	0.010266346416062	c23
IMPDH2	4.93065734022914e-11	0.151395866921998	33.54943273906	23.2837025084348	1.73055800439251e-09	c23
RPL29	1.7244362580227e-182	0.477947363787401	100	99.9303212556843	3.417832663401e-179	c23
TLR9	4.33814133271821e-06	0.00184984885420996	0.162074554294976	0.00366730233240428	7.24807881978517e-05	c23
STAB1	0.00194517345503978	0.00174271615942183	0.162074554294976	0.0110019069972129	0.016657856101568	c23
RP11-80H18.3	0.00492063925394923	0.0280037336972692	6.80713128038898	4.4521050315388	0.0366481032322205	c23
RP11-802O23.3	0.00389977808439183	0.00524945376820565	0.648298217179903	0.161361302625788	0.0301235953176291	c23
FHIT	1.29702642602348e-67	0.194455769218855	19.6110210696921	4.56945870617574	4.04648225911436e-65	c23
FOXP1	1.41914558583784e-27	0.316171258503315	61.1021069692058	41.590875751797	1.54746574010421e-25	c23
DCBLD2	0.00146062813205626	0.0080727030838529	0.972447325769854	0.275047674930321	0.0130959032148759	c23
RPL24	2.83513029433006e-67	0.285827322639803	100	99.6809446970808	8.76393395753733e-65	c23
LINC01215	3.2771836676555e-05	0.0404250493471154	7.77957860615883	4.33841865923427	0.000454970854956672	c23
GCSAM	1.7920279423511e-05	0.0481259137434841	9.23824959481361	5.32859028898342	0.00026413206250909	c23
RP11-197K3.1	0.00194677456703836	0.00171688333079304	0.162074554294976	0.0110019069972129	0.016657856101568	c23
ZBTB20-AS4	0.00221690926948314	0.00413548563442435	0.486223662884927	0.0916825583101071	0.0186119310604127	c23
UPK1B	4.34531940878674e-06	0.00149775133732758	0.162074554294976	0.00366730233240428	7.24807881978517e-05	c23
RP11-299J3.8	0.00311777250972676	0.0291242571350851	6.32090761750405	3.98269033299105	0.0249111280395384	c23
PXYLP1	0.00137096369811085	0.0286112334956325	6.15883306320908	3.69297344873111	0.0123842495560716	c23
SLC9A9-AS2	4.33814133271821e-06	0.00179784088166971	0.162074554294976	0.00366730233240428	7.24807881978517e-05	c23
PFN2	0.000357231976013586	0.023059292828544	3.56564019448947	1.68329177057357	0.00379463247156423	c23
SERP1	2.28679757809865e-10	0.174523944938118	81.3614262560778	76.4229133049729	7.36628657709904e-09	c23
EIF2A	3.90716611028652e-05	0.0989906938261872	35.9805510534846	29.7748276367904	0.000533319387355257	c23
GP5	7.39311168646758e-15	0.0132624112840214	1.29659643435981	0.113686372304533	3.91672177930564e-13	c23
RP11-352G9.1	0.000247588860783855	0.00187941682121188	0.162074554294976	0.00733460466480857	0.0027456912533772	c23
TM4SF19-AS1	1.42861723426675e-05	0.0101695706463118	1.13452188006483	0.238374651606278	0.00021518028203569	c23
BDH1	0.00160048011422551	0.0356432085917965	6.80713128038898	4.25407070558897	0.0141317025599356	c23
RPL35A	5.33602304558774e-171	0.442052143161862	100	99.9486577673463	7.49133168741806e-168	c23
ZNF732	0.00194517345503978	0.0016789650137471	0.162074554294976	0.0110019069972129	0.016657856101568	c23
RNF212	0.00165939640441066	0.0152410999190133	2.10696920583468	0.891154466774241	0.014545187942303	c23
RP11-367J11.3	0.00544153429268459	0.00906028623181818	1.29659643435981	0.491418512542174	0.0398234266849945	c23
ADGRA3	0.000130387259823659	0.00332113024077621	0.324149108589951	0.0293384186592343	0.0015690244044637	c23
KLF3	7.24570930304655e-11	0.137867202921873	28.5251215559157	18.3915211970075	2.47854750514569e-09	c23
RPL9	2.75040820604299e-140	0.567350129943152	100	99.6039313481003	2.50465551606521e-137	c23
CORIN	2.18455254994815e-07	0.003868898449012	0.324149108589951	0.0146692093296171	4.66453191495266e-06	c23
TXK	3.97278797730232e-44	0.305746287287085	38.4116693679092	17.43435528825	7.60563171063775e-42	c23
RP11-646I6.6	0.000248134085194205	0.00162211905328722	0.162074554294976	0.00733460466480857	0.0027456912533772	c23
THEGL	0.00513953030538138	0.00305261770000071	0.324149108589951	0.05134223265366	0.0379262667782567	c23
STAP1	1.55369554956772e-08	0.0286956867737363	3.56564019448947	1.10752530438609	3.9509598375196e-07	c23
TMPRSS11E	2.27215407076084e-13	0.00969281325893718	0.648298217179903	0.0293384186592343	1.06035954654039e-11	c23
SULT1B1	5.61495023483514e-13	0.0236022366434267	2.59319286871961	0.476749303212557	2.51582623952839e-11	c23
RP11-46J23.1	0.00194357355213569	0.00166094550092386	0.162074554294976	0.0110019069972129	0.016657856101568	c23
EPGN	0.00263222887016491	0.00653840514209913	0.810372771474878	0.220038139944257	0.0215844048555211	c23
AREG	2.93190960190548e-10	0.152726327157143	26.418152350081	16.8439196127329	9.31081641155545e-09	c23
PLAC8	2.0756456532421e-37	0.248073446058058	35.9805510534846	16.572539240135	3.34625859523155e-35	c23
FAM175A	3.4393313507896e-05	0.06485806663786	14.1004862236629	9.42863429661141	0.000475522488853118	c23
RP11-571L19.8	0.00024786133237103	0.00155731896893204	0.162074554294976	0.00733460466480857	0.0027456912533772	c23
LEF1	3.40263233062174e-72	0.522577355517112	67.5850891410049	36.68402523104	1.12400287988205e-69	c23
RPL34	2.9175705057856e-207	0.54064475021108	100	99.981663488338	1.22880775777425e-203	c23
CCDC109B	5.49839822610345e-08	0.160165290884181	61.5883306320908	53.4509314947924	1.29283342519421e-06	c23
ALPK1	4.12671832071355e-05	0.0288990902268529	5.67260940032415	2.86783042394015	0.000560894098822599	c23
ARSJ	5.10878313703006e-05	0.00652376384483111	0.648298217179903	0.0990171629749156	0.000679571018630441	c23
SNHG8	1.73026406772185e-17	0.268710720567745	75.2025931928687	63.4773360715857	1.10207027406087e-15	c23
RP11-745L13.2	0.000248134085194205	0.000920024092118373	0.162074554294976	0.00733460466480857	0.0027456912533772	c23
INPP4B	0.00588462109637736	0.0823670523914263	45.7050243111831	40.4723485404137	0.0425700635221765	c23
RP11-223C24.1	0.000123544707426744	0.0359847358438604	6.48298217179903	3.59028898342379	0.00149630315314045	c23
RPS3A	4.39883411472261e-250	0.662941838525396	100	99.9413231626815	7.41071583307319e-246	c23
RP11-18H21.1	1.10388519211654e-12	0.147001284309653	32.4149108589951	20.4928854334751	4.81791550041124e-11	c23
KIAA0922	7.61322776539975e-07	0.104589684027352	25.2836304700162	18.1568138477336	1.49139590888011e-05	c23
RNF175	2.84310856101951e-22	0.0249986292564092	2.59319286871961	0.289716884259938	2.35949999642836e-20	c23
RP11-218F10.3	0.00620236227419569	0.00526739829944453	0.648298217179903	0.172363209623001	0.0445074989248406	c23
FAM134B	1.17902268648203e-12	0.125760471262845	22.5283630470016	13.1179404430101	5.13255689900845e-11	c23
CTC-461F20.1	3.48030135964043e-06	0.00980551863174951	1.13452188006483	0.216370837611853	6.0197779266799e-05	c23
MYO10	0.00013095987128063	0.00290210194986724	0.324149108589951	0.0293384186592343	0.0015742282921618	c23
RAI14	0.00388670553013096	0.00583178261862217	0.648298217179903	0.161361302625788	0.030057070491676	c23
IL7R	1.83021625774649e-08	0.386980992693604	95.2998379254457	79.5071145665249	4.61581636141544e-07	c23
RPL37	1.51246157903662e-168	0.485218527136191	100	99.9669942790084	1.96003386323307e-165	c23
ANXA2R	1.66556214045477e-06	0.112288560481114	36.3047001620746	27.4424233533813	3.08010157851169e-05	c23
CTD-2366F13.1	0.00567652649851125	0.0142565780981919	2.26904376012966	1.08918879272407	0.0412742520157182	c23
FST	5.22336386275901e-08	0.0208745662527809	2.43111831442464	0.627108698841132	1.23419370260731e-06	c23
RP11-506H20.1	4.34531940878674e-06	0.00165342053947436	0.162074554294976	0.00366730233240428	7.24807881978517e-05	c23
IL6ST	1.07470947288159e-22	0.279412932914857	52.3500810372771	35.1107525304386	9.16740784285377e-21	c23
FLJ31104	9.51653982053903e-05	0.0221582314164325	3.07941653160454	1.27622121167669	0.00118364818277313	c23
ANKRD55	1.4729806196403e-39	0.154262902010505	17.0178282009724	5.05720991638551	2.46918452727166e-37	c23
CTD-2116N20.1	0.00024786133237103	0.00139001721944944	0.162074554294976	0.00733460466480857	0.0027456912533772	c23
BTF3	1.77880347173111e-17	0.163151739288165	98.0551053484603	97.260525157694	1.13084913540581e-15	c23
NSA2	3.71754256250605e-15	0.231916470691675	72.2852512155592	62.3918145811941	2.03012770017956e-13	c23
CTD-2235C13.3	2.97809808167374e-11	0.00187069897266197	0.162074554294976	0	1.0640937090553e-09	c23
F2RL1	0.000475604606290079	0.0183533007970966	2.59319286871961	1.09652339738888	0.00488270006226019	c23
SERINC5	5.47642694429348e-43	0.316055162968518	44.0842787682334	21.9451371571072	1.00284092098383e-40	c23
RASGRF2-AS1	0.00514341219542235	0.00282587479495329	0.324149108589951	0.05134223265366	0.0379299913575314	c23
RASGRF2	0.00488996660348385	0.021709984360441	4.53808752025932	2.68446530731994	0.0364760980158922	c23
CKMT2	0.00024786133237103	0.00135657141460381	0.162074554294976	0.00733460466480857	0.0027456912533772	c23
SSBP2	4.56604171030287e-07	0.0739584916565965	15.7212317666126	9.69268006454452	9.32978831940236e-06	c23
RPS23	5.06590601460438e-198	0.493752615456327	100	99.9779961860056	1.55173306596436e-194	c23
COX7C	7.80393352219728e-12	0.153200512294288	98.2171799027553	96.1860055742995	3.09712292222515e-10	c23
RFESD	0.00384310464821632	0.0228760411540023	4.53808752025932	2.64779228399589	0.0297882604133887	c23
RHOBTB3	2.87739912364795e-27	0.0222132175315435	2.10696920583468	0.15402669796098	3.10740660487802e-25	c23
RGMB	2.2698621078894e-11	0.0330922363003058	3.72771474878444	0.975502420419539	8.45090981914093e-10	c23
AC008522.1	0.000108373173383583	0.00536823463618087	0.648298217179903	0.106351767639724	0.0013283105507408	c23
CAMK4	6.25328543616615e-14	0.220532128801909	58.6709886547812	45.4232066891595	3.07140232487146e-12	c23
EPB41L4A-AS1	7.5410467168563e-11	0.156033492563581	37.7633711507293	27.0903623294704	2.57434678903502e-09	c23
ACSL6	0.00157404826230656	0.0375595918683197	8.75202593192869	5.76499926653953	0.0139129019281629	c23
IL3	0.000248134085194205	0.00147515244239024	0.162074554294976	0.00733460466480857	0.0027456912533772	c23
TCF7	1.77987223079849e-83	0.602006211758246	72.9335494327391	38.7670529558457	7.05541352288521e-81	c23
CDKL3	0.00606904823404849	0.0111534930638128	1.62074554294976	0.685785536159601	0.0436665622887102	c23
KLHL3	1.82752981264796e-05	0.0199773685281819	2.91734197730956	1.08185418805926	0.000268542474955781	c23
EIF4EBP3	9.30084303450392e-16	0.0653065483378715	8.91410048622366	3.13187619187326	5.32058752469567e-14	c23
CTD-2024I7.13	0.00194517345503978	0.00140385765448632	0.162074554294976	0.0110019069972129	0.016657856101568	c23
NDFIP1	1.68486518840248e-25	0.324810867107309	77.4716369529984	66.0004400762799	1.63601866449664e-23	c23
GPR151	0.00024786133237103	0.00146138047861659	0.162074554294976	0.00733460466480857	0.0027456912533772	c23
SPINK9	0.00194517345503978	0.00166974949525274	0.162074554294976	0.0110019069972129	0.016657856101568	c23
RPS14	2.82816773561061e-167	0.447097417489209	100	99.9853307906704	3.5293438401357e-164	c23
NPM1	4.04897216412158e-43	0.338062902761537	98.5413290113452	94.194660407804	7.49593780757761e-41	c23
HRH2	4.84695873509591e-05	0.0402592864107746	6.15883306320908	3.26756637817222	0.000646785851961669	c23
FAM153B	2.06497066866009e-10	0.0374830815968015	4.53808752025932	1.41924600264046	6.70299823794154e-09	c23
FAM153A	6.25150820519421e-11	0.0298370653200507	3.24149108589951	0.799471908464134	2.1581794822317e-09	c23
ZNF879	4.70033420298443e-05	0.0214637163102317	2.91734197730956	1.13686372304533	0.00062896370387354	c23
CTC-338M12.1	4.33814133271821e-06	0.00277769662562343	0.162074554294976	0.00366730233240428	7.24807881978517e-05	c23
GNB2L1	3.53924966447354e-102	0.372234018064566	100	99.6809446970808	1.65627053048294e-99	c23
RP11-157J24.2	4.34531940878674e-06	0.00154517977568015	0.162074554294976	0.00366730233240428	7.24807881978517e-05	c23
SLC22A23	0.00717112360390594	0.00448585926991566	0.486223662884927	0.110019069972128	0.0497988125948076	c23
LY86	0.00126806115887697	0.00517073128369274	0.648298217179903	0.139357488631363	0.0115759198054555	c23
ERVFRD-1	2.97809808167374e-11	0.00132566929233992	0.162074554294976	0	1.0640937090553e-09	c23
ADTRP	1.29482166388534e-33	0.168830932300479	19.773095623987	7.1072319201995	1.88050522167899e-31	c23
NHLRC1	1.35418836210492e-05	0.00789363654455973	0.810372771474878	0.132022883966554	0.00020479363856716	c23
C6orf229	0.00685946064052373	0.00137221354858262	0.162074554294976	0.0146692093296171	0.0479209344436671	c23
FAM65B	3.25559202561909e-24	0.283528849855038	54.2949756888169	35.3564617867097	2.97273489732275e-22	c23
HIST1H4B	0.000380597649524822	0.0230647011819045	3.88978930307942	1.89599530585301	0.00400870809724581	c23
HIST1H4C	1.18029739906358e-06	0.159209094058771	72.4473257698541	65.4796831450785	2.24683280022872e-05	c23
ZNF311	0.00194837688894995	0.00145540262189069	0.162074554294976	0.0110019069972129	0.016657856101568	c23
XXbac-BPG252P9.10	0.00693198195307694	0.00806966643195605	1.13452188006483	0.414405163561684	0.0483451998116176	c23
LINC00243	3.80661004765248e-14	0.0732844582219379	11.0210696920583	4.50711456652486	1.90862974621433e-12	c23
LTB	2.9283680358435e-51	0.721061254808455	97.7309562398703	76.3569018629896	6.85197448609104e-49	c23
AIF1	9.32167546349322e-56	0.183962163584196	20.259319286872	5.40193633563151	2.36153784260857e-53	c23
C6orf48	3.18306029420703e-22	0.269300349469079	57.6985413290113	41.2681531465454	2.62867729296598e-20	c23
PRRT1	0.000672516732210706	0.0103394809955227	1.45867098865478	0.480416605544961	0.0066373107132711	c23
GPSM3	2.54736625010357e-14	0.236125788051637	87.1961102106969	77.9045034472642	1.30244246481016e-12	c23
RPS18	7.84883460056765e-127	0.459061349528608	100	99.9486577673463	5.50955485482347e-124	c23
RPL10A	9.43826051818513e-111	0.443515473307925	99.6758508914101	99.3582220918292	4.96894921718328e-108	c23
PI16	0.000423814289236851	0.0173725573539429	2.75526742301459	1.18087135103418	0.00439519811066373	c23
CCND3	1.86629698266149e-06	0.151724716597318	73.419773095624	64.6838785389467	3.41384422007579e-05	c23
DST	0.00235754584764142	0.00653640311840311	0.972447325769854	0.289716884259938	0.0196427175545079	c23
RAB23	0.000614994861308222	0.00796329334199885	0.810372771474878	0.187032418952618	0.00613429155030173	c23
EEF1A1	1.28021654340672e-192	0.461284005636561	100	99.9963326976676	3.08111544382473e-189	c23
BACH2	4.1085238451598e-35	0.167594777661148	22.2042139384117	8.25143024790964	6.15256010839174e-33	c23
SCML4	3.37874244524444e-05	0.126277366968396	50.0810372771475	41.935602171043	0.000467721232333879	c23
SESN1	0.000578057584827638	0.0863941620259805	29.3354943273906	23.4964060437142	0.005812316402024	c23
RP11-351A11.1	0.00275253704494401	0.00650991378994629	0.648298217179903	0.15402669796098	0.0224398701167055	c23
HSF2	0.000107354532809921	0.0531623753929982	10.8589951377634	6.99354554789497	0.00131822289668275	c23
RPS12	1.2809137608442e-220	0.562564331462607	100	99.9926653953352	8.63182165157692e-217	c23
HBS1L	0.00503671471531767	0.0572889213244281	20.5834683954619	16.953938682705	0.0373392883647774	c23
ECT2L	0.00685046351795318	0.00151048740403037	0.162074554294976	0.0146692093296171	0.0479209344436671	c23
AIG1	1.8195686508822e-06	0.0619859776677723	12.3176661264182	7.29059703681972	3.33742766046951e-05	c23
PARK2	0.00195784237991186	0.0166574296492543	2.26904376012966	1.00117353674637	0.0167302919474386	c23
RNASET2	2.9688934350531e-11	0.194349564261198	64.8298217179903	54.1403843332844	1.0640937090553e-09	c23
RP3-470B24.5	2.97809808167374e-11	0.0017704775176963	0.162074554294976	0	1.0640937090553e-09	c23
LINC01624	0.00514147091930596	0.00326961664284656	0.324149108589951	0.05134223265366	0.0379299913575314	c23
GPR146	8.95865489092566e-05	0.0173338018758688	2.59319286871961	0.990171629749157	0.00112004793281948	c23
SDK1	0.00123626975529851	0.00329348366158542	0.324149108589951	0.0403403256564471	0.0113315759344472	c23
OCM	0.00716747575769104	0.00439222467940586	0.486223662884927	0.110019069972128	0.0497940058102354	c23
AC073343.13	0.00684147700001374	0.00212509571400095	0.162074554294976	0.0146692093296171	0.0479209344436671	c23
TMEM106B	0.00128779544585369	0.0769794106912488	28.0388978930308	23.3240428340912	0.0117272918250255	c23
CDCA7L	1.97422897002951e-05	0.0259998895837045	4.37601296596434	1.95100484083908	0.000288088657064419	c23
TOMM7	3.32262846051385e-39	0.286781416254638	98.5413290113452	96.7324336218278	5.54221006676008e-37	c23
AC005082.12	0.000131370329380693	0.00295202409816901	0.324149108589951	0.0293384186592343	0.00157803632019718	c23
KIAA0895	1.92600566675723e-05	0.00690400935364435	0.810372771474878	0.135690186298958	0.000282028835009639	c23
AEBP1	3.52322954739054e-05	0.0125561838608267	1.45867098865478	0.38506674490245	0.000486124882759119	c23
GCK	0.00717659849790861	0.00383227152176911	0.486223662884927	0.110019069972128	0.0498265629071776	c23
ZPBP	8.18231950724636e-11	0.00307078163871602	0.324149108589951	0.00733460466480857	2.7735922885026e-09	c23
NUPR2	2.22738713501856e-05	0.00571556620762505	0.648298217179903	0.0916825583101071	0.000319224083910316	c23
HSPB1	0.00183647239951554	0.0937567543023093	59.967585089141	53.7333137743876	0.015927439132375	c23
SSC4D	5.67932732767355e-10	0.00668303293555906	0.648298217179903	0.0440076279888514	1.75237412984096e-08	c23
SEMA3A	2.18077803987464e-10	0.00514954277915407	0.486223662884927	0.0220038139944257	7.04497941280310e-09	c23
AC074183.4	0.00166945475477547	0.00382188233448845	0.486223662884927	0.0880152559777028	0.0146172807676997	c23
TMEM243	1.49065860860736e-07	0.154435298131966	58.6709886547812	50.9314947924307	3.2572147314148e-06	c23
TECPR1	0.000383319494655109	0.0616891124622585	14.7487844408428	10.613172949978	0.00403130686620196	c23
GS1-259H13.13	0.000247588860783855	0.00217342358571414	0.162074554294976	0.00733460466480857	0.0027456912533772	c23
GAL3ST4	1.02159377647713e-08	0.0157199192605377	1.78282009724473	0.348393721578407	2.66627271143458e-07	c23
SPDYE6	4.33814133271821e-06	0.00209552565662639	0.162074554294976	0.00366730233240428	7.24807881978517e-05	c23
SYPL1	0.00577748314268821	0.0680163648346923	39.0599675850891	34.4286342966114	0.0418907934172017	c23
LRRN3	6.82327443051783e-11	0.035371965682146	4.21393841166937	1.22487897902303	2.34356176005982e-09	c23
TSPAN12	0.00031566249292878	0.00420924693528576	0.324149108589951	0.0330057209916386	0.00339372432569952	c23
RP11-744I24.2	0.000663808829166565	0.00290715579405045	0.324149108589951	0.0366730233240428	0.00656482967124692	c23
TRBV2	0.000916281262238556	0.0686629518505759	6.15883306320908	3.60495819275341	0.00869105440818777	c23
TRBV12-5	0.00457118619308578	0.0170364364045968	1.45867098865478	0.572099163855068	0.0345185001321901	c23
ZNF467	0.00481005517600008	0.00824409662661192	0.972447325769854	0.315388000586768	0.0359675985575115	c23
GIMAP7	6.66016185815228e-14	0.26008049059389	85.7374392220421	76.5622707936042	3.2570028105745e-12	c23
GIMAP2	0.00140525412700279	0.0821201566834895	44.8946515397083	38.2609652339739	0.0126566780420294	c23
GIMAP5	1.39768569424253e-10	0.136698171273337	29.0113452188006	19.1323162681531	4.65351993891381e-09	c23
KCNH2	5.79961626885177e-07	0.00887050626949171	0.972447325769854	0.146692093296171	1.16178519954038e-05	c23
ATG9B	0.000577051813950986	0.0310798472184288	4.86223662884927	2.63312307466628	0.00580393546843717	c23
SLC25A6	3.72151289030292e-07	0.147132165820753	90.5996758508914	86.6986944403697	7.68808432408747e-06	c23
ARSD-AS1	4.34531940878674e-06	0.00179953943402347	0.162074554294976	0.00366730233240428	7.24807881978517e-05	c23
TBL1X	0.000557142036745722	0.035302232042183	6.96920583468395	4.17705735660848	0.00562214548850266	c23
MSL3	0.00586771789193994	0.0636495229399348	24.3111831442464	20.2875165028605	0.0424719412784155	c23
RP1-122K4.3	4.34531940878674e-06	0.00179849040073621	0.162074554294976	0.00366730233240428	7.24807881978517e-05	c23
SCML1	1.64976937830948e-43	0.207265342396594	26.742301458671	9.86871057649993	3.07112317308064e-41	c23
RAI2	0.000275627093151176	0.00811758671847934	0.810372771474878	0.172363209623001	0.00301525301189472	c23
PHKA2-AS1	0.000247588860783855	0.00163227393680733	0.162074554294976	0.00733460466480857	0.0027456912533772	c23
CNKSR2	0.00155819853435706	0.0146860882910382	2.10696920583468	0.883819862109432	0.0138054013717136	c23
EIF2S3	5.16673188609996e-26	0.321564682773698	69.0437601296596	54.5144491711897	5.13533522626112e-24	c23
TSPAN7	6.29861576289494e-08	0.00642548153657461	0.648298217179903	0.0586768373184685	1.4631842205392e-06	c23
CFP	1.44353969373021e-07	0.0431793170945764	6.80713128038898	3.08786856388441	3.1583523662692e-06	c23
UXT	4.30686689211219e-13	0.209727187692303	74.2301458670989	66.6348833797858	1.94524896867062e-11	c23
RP11-236P24.3	2.97809808167374e-11	0.00194755999119343	0.162074554294976	0	1.0640937090553e-09	c23
WNK3	0.000130877924811613	0.00304877457591817	0.324149108589951	0.0293384186592343	0.00157380471042201	c23
ZC4H2	2.92239291690025e-05	0.0262741016437241	4.70016207455429	2.17837758544814	0.000409596950674031	c23
EDA	1.26789112235111e-07	0.0293825982837994	4.05186385737439	1.44124981663488	2.79766361994095e-06	c23
NHSL2	0.00192065609296234	0.0259714970630967	5.3484602917342	3.13921079653807	0.0165849785741346	c23
RPS4X	2.31258585099701e-146	0.44601750718564	100	99.9743288836732	2.22629336181409e-143	c23
KIAA2022	2.34768292616541e-21	0.0144313241181786	1.29659643435981	0.0733460466480857	1.80188675431019e-19	c23
LPAR4	2.97809808167374e-11	0.00228601790066749	0.162074554294976	0	1.0640937090553e-09	c23
RPL36A	2.47498427587213e-18	0.255310922676982	83.9546191247974	76.4522517236321	1.64157716911881e-16	c23
TCEAL2	0.00198500371910803	0.0100297013712411	1.29659643435981	0.443743582220918	0.0169366207423717	c23
BEX5	0.00323008688051659	0.0261773635257263	5.02431118314425	2.9925187032419	0.0257170480510695	c23
BEX1	6.79808546192509e-05	0.0107378762429096	1.13452188006483	0.267713070265513	0.000874588360267675	c23
BEX4	1.02886193598613e-08	0.102717005440327	23.8249594813614	15.6153733313774	2.68108848191158e-07	c23
BEX2	5.25424584504798e-11	0.118478852822308	23.5008103727715	14.3354848173683	1.83457574614556e-09	c23
NGFRAP1	1.38445440628168e-16	0.128366662911513	22.2042139384117	11.4163121607745	8.34486704208495e-15	c23
VSIG1	2.10583298919481e-05	0.0389925823652331	6.32090761750405	3.24922986651019	0.000304523333639184	c23
RPL39	6.30460520048105e-175	0.479002253160743	100	99.9449904650139	1.01155889345242e-171	c23
GPC3	0.00684596893407927	0.00186118191312039	0.162074554294976	0.0146692093296171	0.0479209344436671	c23
CD40LG	1.02187617697645e-30	0.279825072717406	48.2982171799027	26.3385653513276	1.32427291950172e-28	c23
LDOC1	4.99521077947831e-05	0.041343769655558	7.94165316045381	4.53278568285169	0.000665251509896214	c23
RP11-66N11.7	0.00024786133237103	0.00163184657291259	0.162074554294976	0.00733460466480857	0.0027456912533772	c23
PNCK	2.97809808167374e-11	0.00164467031047272	0.162074554294976	0	1.0640937090553e-09	c23
TKTL1	0.000255803550124634	0.0135830817133594	1.78282009724473	0.605104884846707	0.0028240644881715	c23
RPL10	2.60664682390941e-177	0.413700962243058	100	99.9926653953352	4.62254516235809e-174	c23
CTD-2336O2.1	0.00505153707191477	0.0559839196235977	20.097244732577	16.2168109138917	0.0374327007040018	c23
ARHGEF10	0.000155519853924236	0.00916837300484246	1.13452188006483	0.286049581927534	0.00182454246452757	c23
KBTBD11	0.00124355895762569	0.00796449853994956	1.13452188006483	0.344726419246003	0.0113767242786424	c23
SGK223	8.55009092096298e-05	0.0459090658797149	10.5348460291734	6.54613466334165	0.00107414900630472	c23
LINCR-0001	0.00194517345503978	0.00150261843445044	0.162074554294976	0.0110019069972129	0.016657856101568	c23
MICU3	4.12194764626173e-10	0.0377883231071683	4.70016207455429	1.52926507261259	1.29075189584705e-08	c23
RP11-468H14.2	4.33814133271821e-06	0.00185064551471874	0.162074554294976	0.00366730233240428	7.24807881978517e-05	c23
CTD-2547L16.1	5.69646633211059e-05	0.00512137234140409	0.486223662884927	0.0586768373184685	0.000749167590141039	c23
CSGALNACT1	0.00098216794166236	0.0543506989263965	12.4797406807131	8.9042100630776	0.00925424122661397	c23
TNFRSF10D	0.0070815866004189	0.0248006364049918	5.51053484602917	3.49860642511369	0.0492989625856435	c23
CHMP7	4.09570018108376e-13	0.188102062483044	41.0048622366288	29.5804606131729	1.85734215210547e-11	c23
GS1-72M22.1	2.18922260047073e-07	0.00389189640745333	0.324149108589951	0.0146692093296171	4.67154314757827e-06	c23
EPHX2	1.06545664716216e-27	0.17205412460242	24.1491085899514	10.7378612292797	1.17318615259745e-25	c23
SARAF	5.78042044881227e-40	0.291768980637737	99.5137763371151	98.9071439049435	9.88657292397364e-38	c23
LEPROTL1	0.00403468604786847	0.0904908174600723	80.226904376013	77.5634443303506	0.0310517843071906	c23
RP11-11N9.4	1.35807900545357e-05	0.0229698905078562	2.75526742301459	0.982837025084348	0.000205105844956309	c23
RP11-863K10.7	1.17148860627341e-05	0.003796505577944	0.324149108589951	0.0220038139944257	0.000179011959636174	c23
RP11-589C21.5	4.64973065876275e-09	0.0473944739243721	6.80713128038898	2.81282088895409	1.27787948463582e-07	c23
AP3M2	0.00123413419369355	0.0618542589077951	18.6385737439222	14.3281502127035	0.0113150795979076	c23
RPS20	5.60485218222671e-46	0.372173748576745	96.1102106969206	91.5065277981517	1.15858827869906e-43	c23
PLAG1	2.82217741871848e-12	0.0412606959990854	4.70016207455429	1.34956725832478	1.17978220777048e-10	c23
RP11-140I16.3	2.12743241719105e-06	0.00337587763915899	0.324149108589951	0.0183365116620214	3.84971578221457e-05	c23
SDR16C5	2.97809808167374e-11	0.00185517912556578	0.162074554294976	0	1.0640937090553e-09	c23
CHD7	1.0315225797367e-08	0.0839979009241457	14.2625607779579	8.10107085228106	2.68594449780898e-07	c23
RP11-33I11.2	4.33814133271821e-06	0.00175607739367478	0.162074554294976	0.00366730233240428	7.24807881978517e-05	c23
AC022182.3	3.20140315927001e-12	0.0654665653835586	8.58995137763371	3.41792577380079	1.32679062790214e-10	c23
RP11-403D15.2	2.97809808167374e-11	0.00175045418288074	0.162074554294976	0	1.0640937090553e-09	c23
RPL7	1.47324477421398e-103	0.502428829160723	99.6758508914101	96.1236614346487	7.09135848890943e-101	c23
ZBTB10	0.000404064875410289	0.0518791235342099	12.3176661264182	8.3944550388734	0.00422287900498582	c23
UQCRB	6.41307359116884e-14	0.202106763989	94.6515397082658	90.6703828663635	3.14529987745041e-12	c23
RPL30	1.66623362221857e-198	0.444335821829042	100	99.9889980930028	5.61420756670325e-195	c23
PABPC1	3.6499225346931e-135	0.638330669454888	99.6758508914101	96.7727739474842	3.07451224709873e-132	c23
KB-1254G8.1	0.00685946064052373	0.00153458678681215	0.162074554294976	0.0146692093296171	0.0479209344436671	c23
RP11-395G23.3	0.00227782178978985	0.00688066491684873	0.648298217179903	0.150359395628576	0.0190396743699279	c23
EIF3E	3.73705181070742e-50	0.455807081949593	89.9513776337115	77.1307026551269	8.56572950407998e-48	c23
EIF3H	4.5050012712536e-22	0.288990692130931	86.2236628849271	75.2640457679331	3.64883444311584e-20	c23
RP11-44N11.2	0.000987141829335807	0.00865797822648787	1.13452188006483	0.337391814581194	0.00929071418928511	c23
LINC00861	8.62859092807864e-17	0.267652198976449	58.6709886547812	42.9147718937949	5.26687939729496e-15	c23
MYC	3.4833744866357e-07	0.0902586922775102	17.1799027552674	10.8185418805926	7.23159703959971e-06	c23
ST3GAL1	8.60618180166887e-05	0.097801254893364	39.5461912479741	32.4262872231187	0.00107998767085822	c23
PTK2	1.47394379184603e-18	0.0645176980418406	7.77957860615883	2.30673316708229	9.91278685079043e-17	c23
TOP1MT	0.000142009885154304	0.0403312792760339	7.77957860615883	4.57679331084055	0.00168659889685905	c23
EEF1D	1.85298154127937e-32	0.238627811420357	100	99.1235147425554	2.54834122660682e-30	c23
RPL8	3.02977475527162e-111	0.363160160030922	100	99.8753117206982	1.64653597748584e-108	c23
KANK1	1.25766746466798e-09	0.0198073059621639	2.59319286871961	0.605104884846707	3.73026827064462e-08	c23
RP11-358M14.2	2.97809808167374e-11	0.00132566929233992	0.162074554294976	0	1.0640937090553e-09	c23
RPS6	3.41373755256361e-169	0.582843805296579	100	99.8423059997066	4.60089892384313e-166	c23
DMRTA1	0.00024786133237103	0.00143025657295161	0.162074554294976	0.00733460466480857	0.0027456912533772	c23
AQP3	7.23443619316949e-14	0.175997449080228	38.8978930307942	26.2688866070119	3.50868184800681e-12	c23
CYP4F26P	4.47565887638534e-05	0.00292185021899216	0.324149108589951	0.02567111632683	0.000602634012669764	c23
ZNF658	0.00201501167257612	0.0206769620190749	3.56564019448947	1.85932228252897	0.017149230435913	c23
PCSK5	2.13288628477809e-29	0.0428043289319945	4.37601296596434	0.601437582514302	2.58508886616233e-27	c23
GKAP1	0.00115689493391907	0.0271731107535899	4.53808752025932	2.47542907437289	0.0107118488330501	c23
CTSL	1.53763158515331e-07	0.0855484311480486	20.4213938411669	13.0005867683732	3.35333065567351e-06	c23
NXNL2	4.33814133271821e-06	0.00156600821633177	0.162074554294976	0.00366730233240428	7.24807881978517e-05	c23
FBP1	3.52845836333978e-06	0.0229636284508368	2.75526742301459	0.920492885433475	6.08433347463513e-05	c23
FANCC	0.00252990411601476	0.0154654077394253	2.75526742301459	1.33123074666275	0.0208366143449037	c23
RP11-435O5.7	4.34531940878674e-06	0.00183265488520863	0.162074554294976	0.00366730233240428	7.24807881978517e-05	c23
ANP32B	1.21144668795542e-11	0.204731053889489	82.6580226904376	73.3937215784069	4.66496968045369e-10	c23
TMEM38B	5.23763270972759e-05	0.042694551998455	8.58995137763371	5.02787149772627	0.000694790537486462	c23
TNFSF8	3.9381045303864e-10	0.172278173350149	46.515397082658	34.3149479243069	1.23778445939216e-08	c23
OR1K1	0.00024786133237103	0.00157166599432926	0.162074554294976	0.00733460466480857	0.0027456912533772	c23
RPL35	2.718236314842e-36	0.217479812696341	99.5137763371151	99.3398855801672	4.25991880894355e-34	c23
RPL12	6.58772511334978e-135	0.405510746524381	100	99.9596596743436	5.41382463339531e-132	c23
LAMC3	0.00291073477564901	0.003935629853456	0.486223662884927	0.0953498606425114	0.0235133774947777	c23
RP11-544A12.4	0.00155934385561059	0.00536024226292777	0.648298217179903	0.143024790963767	0.0138119168956212	c23
PLPP7	4.33814133271821e-06	0.00164477589688712	0.162074554294976	0.00366730233240428	7.24807881978517e-05	c23
DDX31	0.000386748410615453	0.031318499796158	5.83468395461913	3.27123368050462	0.00406459792491488	c23
ABO	9.28520638474348e-05	0.0177833435565186	2.75526742301459	1.08185418805926	0.00115701088730602	c23
RPL7A	7.647111829481e-63	0.246967473272293	100	99.9559923720112	2.24053726941333e-60	c23
LL09NC01-139C3.1	0.00685496075298473	0.00131308066995292	0.162074554294976	0.0146692093296171	0.0479209344436671	c23
SNHG7	3.60049249792121e-13	0.197354003046834	50.7293354943274	38.0482616986944	1.63939181385077e-11	c23
LCN10	8.62376352985471e-06	0.00826472851816865	0.972447325769854	0.176030511955406	0.000135653169175968	c23
PNPLA7	0.00303487319726378	0.0108396986642219	1.62074554294976	0.64177790817075	0.0243237434606579	c23
RP11-326C3.11	0.00653539857017983	0.0251617592133094	5.9967585089141	3.86900396068652	0.0463391665453786	c23
RP11-326C3.12	2.15704599900803e-06	0.0180871778164038	2.26904376012966	0.663781722165175	3.89911523018115e-05	c23
RPLP2	8.5651199568889e-132	0.388016195569872	100	99.9596596743436	6.27376417016119e-129	c23
KCNQ1	1.57224051814617e-10	0.0388590906782708	5.18638573743922	1.72729939856242	5.1936345116095e-09	c23
APBB1	0.000138447306618474	0.0715254800475104	22.0421393841167	16.4661874724952	0.00165127205281517	c23
DCHS1	0.000168338463624219	0.00960969412047103	0.972447325769854	0.223705442276661	0.00195451281645569	c23
PPFIBP2	2.46920358444489e-10	0.0259942070924734	2.43111831442464	0.517089628869004	7.93111015960781e-09	c23
EIF3F	1.45905100139472e-09	0.158261860704568	88.8168557536467	85.3161214610533	4.28607362170826e-08	c23
RIC3	1.05302566773579e-11	0.140863678713244	26.580226904376	16.9209329617134	4.11608432119368e-10	c23
RPL27A	3.52196044969525e-12	0.173527606786807	97.5688816855754	96.0796538066598	1.45427616902e-10	c23
DENND5A	1.98678273066681e-05	0.0240610912685424	3.72771474878444	1.55493618893942	0.000289795053364015	c23
SPON1	1.76710563496208e-06	0.0250672191759939	3.24149108589951	1.14053102537773	3.25182180581171e-05	c23
PDE3B	1.75147156299221e-10	0.159682002293418	43.5980551053485	31.7001613613026	5.74066953730151e-09	c23
RPS13	2.44724787229912e-243	0.644874867963054	100	99.9083174416899	2.74858566030821e-239	c23
IGSF22	6.38515672046211e-05	0.0225621550780056	3.40356564019449	1.44124981663488	0.000827467194381733	c23
DEPDC7	7.37599537806851e-07	0.00674501508320854	0.648298217179903	0.0696787443156814	1.44829130692681e-05	c23
BTBD18	4.34531940878674e-06	0.00181963266556497	0.162074554294976	0.00366730233240428	7.24807881978517e-05	c23
RP11-804A23.4	4.33814133271821e-06	0.00162393838659808	0.162074554294976	0.00366730233240428	7.24807881978517e-05	c23
SLC15A3	0.00121813825258006	0.00446727570360306	0.486223662884927	0.0843479536452985	0.0111958402297961	c23
RP11-881M11.8	8.15585038003888e-11	0.00371440326624604	0.324149108589951	0.00733460466480857	2.76740405543837e-09	c23
ASRGL1	0.00431809564905806	0.010350780985751	1.29659643435981	0.480416605544961	0.0329022873811312	c23
AP000721.4	0.00024786133237103	0.00172585964909229	0.162074554294976	0.00733460466480857	0.0027456912533772	c23
RASGRP2	4.79405843798532e-36	0.260477673125634	39.0599675850891	19.2570045474549	7.44382511564412e-34	c23
SF1	2.07916651624816e-05	0.121878868435464	74.3922204213938	70.8376118527211	0.000301313705799852	c23
MAP4K2	0.000825230334981503	0.0702624773565909	21.2317666126418	16.7705735660848	0.00792399854855137	c23
VPS51	6.14401757281987e-08	0.139092617019279	39.870340356564	31.3077600117354	1.42967215537702e-06	c23
FAU	1.01934756810793e-40	0.182582618625987	100	99.9339885580167	1.79821450051459e-38	c23
MALAT1	9.38573639913779e-07	0.110934044429878	100	99.9743288836732	1.80917049332122e-05	c23
IL18BP	0.00377560331911211	0.0369699384789913	9.23824959481361	6.39577526771307	0.029342457815027	c23
ARAP1-AS1	2.97809808167374e-11	0.00209860569360295	0.162074554294976	0	1.0640937090553e-09	c23
PLEKHB1	1.32234299090301e-18	0.133322752209517	19.935170178282	9.57165908757518	8.9288626724421e-17	c23
RPS3	9.88187930868889e-125	0.369902789713115	100	99.9926653953352	6.65920082853927e-122	c23
RP11-111M22.4	0.00194677456703836	0.00138240944134124	0.162074554294976	0.0110019069972129	0.016657856101568	c23
CTD-2547H18.1	0.00194357355213569	0.00180441258526527	0.162074554294976	0.0110019069972129	0.016657856101568	c23
RP11-91P24.6	0.00456220222832198	0.0057730022562881	0.648298217179903	0.165028604958193	0.0344661080450854	c23
RP11-113K21.4	0.000247588860783855	0.00150575661226005	0.162074554294976	0.00733460466480857	0.0027456912533772	c23
DLG2	0.000100995623104805	0.00431952666454719	0.486223662884927	0.0623441396508728	0.0012501640429439	c23
SESN3	3.59799874814309e-08	0.121965595169679	25.1215559157212	17.4453571952472	8.69662624246293e-07	c23
MAML2	4.04019806607145e-08	0.115028915691388	27.0664505672609	18.8352647792284	9.68899883545988e-07	c23
TMEM123	2.69671557720849e-11	0.206045822949708	65.4781199351702	54.4924453571953	9.94126199764365e-10	c23
ATM	4.10842592009352e-07	0.147445404732473	51.3776337115073	43.0321255684319	8.47180556619529e-06	c23
BCO2	0.00156453399017903	0.00487197023445766	0.648298217179903	0.143024790963767	0.0138458903197752	c23
RP11-356J5.12	0.003952537807	0.0142287135180562	1.94489465153971	0.854481443450198	0.0304773397146529	c23
RP11-65M17.1	4.33814133271821e-06	0.00220743959392061	0.162074554294976	0.00366730233240428	7.24807881978517e-05	c23
RP11-64D24.4	2.97809808167374e-11	0.0018082654247619	0.162074554294976	0	1.0640937090553e-09	c23
CXCR5	5.33415605884996e-05	0.0488935833316786	9.56239870340357	5.75033005720992	0.000706204535351239	c23
RPS25	4.30512532028015e-107	0.323845848906407	100	99.9669942790084	2.13318959619881e-104	c23
RP11-730K11.1	0.000149661378877622	0.0203735867237702	3.07941653160454	1.30555963033592	0.00176564793413956	c23
SORL1	1.14811192684847e-05	0.10929178367126	38.2495948136143	29.6831450784803	0.000175838560287421	c23
ESAM	0.00222169022793894	0.00373682663934755	0.486223662884927	0.0916825583101071	0.0186397593782033	c23
ROBO3	0.000243680531902386	0.0186015563761854	2.91734197730956	1.23954818835265	0.00272776473153455	c23
LINC01395	0.000247588860783855	0.00203080510308585	0.162074554294976	0.00733460466480857	0.0027456912533772	c23
TMEM45B	9.35509210312566e-16	0.0349491666250767	4.05186385737439	0.880152559777028	5.34255039530027e-14	c23
NET1	1.67443398762872e-05	0.0281284502394875	4.05186385737439	1.74196860789203	0.000248539113564591	c23
CDNF	0.00403874930676303	0.0114209987928534	1.62074554294976	0.660114419832771	0.0310759577853559	c23
FAM171A1	2.19467973187034e-06	0.0193958194722517	2.59319286871961	0.817808420126155	3.95018904303628e-05	c23
ANKRD26	0.000311785224056676	0.0566519027576362	11.8314424635332	7.98371717764412	0.00336053068112613	c23
MPP7	0.00331093471667804	0.0247441551830852	6.15883306320908	3.83966554202728	0.0262478688796986	c23
SVIL	0.000147496047274029	0.0336571881534457	6.15883306320908	3.37391814581194	0.00174315391681905	c23
RP11-258F22.1	0.00194517345503978	0.00171460105494933	0.162074554294976	0.0110019069972129	0.016657856101568	c23
RP11-162G10.5	0.00105678911076568	0.0224813855423014	4.53808752025932	2.45342526037847	0.00989370722371177	c23
RP11-351D16.3	0.00196664364537516	0.0102000235622577	1.45867098865478	0.528091535866217	0.0168012401083343	c23
RP11-38L15.3	0.00684147700001374	0.0018406855017938	0.162074554294976	0.0146692093296171	0.0479209344436671	c23
ANK3	0.000655158198934035	0.0539853347279238	14.1004862236629	10.0374064837905	0.00648880080978348	c23
CTNNA3	0.00194517345503978	0.00179699588805841	0.162074554294976	0.0110019069972129	0.016657856101568	c23
DDIT4	4.05134514552279e-10	0.238971211179229	68.0713128038898	58.6181604811501	1.27100580384772e-08	c23
RPS24	1.22336553710365e-12	0.0985379254359708	100	99.963326976676	5.29140929488708e-11	c23
PLAC9	0.00684147700001374	0.00258625302249097	0.162074554294976	0.0146692093296171	0.0479209344436671	c23
FAM213A	0.000472356295073935	0.0182354239909364	2.91734197730956	1.29089042100631	0.00485378865697504	c23
RP11-96C23.15	4.33814133271821e-06	0.00162856397405433	0.162074554294976	0.00366730233240428	7.24807881978517e-05	c23
LIPN	0.00685046351795318	0.00166759394483086	0.162074554294976	0.0146692093296171	0.0479209344436671	c23
RP11-34A14.3	0.000247588860783855	0.00181830595971403	0.162074554294976	0.00733460466480857	0.0027456912533772	c23
CNNM1	0.00685496075298473	0.00150819700140962	0.162074554294976	0.0146692093296171	0.0479209344436671	c23
PSD	0.00497200319454945	0.00868356257498995	1.13452188006483	0.399735954232067	0.0369408325550494	c23
SFXN2	0.00259189975614577	0.0292531715756096	5.83468395461913	3.58295437875898	0.0212847843976543	c23
SORCS3	1.74759817660541e-15	0.00483714444784532	0.486223662884927	0.0110019069972129	9.86324505235223e-14	c23
ADD3	2.03658130397467e-12	0.193642530147184	51.8638573743922	40.6557136570339	8.6315182963676e-11	c23
PDCD4-AS1	2.02142443394854e-14	0.11666054128489	20.259319286872	10.6205075546428	1.03667998291419e-12	c23
ABLIM1	5.74377169089154e-39	0.323015360305708	48.1361426256078	25.997506234414	9.53352922920687e-37	c23
RP11-501J20.5	0.00194677456703836	0.00177667139171586	0.162074554294976	0.0110019069972129	0.016657856101568	c23
RGS10	6.09290262918868e-05	0.119104584353469	75.6888168557536	70.7936042247323	0.00079448243493763	c23
BAG3	1.11942523470372e-06	0.0718739952031955	13.452188006483	8.18175150359396	2.13820373345278e-05	c23
PLEKHA1	0.00465805061529593	0.0492394597337832	19.773095623987	15.5823676103858	0.0350331154981654	c23
RP11-12J10.4	0.00685046351795318	0.00148530851857029	0.162074554294976	0.0146692093296171	0.0479209344436671	c23
MMP21	4.33814133271821e-06	0.00151398713064975	0.162074554294976	0.00366730233240428	7.24807881978517e-05	c23
BNIP3	2.4417367399263e-08	0.0906403380982757	19.935170178282	12.5825143024791	6.06277654495775e-07	c23
DPYSL4	1.90524226193357e-10	0.00719896935253696	0.810372771474878	0.0660114419832771	6.22046829201451e-09	c23
LRTM2	0.00024786133237103	0.00180100017718085	0.162074554294976	0.00733460466480857	0.0027456912533772	c23
PARP11	0.00663860270604242	0.0417041536685736	12.1555915721232	9.09857708669503	0.0469031410311163	c23
RP11-664D1.1	6.07132641409249e-51	0.106764138190407	11.6693679092383	2.24805632976383	1.4108087737685e-48	c23
C12orf57	2.01079687528226e-18	0.260535833827497	91.7341977309562	85.7451958339445	1.34428154594763e-16	c23
EIF2S3L	0.00646801818436143	0.0135771574872752	2.26904376012966	1.10019069972129	0.0459678136899123	c23
MANSC1	0.000412048728843885	0.0106673620277103	1.13452188006483	0.311720698254364	0.00428902374719366	c23
RP11-180M15.6	0.00194357355213569	0.00167032630954892	0.162074554294976	0.0110019069972129	0.016657856101568	c23
RP11-377D9.3	0.00685496075298473	0.00171118259213413	0.162074554294976	0.0146692093296171	0.0479209344436671	c23
PTPRO	3.73721570631132e-12	0.0166135869412314	1.62074554294976	0.216370837611853	1.53376060911637e-10	c23
LDHB	5.51434134008247e-99	0.618428596373452	97.4068071312804	87.853894675077	2.54520845359916e-96	c23
KCNJ8	1.17241640688397e-05	0.00473304645690816	0.324149108589951	0.0220038139944257	0.000179072522273565	c23
RP11-268P4.4	0.000152823976454661	0.00532503584629635	0.648298217179903	0.110019069972128	0.00179729530983014	c23
CASC1	0.000140497249993232	0.0126441899560876	1.78282009724473	0.579433768519877	0.00167217037840762	c23
FAM60A	0.00684015327903376	0.0632050966409303	27.7147487844408	23.7457826023177	0.0479209344436671	c23
NELL2	0.00484621103706891	0.0737050191298433	39.708265802269	34.1535866216811	0.0362138466806387	c23
RP11-370I10.12	0.000154503328670186	0.0153600791982664	2.10696920583468	0.751796978142878	0.00181451207954453	c23
DDN	0.00684147700001374	0.00174556598400894	0.162074554294976	0.0146692093296171	0.0479209344436671	c23
DHH	0.00024786133237103	0.00196063031001299	0.162074554294976	0.00733460466480857	0.0027456912533772	c23
LETMD1	4.93220067747602e-06	0.09997998352364	32.4149108589951	24.7322869297345	8.162356072047e-05	c23
CELA1	1.66389506643284e-13	0.0201479052242073	2.26904376012966	0.363062930908024	7.81914649489372e-12	c23
KRT74	2.97809808167374e-11	0.00164267405315204	0.162074554294976	0	1.0640937090553e-09	c23
KRT72	0.00041105442475704	0.00420297068324468	0.486223662884927	0.0733460466480857	0.00428396776608837	c23
KRT73-AS1	1.02946461642039e-11	0.0205461091578472	2.26904376012966	0.41073786122928	4.02866211215662e-10	c23
KRT73	5.78880926242353e-07	0.00859898546521553	0.972447325769854	0.146692093296171	1.16031016828137e-05	c23
KRT2	1.86966040702837e-13	0.0180203278376789	1.94489465153971	0.275047674930321	8.76166032745673e-12	c23
KRT1	3.89289355432412e-25	0.0357491376454604	2.59319286871961	0.2567111632683	3.71578343964297e-23	c23
EIF4B	2.77445789065052e-33	0.363812520561612	83.1442463533225	69.8694440369664	3.99498222938371e-31	c23
PFDN5	2.78103542412664e-37	0.254579898941764	99.3517017828201	98.2800352061024	4.46210512288205e-35	c23
SP7	2.97809808167374e-11	0.00209331875641957	0.162074554294976	0	1.0640937090553e-09	c23
PCBP2	5.40704067571581e-09	0.190111379448641	92.7066450567261	87.1974475575767	1.47279570353734e-07	c23
HNRNPA1	0.00202726408361193	0.0918829585750727	99.1896272285251	97.6345899955992	0.0172404432188845	c23
PPP1R1A	0.00194517345503978	0.00160928865453714	0.162074554294976	0.0110019069972129	0.016657856101568	c23
TESPA1	5.69169956719621e-05	0.0967888963265229	31.1183144246353	25.1246882793017	0.000748832976247985	c23
DGKA	2.53166294908392e-11	0.180897291474816	49.2706645056726	37.5128355581634	9.3738298248828e-10	c23
RPL41	4.29418312306435e-30	0.247418826413016	100	99.9046501393575	5.39881366225859e-28	c23
IL23A	0.00459030236087098	0.0286682747882566	6.96920583468395	4.56945870617574	0.0346192706822122	c23
GLS2	0.00460393173156032	0.0109704471769788	1.62074554294976	0.66744902449758	0.0347004899608506	c23
NACA	5.86324699244207e-121	0.4183495244419	100	99.5892621387707	3.65844896598783e-118	c23
HSD17B6	0.00263301556763192	0.00624664290635349	0.810372771474878	0.220038139944257	0.0215856025634525	c23
RP11-1143G9.5	0.00250690294586281	0.0147434751838995	2.59319286871961	1.22121167669063	0.020674042336677	c23
LINC01481.1	0.00289957349514459	0.00385547234291073	0.486223662884927	0.0953498606425114	0.0234456993869455	c23
CTD-2021H9.3	0.00685946064052373	0.00125920356561131	0.162074554294976	0.0146692093296171	0.0479209344436671	c23
RP11-796E2.4	1.83664724990632e-08	0.154906855655265	44.2463533225284	33.9042100630776	4.6251115424771e-07	c23
USP44	1.29320908803742e-11	0.0268236726199555	3.07941653160454	0.700454745489218	4.96280034309031e-10	c23
LTA4H	0.000205776215187238	0.072714817364143	22.0421393841167	16.7925773800792	0.00234872079760122	c23
CKAP4	1.08726289637773e-06	0.0279341097176021	3.88978930307942	1.46692093296171	2.08267402106602e-05	c23
MAPKAPK5-AS1	0.000423268243067912	0.0744160034714074	27.8768233387358	22.2825289716884	0.00439223904586702	c23
ERP29	1.19824407250208e-11	0.189902195533625	78.9303079416532	71.9011295291184	4.61940912801888e-10	c23
RPL6	1.48370120848285e-62	0.266925689163999	100	99.8753117206982	4.3096403895363e-60	c23
SLC8B1	6.96346173530824e-08	0.0698062139131644	13.128038897893	7.45929294411031	1.60483501853267e-06	c23
TBX3	0.00194357355213569	0.00196049976324467	0.162074554294976	0.0110019069972129	0.016657856101568	c23
RPLP0	7.22592633669498e-79	0.383607918300463	100	99.6626081854188	2.67549848339122e-76	c23
RP11-347I19.7	0.00322943699452587	0.0196749293036188	3.88978930307942	2.1380372597917	0.0257170480510695	c23
RP11-512M8.5	2.97809808167374e-11	0.00201207557644512	0.162074554294976	0	1.0640937090553e-09	c23
RP13-977J11.2	0.00152048969311618	0.0437031855078301	10.6969205834684	7.43362182778348	0.013548130326531	c23
FGF9	0.00229944024321522	0.00583339477843947	0.648298217179903	0.150359395628576	0.019201323309763	c23
RPL21	2.43452014541596e-112	0.560626062592997	99.6758508914101	99.3618893941617	1.34473314392861e-109	c23
MTUS2	4.33814133271821e-06	0.0013896912709108	0.162074554294976	0.00366730233240428	7.24807881978517e-05	c23
SPG20	3.01618432623321e-06	0.0481257585076615	9.07617504051864	4.94719084641338	5.28208496299905e-05	c23
TPT1	7.72858281327009e-184	0.593206194945552	100	99.9193193486871	1.62754293318951e-180	c23
RP11-290D2.6	5.33240035744728e-08	0.0675789688202013	12.4797406807131	6.83218424526918	1.25555484027833e-06	c23
SIAH3	0.0017533318351957	0.0138046657303576	1.62074554294976	0.612439489511515	0.0152732065292357	c23
CPB2	2.97809808167374e-11	0.00144907712244489	0.162074554294976	0	1.0640937090553e-09	c23
LPAR6	0.00161734689311926	0.0620522461984514	24.1491085899514	19.0663048261699	0.0142544824004082	c23
EBPL	8.82773018094514e-06	0.0915113538008615	29.3354943273906	22.4035499486578	0.000138538211791693	c23
KLF5	1.83480829898655e-08	0.0402705564739972	5.18638573743922	1.9656740501687	4.62393648661578e-07	c23
LINC00402	4.04257883076585e-35	0.188090110051456	25.2836304700162	9.90905090215638	6.08083263945646e-33	c23
COMMD6	0.000141653517662398	0.0920862294039899	94.6515397082658	93.2484964060437	0.00168355330656679	c23
LMO7	0.00155058565586639	0.0392941416712955	8.42787682333874	5.53762652193047	0.0137487981812532	c23
KCTD12	0.00163894399665609	0.00767060704039898	0.972447325769854	0.278714977262726	0.0143996294715333	c23
AC000403.4	4.33814133271821e-06	0.00189493686626471	0.162074554294976	0.00366730233240428	7.24807881978517e-05	c23
CLN5	0.002281707249149	0.0466071526720665	14.5867098865478	10.8918879272407	0.0190674216400859	c23
GPR183	2.76244565163835e-14	0.245520212576105	54.2949756888169	39.3464867243656	1.40813681976252e-12	c23
GAS6-AS1	0.00397563162732209	0.00745079417108739	0.972447325769854	0.30805339592196	0.0306252702448538	c23
RASA3	8.65648464899061e-05	0.0793543962831371	25.4457050243112	19.2166642217984	0.00108508777441626	c23
APEX1	2.42719349386814e-05	0.113007862694285	39.5461912479741	33.7098430394602	0.00034556559315344	c23
SALL2	0.00270866742407475	0.0130305559361376	1.78282009724473	0.729793164148452	0.0221298703802995	c23
TRAV37	0.000248134085194205	0.00133553003044029	0.162074554294976	0.00733460466480857	0.0027456912533772	c23
TRAJ40	0.000130877924811613	0.00333289086318993	0.324149108589951	0.0293384186592343	0.00157380471042201	c23
REM2	0.000505244925928864	0.0113061384452225	1.45867098865478	0.469414698547748	0.00515557920479926	c23
PPP1R3E	6.95462990006711e-08	0.077101838034351	14.4246353322528	8.46780108552149	1.60389664512567e-06	c23
SLC22A17	9.96444504094723e-09	0.0327727784125799	3.88978930307942	1.25055009534986	2.60467037400835e-07	c23
CTD-2213F21.3	3.54930613918984e-05	0.0119983497792602	1.45867098865478	0.38506674490245	0.00048932209923839	c23
ARHGAP5-AS1	2.25029984061378e-05	0.0155287363021705	1.94489465153971	0.59043567551709	0.000322233756182068	c23
KIAA0391	9.47603643008183e-05	0.0653902719414601	15.0729335494327	10.4958192753411	0.00117948123928769	c23
RPS29	6.72859017713493e-27	0.190942463412482	99.6758508914101	99.7322869297345	7.17446574140457e-25	c23
KLHDC1	0.00111900629662088	0.0232455823052175	3.88978930307942	2.02068358515476	0.0104096626610557	c23
SIX1	0.00194517345503978	0.00192435836411607	0.162074554294976	0.0110019069972129	0.016657856101568	c23
ACTN1	8.1232090864385e-103	0.332973035920605	35.3322528363047	9.49097843626229	3.85497756279519e-100	c23
LINC01269	2.97809808167374e-11	0.00196566978250816	0.162074554294976	0	1.0640937090553e-09	c23
RP6-65G23.3	0.00720219764333891	0.00354389210276494	0.486223662884927	0.110019069972128	0.0499734034997243	c23
FBLN5	7.49966648890244e-21	0.145759761567457	23.0145867098865	11.0605838345313	5.57822875666841e-19	c23
RP11-1070N10.7	2.97809808167374e-11	0.00141982028918587	0.162074554294976	0	1.0640937090553e-09	c23
LINC01550	6.50256601248969e-17	0.177311285731708	32.2528363047002	19.4953791990612	4.0127739784767e-15	c23
RP11-61O1.1	0.00100849381614945	0.00617267122662294	0.648298217179903	0.135690186298958	0.00947579214761283	c23
RP11-61O1.2	6.65688729957639e-16	0.0294322598158096	3.24149108589951	0.594102977849494	3.85390310432864e-14	c23
RP11-600F24.7	0.001666244497412	0.00420275025595548	0.486223662884927	0.0880152559777028	0.014597618849662	c23
CRIP2	4.42366198760594e-05	0.0444028091038547	9.23824959481361	5.44227666128796	0.000596680812691731	c23
RP11-701H24.9	0.000361879533559841	0.028896059810044	5.67260940032415	3.12454158720845	0.00383674292126031	c23
RP11-1000B6.3	0.00474911713097353	0.0368166359967407	10.5348460291734	7.51063517676397	0.0355909147266508	c23
RP11-540O11.6	4.33814133271821e-06	0.00173965601788238	0.162074554294976	0.00366730233240428	7.24807881978517e-05	c23
RSL24D1	0.00249793787059835	0.0884911813834707	54.7811993517018	50.6637817221652	0.0206237487409804	c23
RP11-643M14.1	0.000110722562968697	0.00661551857362755	0.810372771474878	0.157694000293384	0.00135218776247454	c23
AC069368.3	0.00194517345503978	0.0014815314498298	0.162074554294976	0.0110019069972129	0.016657856101568	c23
RPL4	4.63797901049815e-118	0.589157043479911	99.837925445705	96.7544374358222	2.69434594447801e-115	c23
RPLP1	2.30469064454022e-58	0.244907783603428	100	100	6.06673801383892e-56	c23
LMAN1L	0.00194677456703836	0.00151485723524045	0.162074554294976	0.0110019069972129	0.016657856101568	c23
RP11-762H8.5	0.00464352812450827	0.00395991791248138	0.648298217179903	0.165028604958193	0.0349551020167966	c23
RPS17	7.81503686690438e-12	0.189055489633447	84.2787682333874	79.0340325656447	3.0978806140409e-10	c23
CTD-2315E11.1	0.00194677456703836	0.0015968978582318	0.162074554294976	0.0110019069972129	0.016657856101568	c23
CRTC3	0.000123141023866092	0.0860552977859561	25.9319286871961	20.4855508288103	0.00149248692738997	c23
ARRDC4	6.85140156822465e-06	0.00480446591340688	0.486223662884927	0.0476749303212557	0.000110402259416433	c23
IGF1R	1.82298250028694e-09	0.0202245746799885	2.26904376012966	0.491418512542174	5.25436889347034e-08	c23
LINS1	0.000625305529566589	0.0648958276585453	22.2042139384117	17.089628869004	0.00622423767007877	c23
NME4	1.72716858971114e-17	0.103832816645127	16.3695299837925	7.33460466480857	1.10207027406087e-15	c23
LA16c-313D11.9	0.000247588860783855	0.00182798241197928	0.162074554294976	0.00733460466480857	0.0027456912533772	c23
RP11-161M6.2	9.74462355654659e-15	0.0312715430688803	3.24149108589951	0.634443303505941	5.12223628883433e-13	c23
RP11-161M6.3	0.00273450471703141	0.0164624112104359	2.91734197730956	1.44858442129969	0.0223090561587546	c23
LA16c-358B7.4	0.00685496075298473	0.00143936347379527	0.162074554294976	0.0146692093296171	0.0479209344436671	c23
TMEM204	3.75707187771617e-12	0.130703811297618	27.3905996758509	17.1336364969928	1.54003381809938e-10	c23
RPS2	1.46467237967739e-106	0.434501891428364	100	99.9083174416899	7.15227118273189e-104	c23
RP11-715J22.2	0.00684147700001374	0.0020223187304426	0.162074554294976	0.0146692093296171	0.0479209344436671	c23
LA16c-380H5.5	0.00194517345503978	0.00157139307272039	0.162074554294976	0.0110019069972129	0.016657856101568	c23
SNN	6.56893586364227e-07	0.0427383771951682	6.48298217179903	3.01085521490392	1.30580368725406e-05	c23
RSL1D1	1.70239574468049e-16	0.232629044946366	57.5364667747164	44.521050315388	1.01523048179229e-14	c23
AF001548.6	2.97809808167374e-11	0.00156739348593634	0.162074554294976	0	1.0640937090553e-09	c23
RPS15A	1.83549770591931e-135	0.312766068855868	100	99.981663488338	1.5857758898268e-132	c23
GPRC5B	0.00194517345503978	0.00176040353765785	0.162074554294976	0.0110019069972129	0.016657856101568	c23
CTC-508F8.1	7.72789288896718e-09	0.00707326550744382	0.648298217179903	0.05134223265366	2.05674267773191e-07	c23
STX1B	0.000607618002843731	0.00465700506396448	0.486223662884927	0.0770133489804899	0.0060660980704642	c23
KAT8	0.001868085004102	0.0633037758412458	25.4457050243112	20.6579140384333	0.0161849462916464	c23
ZNF843	4.34531940878674e-06	0.00149351171775528	0.162074554294976	0.00366730233240428	7.24807881978517e-05	c23
RP11-327F22.1	0.00246160363901995	0.012183860997494	1.62074554294976	0.630776001173537	0.0203786911580192	c23
RP11-44F14.2	1.0747273713483e-09	0.0360451488936948	4.70016207455429	1.56227079360422	3.21597371671489e-08	c23
RP11-44F14.8	6.87031148517e-05	0.00990303481112778	1.13452188006483	0.267713070265513	0.000882196170660511	c23
PLLP	1.1530455506712e-18	0.0226668620410535	2.26904376012966	0.267713070265513	7.81704563064694e-17	c23
KCTD19	0.00194677456703836	0.00115712495080976	0.162074554294976	0.0110019069972129	0.016657856101568	c23
DPEP2	0.000208508354242925	0.0466897064671597	9.72447325769854	6.15740061610679	0.00237588112541803	c23
SLC7A6	0.00241978596843581	0.0682047360975516	23.8249594813614	19.53938682705	0.0200867869969145	c23
RP11-529K1.4	0.00685946064052373	0.00149594971207646	0.162074554294976	0.0146692093296171	0.0479209344436671	c23
CTD-2336H13.2	4.33814133271821e-06	0.00176177165032471	0.162074554294976	0.00366730233240428	7.24807881978517e-05	c23
COX4I1	1.98315459726353e-24	0.234767393620014	98.2171799027553	95.6579140384333	1.8357255769285e-22	c23
RP5-1142A6.8	0.00685496075298473	0.00126319745436881	0.162074554294976	0.0146692093296171	0.0479209344436671	c23
RPL13	1.80712303978756e-196	0.484523172090897	100	99.9926653953352	5.07410030855018e-193	c23
DBNDD1	6.01026556833435e-24	0.0488481035258381	5.18638573743922	0.971835118087135	5.40005736565962e-22	c23
FAM101B	7.07182353323872e-06	0.0305436557956865	4.53808752025932	1.9730086548335	0.000113411719242716	c23
RP11-818O24.3	2.18455254994815e-07	0.00317523860962093	0.324149108589951	0.0146692093296171	4.66453191495266e-06	c23
PITPNA-AS1	0.00225192793503224	0.0559594898670933	19.1247974068071	14.9882646325363	0.0188559790862267	c23
SERPINF1	0.00063408622394029	0.00506843916521364	0.648298217179903	0.12835558163415	0.0062975380908413	c23
C1QBP	6.68746940562692e-08	0.147480420470744	52.1880064829822	42.9807833357782	1.54439749248248e-06	c23
RPL26	0.00653393915404421	0.0932307990789174	99.5137763371151	98.7531172069825	0.0463385699550338	c23
ADPRM	1.45318955042789e-16	0.149481794368792	23.5008103727715	12.7805486284289	8.72794451196385e-15	c23
TMEM220	2.15607091365494e-28	0.0327342333721819	3.40356564019449	0.38506674490245	2.43780715988891e-26	c23
RP11-160E2.11	0.00123861159674777	0.00295587850189122	0.324149108589951	0.0403403256564471	0.0113442418139473	c23
ULK2	0.00333847916544143	0.01812292717135	3.56564019448947	1.91433181751504	0.0263991356489987	c23
C17orf51	8.52939716135247e-06	0.0186174287704356	2.75526742301459	0.953498606425114	0.000134419788566235	c23
FLJ36000	0.00024786133237103	0.00155013292708305	0.162074554294976	0.00733460466480857	0.0027456912533772	c23
RPL23A	3.02900972384559e-20	0.169369887726954	100	99.9046501393575	2.18075755630883e-18	c23
CRLF3	0.00526788533757539	0.0724558191218425	32.2528363047002	28.3225759131583	0.0387376971986611	c23
CDK5R1	2.29309999436722e-06	0.0475464468659304	7.94165316045381	4.11838051929001	4.10977187288346e-05	c23
RP11-466A19.1	6.81447491338083e-05	0.0125371085170662	1.45867098865478	0.403403256564471	0.000876027919616382	c23
RP11-799D4.4	7.31578039986539e-06	0.0588263635207646	11.9935170178282	7.32727006014376	0.000116989988036575	c23
MMP28	1.48869795736669e-35	0.0410323714972212	3.88978930307942	0.399735954232067	2.28000858979606e-33	c23
RPL23	2.50028664192653e-13	0.187450875074316	90.1134521880065	86.5483350447411	1.15879859852919e-11	c23
RPL19	2.5913952287696e-208	0.473324944996501	100	99.9926653953352	1.24734958340233e-204	c23
CCR7	1.47873471381477e-133	0.869419624587511	81.6855753646678	39.9845973302039	1.18629732017321e-130	c23
KRTAP4-12	2.97809808167374e-11	0.00167772194318035	0.162074554294976	0	1.0640937090553e-09	c23
NT5C3B	0.001543798388853	0.0371726030332339	9.88654781199352	6.6744902449758	0.0136994318972907	c23
RAMP2-AS1	4.34531940878674e-06	0.00164538862828892	0.162074554294976	0.00366730233240428	7.24807881978517e-05	c23
RPL27	4.31415877322409e-52	0.283634975878399	98.8654781199352	98.6907730673317	1.0309309624469e-49	c23
CTD-2020K17.4	4.64930826653842e-06	0.042844983669998	7.94165316045381	4.18805926360569	7.70554809310111e-05	c23
AC091132.1	4.33814133271821e-06	0.00166471422088567	0.162074554294976	0.00366730233240428	7.24807881978517e-05	c23
RP11-669E14.6	0.000247588860783855	0.00181547327798503	0.162074554294976	0.00733460466480857	0.0027456912533772	c23
RP5-875H18.9	4.34531940878674e-06	0.00172078353516282	0.162074554294976	0.00366730233240428	7.24807881978517e-05	c23
RP11-700H6.1	0.00042324494706426	0.0200198896371435	2.59319286871961	1.08918879272407	0.00439223904586702	c23
NOG	8.69683004358727e-21	0.0329635211335917	3.07941653160454	0.429074372891301	6.44024157117867e-19	c23
ICAM2	1.34549785896669e-07	0.137937836359407	40.5186385737439	32.1145665248643	2.95921702741669e-06	c23
SNHG25	0.000629009798233489	0.0125667497046453	1.62074554294976	0.561097256857855	0.00625556556720164	c23
PRKCA	1.53398832813716e-40	0.190859864960209	22.6904376012966	8.08640164295145	2.67804159213748e-38	c23
RPL38	2.00283791245425e-79	0.394602208813768	99.3517017828201	98.2213583687839	7.58242928339701e-77	c23
DNAI2	0.00240718006061054	0.0111102310588449	1.45867098865478	0.53909344286343	0.019996924300348	c23
RP11-449J21.5	3.69150281263068e-05	0.00619032758514115	0.810372771474878	0.143024790963767	0.000507058686379038	c23
RNF157	3.67566025897747e-05	0.026850100723904	4.70016207455429	2.20038139944257	0.000505088485995052	c23
TMC8	4.48791908710593e-11	0.195456983039529	61.1021069692058	50.880152559777	1.5834130441984e-09	c23
LGALS3BP	0.00185485547241825	0.0512193902669811	15.3970826580227	11.5079947190846	0.0160785953917316	c23
DCXR	0.00122183036065522	0.088451112987097	38.2495948136143	33.372451224879	0.011220592033774	c23
CD7	4.8575198597991e-10	0.260494195632394	82.6580226904376	67.8487604518117	1.51125830245679e-08	c23
RP11-172F10.1	3.21566011713814e-14	0.0032536606764437	0.324149108589951	0.00366730233240428	1.63175379498272e-12	c23
RP11-190I17.2	2.64250328060609e-13	0.00512179392171285	0.486223662884927	0.0146692093296171	1.21800965166541e-11	c23
NDUFV2-AS1	0.00023215402679151	0.0632716533519002	16.8557536466775	12.1607745342526	0.00261088043348235	c23
CABYR	0.00031548394199969	0.00452658332786039	0.324149108589951	0.0330057209916386	0.0033930697568603	c23
OSBPL1A	0.00421662785176096	0.0131285224299652	2.26904376012966	1.05985037406484	0.0322311839467409	c23
TAF4B	6.77042874934641e-06	0.0527922426211976	9.88654781199352	5.68431861522664	0.000109201927372177	c23
DSC1	4.30622925336523e-07	0.00729275106631666	0.810372771474878	0.10268446530732	8.84720051602975e-06	c23
MIR1539	0.00020749659581383	0.00688560310169207	0.648298217179903	0.113686372304533	0.00236595272397672	c23
SNHG22	0.00117347620422565	0.0238156441070674	4.05186385737439	2.13436995745929	0.0108504685030678	c23
GTSCR1	9.64441134263769e-06	0.0269303166463537	3.07941653160454	1.13686372304533	0.000150027144865574	c23
HSBP1L1	3.48242722740429e-09	0.0789003255494763	13.452188006483	7.26859322282529	9.73750232366475e-08	c23
SNPH	3.33890112131493e-08	0.0217309345450796	2.91734197730956	0.825143024790964	8.0935924015529e-07	c23
OXT	4.01425842244885e-06	0.0156285040457424	1.62074554294976	0.399735954232067	6.84149839585188e-05	c23
RP5-1187M17.10	0.00043291865270125	0.00759934250085346	1.13452188006483	0.311720698254364	0.0044758395471359	c23
LINC00654	0.000247588860783855	0.00185408327632517	0.162074554294976	0.00733460466480857	0.0027456912533772	c23
FERMT1	0.00194357355213569	0.00155915834330926	0.162074554294976	0.0110019069972129	0.016657856101568	c23
SPTLC3	7.34521253799018e-07	0.006318936948956	0.648298217179903	0.0696787443156814	1.44392993731062e-05	c23
ISM1	2.3159715129193e-11	0.016703567229539	1.62074554294976	0.23104004694147	8.60356605912932e-10	c23
RP4-738P15.1	1.17148860627341e-05	0.00332039746727601	0.324149108589951	0.0220038139944257	0.000179011959636174	c23
FAM182B	0.00194837688894995	0.00134534881066127	0.162074554294976	0.0110019069972129	0.016657856101568	c23
RP5-1184F4.7	1.05085135266354e-07	0.016042854453194	1.94489465153971	0.447410884553323	2.35578080350268e-06	c23
EFCAB8	0.00370896493021452	0.00413166278927773	0.486223662884927	0.0990171629749156	0.0288880869992251	c23
ZHX3	0.00395110024688599	0.00776197357376356	1.13452188006483	0.388734047234854	0.0304773397146529	c23
OSER1-AS1	0.00203584468588238	0.0395978183768299	9.23824959481361	6.23441396508728	0.0173046798300002	c23
PKIG	8.34314150395779e-08	0.0113394168165674	1.29659643435981	0.220038139944257	1.89813511029273e-06	c23
ZSWIM1	0.00528481559612001	0.0137145396805428	2.43111831442464	1.18820595569899	0.0388367670001456	c23
ZFAS1	8.19109865331367e-14	0.223433647135468	86.709886547812	79.7198181018043	3.92590153662519e-12	c23
TSHZ2	9.03333828776882e-28	0.189890293186958	25.2836304700162	11.4346486724366	9.97932132026501e-26	c23
RP1-309F20.3	0.000485366175964859	0.00622682666891124	0.648298217179903	0.124688279301746	0.00497089863970551	c23
RPS21	8.07417386308996e-116	0.388523752864771	100	99.8716444183658	4.53418690238255e-113	c23
KCNQ2	2.8188358060091e-06	0.00467271501709283	0.486223662884927	0.0440076279888514	4.95967904165381e-05	c23
LINC00176	7.30498323095563e-08	0.0423039215249095	5.02431118314425	1.9656740501687	1.67552147708522e-06	c23
LLNLR-284B4.1	0.00194517345503978	0.00180448054487717	0.162074554294976	0.0110019069972129	0.016657856101568	c23
GPX4	0.000197611737134777	0.120568835891112	78.6061588330632	71.7361009241602	0.0022678235255515	c23
GAMT	0.00148840837398967	0.0475517712246637	11.5072933549433	8.14141117793751	0.0133219001535407	c23
RPS15	2.8861947358119e-107	0.30488244492282	100	99.9926653953352	1.4514544093798e-104	c23
AES	1.78423037418181e-27	0.347785631854498	83.3063209076175	69.0332991051782	1.93928574928007e-25	c23
EEF2	1.30110032880134e-88	0.504823107740465	99.1896272285251	94.902449757958	5.34625298519905e-86	c23
TMIGD2	5.29978768825247e-82	0.206020284275906	23.0145867098865	5.134223265366	2.07640751590673e-79	c23
CTB-50L17.7	0.00194677456703836	0.00148927638887587	0.162074554294976	0.0110019069972129	0.016657856101568	c23
PTPRS	2.49666877340069e-07	0.00958281199210042	0.972447325769854	0.139357488631363	5.28741405725726e-06	c23
RPL36	7.6978623987683e-111	0.374870322093921	100	99.9156520463547	4.11701231212856e-108	c23
AC104532.4	0.000247588860783855	0.00192880213567947	0.162074554294976	0.00733460466480857	0.0027456912533772	c23
ALKBH7	2.12014617720204e-18	0.237275957944997	52.998379254457	38.0702655126889	1.41178271333291e-16	c23
ADGRE1	0.000957205687867802	0.0437136571560266	9.23824959481361	6.12439489511515	0.00904179659294021	c23
CTB-133G6.1	1.2510690683017e-43	0.27384245210599	38.7358184764992	17.0822942643392	2.34186228818653e-41	c23
RPS28	1.1035111661885e-121	0.357948417019669	100	99.9963326976676	7.01541608180287e-119	c23
OLFM2	0.00355849386412633	0.0531175786231256	15.5591572123177	12.010415138624	0.0278861290951527	c23
ILF3-AS1	0.00248493858479094	0.0763261347740778	30.4700162074554	26.1148599090509	0.0205315156145037	c23
C19orf38	0.000473629242850361	0.00732929987826517	0.972447325769854	0.245709256271087	0.00486538527701221	c23
ZNF439	4.15825207318894e-05	0.034639133806574	5.83468395461913	2.9925187032419	0.000564724487521274	c23
CTD-2666L21.1	3.51466169959073e-07	0.00589956483691194	0.648298217179903	0.0660114419832771	7.29205734642919e-06	c23
CTD-2192J16.26	0.00684596893407927	0.00162564434060604	0.162074554294976	0.0146692093296171	0.0479209344436671	c23
ADGRL1	1.77991594457357e-06	0.0211932871106712	2.75526742301459	0.891154466774241	3.27360741465403e-05	c23
CTD-2562J15.6	1.76046236880684e-09	0.0729375002975175	13.290113452188	6.96053982690333	5.09158961841868e-08	c23
KLF2	1.64955686602213e-45	0.709389141302998	87.3581847649919	58.1597476895995	3.34820295444274e-43	c23
CTD-2521M24.8	0.00194357355213569	0.00180698933849853	0.162074554294976	0.0110019069972129	0.016657856101568	c23
B3GNT3	0.00684596893407927	0.00151381611180053	0.162074554294976	0.0146692093296171	0.0479209344436671	c23
RPL18A	4.72083609902052e-167	0.426093147026833	100	99.9779961860056	5.68085184001419e-164	c23
ARRDC2	2.46858740241577e-06	0.0906730532684502	21.2317666126418	14.8452398415725	4.38695062958844e-05	c23
UBA52	6.46727357333579e-60	0.275895328822276	99.837925445705	99.4425700454746	1.83116231747879e-57	c23
MEF2B	0.00156213657006887	0.00537674101560513	0.648298217179903	0.143024790963767	0.0138330169755324	c23
RP11-678G14.2	0.0062774817295221	0.00610281125561628	0.810372771474878	0.245709256271087	0.0448501843499825	c23
ZNF681	0.00677422559312034	0.0231281350852941	5.02431118314425	3.11720698254364	0.0477212538437376	c23
KIAA0355	0.00351527726715374	0.0388639980141651	10.2106969205835	7.20258178084201	0.0275964008013695	c23
SCGB2B2	0.000247588860783855	0.0016059495559961	0.162074554294976	0.00733460466480857	0.0027456912533772	c23
ZNF302	0.00416188252012307	0.0605862419680164	21.3938411669368	17.4966994279008	0.0319286133044232	c23
FXYD7	0.000393289799379637	0.0637908181895294	12.8038897893031	8.92988117940443	0.00412305740519523	c23
FXYD5	4.98162488104919e-22	0.282488416827166	98.8654781199352	94.4990465013936	4.02520068925831e-20	c23
CTD-3234P18.6	4.34531940878674e-06	0.0017332432618929	0.162074554294976	0.00366730233240428	7.24807881978517e-05	c23
SPINT2	2.28776456319549e-19	0.160832980535377	28.5251215559157	15.3513275634443	1.59264337174192e-17	c23
EIF3K	8.15388687713532e-09	0.156568015591629	93.192868719611	89.1374504914185	2.16328397195431e-07	c23
RPS16	2.3928436774488e-109	0.378447034616539	100	99.8386386973742	1.24037653643015e-106	c23
LGALS14	7.00181270132157e-27	0.00675342989555735	0.648298217179903	0.00733460466480857	7.44224218165076e-25	c23
CLC	3.20171797530802e-14	0.00336877310978109	0.324149108589951	0.00366730233240428	1.62712949411807e-12	c23
FBL	5.42987688269215e-21	0.255142992122253	52.1880064829822	36.992078626962	4.07470538274898e-19	c23
AC006129.2	5.65187848537682e-08	0.132599480621068	40.6807131280389	30.7576646618747	1.32430037333996e-06	c23
RPS19	3.16726576038577e-52	0.255184523251934	100	99.9853307906704	7.62270375217416e-50	c23
LYPD3	4.54868310765276e-09	0.0479476923923068	7.13128038897893	3.01085521490392	1.25112921330002e-07	c23
PHLDB3	1.9796867469876e-07	0.074485296965491	14.5867098865478	8.74284876045181	4.26220864236424e-06	c23
SNRPD2	0.000360458490809948	0.110703813582797	93.517017828201	89.595863282969	0.00382649287629186	c23
CTB-12A17.3	0.00684596893407927	0.00174180014525183	0.162074554294976	0.0146692093296171	0.0479209344436671	c23
GLTSCR2	1.39251665894186e-77	0.528904913913052	95.7860615883306	86.438315974769	5.09994090286816e-75	c23
RPL18	2.36794739843079e-172	0.449175672302762	100	99.9303212556843	3.46893998446639e-169	c23
FTL	3.54099590086909e-06	0.13303348103059	99.1896272285251	97.968314507848	6.10282945697613e-05	c23
FLT3LG	2.54120704634514e-15	0.243812622701743	62.8849270664506	49.0831744168989	1.40828010229528e-13	c23
RPL13A	2.82978340885703e-59	0.310227708564161	100	99.5269179991198	7.75176603073404e-57	c23
RPS11	1.18661473784297e-28	0.248655682046584	97.5688816855754	95.9072905970368	1.38345318259104e-26	c23
FCGRT	1.42604803825565e-07	0.0754991986273248	15.3970826580227	9.30394601730967	3.12413931085733e-06	c23
NOSIP	1.73515574994171e-58	0.512615305316929	69.6920583468395	47.0184832037553	4.60349116838866e-56	c23
RPS9	1.5672298407948e-107	0.419026920624984	99.837925445705	99.3838932081561	8.00094579632424e-105	c23
LAIR1	0.000788423843542723	0.0557579081354679	17.0178282009724	12.5421739768226	0.00763585886298606	c23
RPL28	1.52462838285329e-54	0.213444099949998	100	99.9926653953352	3.77726681851903e-52	c23
CCDC106	1.36786557657769e-07	0.0218432302077064	2.59319286871961	0.726125861816048	3.00644897176833e-06	c23
ZNF667-AS1	0.000379921677506689	0.00986499718532143	1.29659643435981	0.381399442570045	0.00400409164901794	c23
ZSCAN18	3.7598411573954e-05	0.0443738998515702	10.0486223662885	6.01070852281062	0.000515604753590886	c23
RPS5	6.4282765307746e-191	0.610640061712124	100	99.4095643244829	1.44396232951946e-187	c23
TPTEP1	1.1116582767101e-09	0.0117487639792229	1.13452188006483	0.139357488631363	3.31764517054651e-08	c23
IL17RA	0.00334540330265105	0.0635678242261463	24.9594813614263	20.4562124101511	0.026441477569675	c23
AC004019.13	2.97809808167374e-11	0.00276907940228937	0.162074554294976	0	1.0640937090553e-09	c23
CLTCL1	0.000346177666988393	0.00715442896023764	0.810372771474878	0.176030511955406	0.00368883944070428	c23
CCDC116	0.00024786133237103	0.00173148283000321	0.162074554294976	0.00733460466480857	0.0027456912533772	c23
KB-1125A3.11	0.00024786133237103	0.00183802718477524	0.162074554294976	0.00733460466480857	0.0027456912533772	c23
SLC2A11	1.85967172437817e-06	0.050957524867588	10.2106969205835	5.70265512688866	3.40727455580196e-05	c23
PIK3IP1	6.14679340129965e-16	0.267244909092053	77.9578606158833	68.2594983130409	3.5708630493688e-14	c23
EIF3L	1.19483390765784e-31	0.358027351200569	81.6855753646678	67.6727299398563	1.59125429583491e-29	c23
RPL3	1.96847758868326e-150	0.560896356368729	100	99.7616253483937	2.00987526888163e-147	c23
CACNA1I	6.1825849417162e-07	0.0122729977511304	1.45867098865478	0.300718791257151	1.2326391540011e-05	c23
RP5-1042K10.10	4.33814133271821e-06	0.00163753840089165	0.162074554294976	0.00366730233240428	7.24807881978517e-05	c23
ST13	1.54997408919217e-17	0.253211201650549	70.8265802269044	59.6009975062344	9.9286743272321e-16	c23
SMDT1	2.91370960466112e-06	0.147501968496719	69.8541329011345	63.0262578847	5.11325684476311e-05	c23
APP	5.91618927206251e-14	0.104473319310821	15.3970826580227	7.5326389907584	2.91007418004196e-12	c23
N6AMT1	0.00620309891823623	0.0301590709528953	6.96920583468395	4.65747396215344	0.0445074989248406	c23
RP1-100J12.1	0.00208741464570634	0.00786114775852225	0.972447325769854	0.286049581927534	0.0176733248331344	c23
TIAM1	0.0029065636008531	0.0537673450337127	18.9627228525122	14.8415725392401	0.023494095660822	c23
PAXBP1-AS1	0.0058850642810678	0.00741777701514377	0.972447325769854	0.322722605251577	0.0425700635221765	c23
IFNGR2	1.24883559884971e-57	0.134701690316238	15.3970826580227	3.32624321549069	3.21208142501085e-55	c23
LINC00114	9.24061288884151e-09	0.00300892319310631	0.324149108589951	0.0110019069972129	2.42675924143902e-07	c23
UMODL1	0.000170723316759522	0.00920759996252968	0.972447325769854	0.223705442276661	0.0019801553992755	c23
PDE9A	0.00525854926303072	0.0191947060083638	3.56564019448947	1.98034325949831	0.0386859298839645	c23
COL18A1	1.39618274490334e-10	0.090385516376316	15.2350081037277	8.15608038726713	4.6531138879103e-09	c23
SPATC1L	8.1787570096802e-05	0.0446330199101346	8.91410048622366	5.33959219598064	0.00103444083590152	c23
MCM3AP-AS1	0.000128187929496591	0.013490743870403	2.10696920583468	0.740795071145665	0.00154366122103578	c23
PRMT2	0.00154647037545168	0.0994259649325923	57.8606158833063	53.7259791697227	0.0137195294445679	c23
MT-CO1	0.00291612884151741	0.0899254309051178	99.837925445705	99.845973302039	0.0235430561786284	c23
MT-CO2	1.31016825793821e-09	0.137553648438989	100	99.9156520463547	3.86895786879669e-08	c23
MT-ATP8	9.9187712081289e-08	0.154073469534698	99.6758508914101	98.965820742262	2.23397778801267e-06	c23
MT-ATP6	1.92233485004689e-06	0.155470990525324	99.3517017828201	99.3252163708376	3.50872970950596e-05	c23
MT-CO3	1.79593267723915e-14	0.224596457157864	99.837925445705	99.5855948364383	9.23849704227421e-13	c23
MT-ND3	2.81997157545672e-10	0.176561461793638	99.5137763371151	99.2995452545108	8.98072989257454e-09	c23
MT-ND4L	5.02704259035259e-17	0.194658727591099	100	99.8386386973742	3.11935861950903e-15	c23
MT-ND4	2.77659046719492e-09	0.180313603563223	97.0826580226904	96.053982690333	7.87495279475299e-08	c23
MT-CYB	2.55758498148581e-19	0.274254605907876	100	99.5599237201115	1.77315367008607e-17	c23
