gene	p_val	avg_log2FC	pct.1	pct.2	p_val_adj	cluster
RPL22	4.450409691521e-05	0.0263722116696861	97.0663265306122	99.317368362791	0.000294949064016736	c18
IGSF21	4.12241650080537e-09	0.0022934144818204	0.127551020408163	0	5.54051462218334e-08	c18
MINOS1-NBL1	4.12241650080537e-09	0.00209768365836288	0.127551020408163	0	5.54051462218334e-08	c18
RPL11	4.72089101717136e-36	0.171919712814152	99.8724489795918	99.9815504962916	1.161063517756e-33	c18
RUNX3	0.0113379589781811	0.104534402448326	27.2959183673469	27.6742555625254	0.0469371163301184	c18
ZMYM4-AS1	0.0112846472738456	0.00589492703634345	0.38265306122449	0.0922475185417512	0.0467566287807372	c18
SZT2-AS1	4.12241650080537e-09	0.00227378977553404	0.127551020408163	0	5.54051462218334e-08	c18
ARTN	0.00138226567675928	0.00180106906925611	0.127551020408163	0.0073798014833401	0.00686325666264768	c18
RPS8	1.44309369995633e-31	0.183541851764525	100	99.9926201985167	2.54573817415333e-29	c18
RP11-155O18.6	0.00725887993829377	0.00138803741178179	0.127551020408163	0.0110697022250101	0.0311956992705532	c18
RPL5	3.09802615326428e-39	0.221965748272047	98.469387755102	99.5830412161913	9.07694723548578e-37	c18
NBPF6	0.00138226567675928	0.00200038572493348	0.127551020408163	0.0073798014833401	0.00686325666264768	c18
AC000032.2	0.00539679268975341	0.0044106856609225	0.38265306122449	0.0811778163167411	0.0238759890872573	c18
RP11-426L16.3	0.00725416973337438	0.00165705484964931	0.127551020408163	0.0110697022250101	0.0311921892542517	c18
TXNIP	0.000573893639734478	0.101619605083971	90.6887755102041	93.9374930814361	0.00309499129804423	c18
HIST2H3C	0.00138226567675928	0.00193940865956404	0.127551020408163	0.0073798014833401	0.00686325666264768	c18
RPS27	2.88065662979606e-44	0.191936180153972	100	100	1.11564189062469e-41	c18
FCRL3	5.39196070037903e-08	0.129845987976376	17.0918367346939	11.8519611822442	5.99791098839785e-07	c18
C1orf21	0.000268316322617207	0.0732914368929767	8.6734693877551	5.87801188148039	0.00153831039208171	c18
LGR6	0.0111669887348151	0.0194953095209442	2.4234693877551	1.36526327441792	0.0462975905538158	c18
RP11-338C15.5	4.12241650080537e-09	0.00197568079459527	0.127551020408163	0	5.54051462218334e-08	c18
ANGEL2	0.0117393336761272	0.00169713767648697	8.03571428571429	11.7080550533191	0.0484024851790785	c18
TGFB2	4.12241650080537e-09	0.00172238539505715	0.127551020408163	0	5.54051462218334e-08	c18
IBA57-AS1	5.409677399569e-05	0.00243905121614478	0.127551020408163	0.00368990074167005	0.000351404801043142	c18
AC079779.6	0.00138346706245541	0.00138264734438532	0.127551020408163	0.0073798014833401	0.00686517514026107	c18
AC092159.2	0.000134846150414211	0.0105319675102946	0.76530612244898	0.169735434116822	0.000815856741256315	c18
RPS7	9.79276346102527e-59	0.209870882115451	99.8724489795918	99.9520312903583	8.53045052462597e-56	c18
GREB1	0.00606461374805072	0.00391328173473634	0.255102040816327	0.0405889081583705	0.0265274692492303	c18
AC016735.2	0.00138226567675928	0.00159848902911379	0.127551020408163	0.0073798014833401	0.00686325666264768	c18
ZFP36L2	2.90175777349222e-30	0.32016431457499	96.6836734693878	97.3801704734143	4.5687769355162e-28	c18
RP11-417F21.1	0.00138226567675928	0.00198712899402967	0.127551020408163	0.0073798014833401	0.00686325666264768	c18
TSPYL6	5.409677399569e-05	0.0015670617283537	0.127551020408163	0.00368990074167005	0.000351404801043142	c18
RPS27A	3.95074706853013e-46	0.214887677130704	100	99.9815504962916	1.68501862945638e-43	c18
CD8A	9.11856379871827e-41	0.67301094500598	70.9183673469388	41.1018043614627	2.95423931378859e-38	c18
CD8B	1.68527005717122e-55	0.615729355334391	62.8826530612245	37.7808936939596	1.26185531791838e-52	c18
IGKV2-24	0.00138346706245541	0.00196067866425009	0.127551020408163	0.0073798014833401	0.00686517514026107	c18
IGKV2D-24	4.12241650080537e-09	0.00207980653153165	0.127551020408163	0	5.54051462218334e-08	c18
DUSP2	1.93739815540402e-73	0.891082993537347	85.4591836734694	69.0860115862883	2.96721333855378e-70	c18
RPL31	3.72373229797846e-09	0.057149411800284	93.8775510204082	97.5646655104978	5.09202256688662e-08	c18
AC012360.4	3.72062833414167e-05	0.00350363396971018	0.255102040816327	0.0184495037083502	0.000250275206808883	c18
AC016910.1	0.00138226567675928	0.00207755591576118	0.127551020408163	0.0073798014833401	0.00686325666264768	c18
WIPF1	0.000102174266416582	0.052108697550854	60.5867346938776	70.6431496992731	0.00063096235515787	c18
EEF1B2	2.37630255508246e-09	0.0759088911232255	93.3673469387755	97.5019371978894	3.35993026818919e-08	c18
IHH	0.00138226567675928	0.00235458552177791	0.127551020408163	0.0073798014833401	0.00686325666264768	c18
ASIC4	0.00138226567675928	0.0018722530700423	0.127551020408163	0.0073798014833401	0.00686325666264768	c18
ITM2C	2.02697020444558e-05	0.157195341039111	39.1581632653061	34.8474226043319	0.000143400919306829	c18
SPP2	5.409677399569e-05	0.00242245337569448	0.127551020408163	0.00368990074167005	0.000351404801043142	c18
RPL32	2.05018934977925e-12	0.0978966775980457	99.8724489795918	99.9815504962916	4.61758555825281e-11	c18
C3orf20	0.00725887993829377	0.0016146927110804	0.127551020408163	0.0110697022250101	0.0311956992705532	c18
RPL15	0.000243721562638101	0.0242662212727742	98.8520408163265	99.8524039703332	0.0014066382890593	c18
RP11-222K16.2	0.00410705146550897	0.0779076871176091	12.7551020408163	10.4424190989262	0.0185898699729795	c18
EOMES	1.11961210553396e-10	0.180251085627411	27.6785714285714	20.3276631858603	1.94254429886e-09	c18
CMC1	4.29801717543441e-13	0.29084844413457	38.7755102040816	33.7404523818309	1.08276307423954e-11	c18
TGFBR2	0.00835688648013851	0.095573957947833	42.3469387755102	47.7731449024021	0.0355571326003014	c18
RPSA	4.07423334388172e-07	0.0703130806280954	99.3622448979592	99.6715988339914	3.90324760559428e-06	c18
RPL14	6.11647734959043e-30	0.157683694125764	99.7448979591837	99.9483413896166	9.36766308259545e-28	c18
VIPR1-AS1	0.00725416973337438	0.00142810236375799	0.127551020408163	0.0110697022250101	0.0311921892542517	c18
RPL29	1.72591620651618e-11	0.0826306965607082	99.7448979591837	99.9372716873916	3.41674621987991e-10	c18
MTRNR2L12	1.70029398000124e-17	0.339197497947771	61.8622448979592	55.1012877753588	7.93486223852657e-16	c18
RPL24	9.24302852965361e-15	0.0842654567099737	98.7244897959184	99.7158776428914	3.01777716354795e-13	c18
RP11-797D24.4	5.409677399569e-05	0.00197773797492097	0.127551020408163	0.00368990074167005	0.000351404801043142	c18
COL6A6	0.00725416973337438	0.00172363321556806	0.127551020408163	0.0110697022250101	0.0311921892542517	c18
TPRG1	0.00901160559238277	0.0667887147453884	11.0969387755102	9.04394671783329	0.0380640640378269	c18
RPL35A	5.5080886909797e-53	0.207369648898932	99.8724489795918	99.9520312903583	3.25595684831351e-50	c18
LYAR	1.76999071368697e-21	0.293566400243501	42.984693877551	34.3123869967898	1.30214120320893e-19	c18
DTHD1	5.84397610070303e-07	0.102436089383651	12.8826530612245	8.42404339323272	5.46123795743617e-06	c18
KLF3	3.20846533923663e-06	0.132345832138348	22.7040816326531	18.497472417992	2.62265965890924e-05	c18
RPL9	5.20266964819381e-12	0.116997283436087	98.7244897959184	99.6383897273163	1.10738314040582e-10	c18
CHRNA9	0.00138226567675928	0.00134908746194326	0.127551020408163	0.0073798014833401	0.00686325666264768	c18
RP11-584P21.2	0.00138226567675928	0.00148645286803348	0.127551020408163	0.0073798014833401	0.00686325666264768	c18
CXCL3	0.00902579652585857	0.00385038516577665	0.38265306122449	0.0885576178000812	0.0381096726995337	c18
RP11-377G16.2	5.409677399569e-05	0.00142531452579738	0.127551020408163	0.00368990074167005	0.000351404801043142	c18
ARHGEF38	3.72062833414167e-05	0.00474448472060582	0.255102040816327	0.0184495037083502	0.000250275206808883	c18
RPL34	9.28992112511985e-37	0.198871870133561	100	99.9815504962916	2.38942444572357e-34	c18
RPS3A	6.41030328186539e-31	0.176700335003854	99.4897959183673	99.9557211911	1.06398403339494e-28	c18
FAM160A1	0.00899277685291952	0.00442300973158776	0.38265306122449	0.0885576178000812	0.0379940593457392	c18
HAND2-AS1	5.409677399569e-05	0.00225449525072536	0.127551020408163	0.00368990074167005	0.000351404801043142	c18
AF146191.4	0.00138346706245541	0.00179309642000643	0.127551020408163	0.0073798014833401	0.00686517514026107	c18
AC016549.1	0.00138226567675928	0.00247345918520864	0.127551020408163	0.0073798014833401	0.00686325666264768	c18
IL7R	3.84479972505744e-16	0.357996532333857	83.8010204081633	79.7424449282314	1.51516587059749e-14	c18
RPL37	1.30802794768836e-10	0.0900491222322763	99.8724489795918	99.9704807940666	2.24288517401585e-09	c18
PARP8	9.39645487181334e-05	0.137678723881389	43.2397959183673	46.9318475333014	0.00058438904526779	c18
GZMK	1.2440027479849e-94	1.12686078026073	87.8826530612245	50.6328179771964	4.19154285906033e-91	c18
GZMA	3.95651942359622e-17	0.414646056073397	73.0867346938776	52.4113501346814	1.74490792485145e-15	c18
PIK3R1	2.46537379782245e-07	0.168076308014709	48.3418367346939	50.0018449503708	2.44103158224595e-06	c18
TMEM171	0.00729710135821138	0.0228263734111951	2.4234693877551	1.32098446551788	0.0313373792493318	c18
FAM169A	0.00857082129422249	0.035245072625907	4.33673469387755	2.83753367034427	0.0363709386256338	c18
CTD-2503O16.4	0.000345353918162667	0.017234516158453	1.78571428571429	0.693701339433969	0.00193713249851388	c18
RPS23	1.55162407765924e-26	0.142283036375423	99.8724489795918	99.9815504962916	1.80277316112587e-24	c18
TSLP	1.96085447794307e-07	0.00542346025554228	0.38265306122449	0.0258293051916903	1.97456756664118e-06	c18
RPS14	1.32560998694095e-67	0.241821571242403	100	99.9852403970333	1.54017596206856e-64	c18
GNB2L1	6.51298120533989e-07	0.0257286532526764	97.9591836734694	99.7380170473414	6.02053192682366e-06	c18
RP3-416J7.4	4.12241650080537e-09	0.00191921045613505	0.127551020408163	0	5.54051462218334e-08	c18
LY86-AS1	0.00138226567675928	0.0015602945033985	0.127551020408163	0.0073798014833401	0.00686325666264768	c18
HIST1H2AD	0.00725416973337438	0.00248861419179799	0.127551020408163	0.0110697022250101	0.0311921892542517	c18
HIST1H4F	0.000620147551024294	0.0429311468470028	5.10204081632653	3.04785801261946	0.00332145153142784	c18
SAPCD1	0.00296031932206157	0.00467302056578536	0.38265306122449	0.073798014833401	0.0137693262337855	c18
PACSIN1	3.23969026171069e-05	0.0334780443477749	2.93367346938776	1.25456625216782	0.000220387893555582	c18
RPL10A	0.000375341620084463	0.033866042493353	97.9591836734694	99.4059259805911	0.00209106490527875	c18
ENPP5	0.00505669057689187	0.0207765836531223	2.29591836734694	1.19921774104277	0.0224686973886054	c18
EEF1A1	6.93077008796337e-23	0.122599686565628	100	99.9963100992583	5.92703978030046e-21	c18
PNRC1	1.09094899344033e-13	0.10987975711284	87.5	93.5131544961441	2.99335793037285e-12	c18
FYN	8.93698301036165e-21	0.258670951036488	63.6479591836735	64.2153426072839	6.03452315733718e-19	c18
SAMD3	2.33844045954074e-21	0.282531559076374	38.0102040816327	28.6336297553596	1.70914127643743e-19	c18
RPS12	2.66696241166553e-53	0.246186040217767	99.8724489795918	99.9963100992583	1.60465413390462e-50	c18
RP1-225E12.2	0.000870862115902569	0.0093563885270999	0.76530612244898	0.202944540791853	0.00453132059048553	c18
SCAF8	0.00906633900680001	0.00286964334209747	7.39795918367347	11.0438729198185	0.0382616766652204	c18
TOMM7	4.5705034041522e-05	0.0281110831834863	92.4744897959184	96.8967934762555	0.000302254252599616	c18
AC004549.6	0.00138226567675928	0.00211662849664396	0.127551020408163	0.0073798014833401	0.00686325666264768	c18
AOAH	5.10981055429366e-05	0.136748021036071	25.6377551020408	22.4641157152873	0.000334635484579924	c18
TRGV6	0.00934898123580106	0.00362926320848442	0.255102040816327	0.0442788089000406	0.0393362354844007	c18
COL1A2	0.00725416973337438	0.0019357682999191	0.127551020408163	0.0110697022250101	0.0311921892542517	c18
RP11-307C18.1	5.409677399569e-05	0.00176530898184053	0.127551020408163	0.00368990074167005	0.000351404801043142	c18
CTB-107G13.1	0.000215888248035284	0.0107704299568819	0.892857142857143	0.228773845983543	0.00125828379680001	c18
RELN	4.12241650080537e-09	0.00247722981468663	0.127551020408163	0	5.54051462218334e-08	c18
RP11-251G23.5	0.00607351500948215	0.00311035685537321	0.255102040816327	0.0405889081583705	0.0265560621242527	c18
TRBV15	6.73280485604414e-05	0.0365833498904019	3.31632653061224	1.51654920482639	0.000429162177108497	c18
TAS2R41	0.00138226567675928	0.00158078674568994	0.127551020408163	0.0073798014833401	0.00686325666264768	c18
RPS4X	3.26901693241728e-18	0.118914598738329	100	99.9741706948083	1.68162223695981e-16	c18
TSC22D3	0.00368653426951789	0.0171919387727906	88.1377551020408	94.2400649422531	0.0168357394520379	c18
CAPN6	4.12241650080537e-09	0.00244577266140803	0.127551020408163	0	5.54051462218334e-08	c18
RPL39	2.16722872169455e-50	0.22567379975906	99.7448979591837	99.9520312903583	1.05829861664893e-47	c18
AKAP14	5.41675410070883e-05	0.00159875259279006	0.127551020408163	0.00368990074167005	0.000351457948525483	c18
DDX26B-AS1	5.41675410070883e-05	0.00136853564357522	0.127551020408163	0.00368990074167005	0.000351457948525483	c18
PLXNB3	5.409677399569e-05	0.0018694243031777	0.127551020408163	0.00368990074167005	0.000351404801043142	c18
RPL10	3.41936830996423e-52	0.192646589593584	99.8724489795918	99.9963100992583	1.92020326393225e-49	c18
LINC00535	5.41675410070883e-05	0.00127411783572832	0.127551020408163	0.00368990074167005	0.000351457948525483	c18
RPL30	2.22280428512956e-85	0.263794915875202	100	99.988930297775	4.99301117221036e-82	c18
PABPC1	7.99115693106772e-09	0.0883157863023412	94.1326530612245	96.9152429799638	1.02106197055516e-07	c18
KB-431C1.5	0.00138226567675928	0.00219835125300852	0.127551020408163	0.0073798014833401	0.00686325666264768	c18
LINC00861	0.00253614770179001	0.121070867163623	40.5612244897959	43.3415741116564	0.0119564797347296	c18
EEF1D	1.86521991918527e-15	0.0827442820065576	96.1734693877551	99.228810744991	6.70722731665192e-14	c18
RP11-661A12.12	1.12996265177061e-08	0.00389258002042144	0.255102040816327	0.0073798014833401	1.40646330213368e-07	c18
RPL8	5.56495784731173e-14	0.0834684774785694	99.4897959183673	99.8893029777499	1.60261273254121e-12	c18
TMEM2	0.00789349033530506	0.101569349182499	40.5612244897959	45.0426183535663	0.0336941321880319	c18
LINC00484	0.00984231843573545	0.00707947929698014	0.510204081632653	0.143906128925132	0.0412574119648756	c18
RP11-274J16.5	0.00367099313619783	0.00404571339878944	0.255102040816327	0.0368990074167005	0.0167693116500881	c18
OR1K1	0.00138226567675928	0.00213577478368097	0.127551020408163	0.0073798014833401	0.00686325666264768	c18
RPL12	0.00108066669876365	0.0417629858477078	99.8724489795918	99.9631009925833	0.00551613145707351	c18
RPL7A	7.50655077258932e-63	0.224882247967643	99.8724489795918	99.9594110918416	7.43899181563602e-60	c18
RPLP2	1.45919595803249e-69	0.25516089172868	99.8724489795918	99.9631009925833	1.89100571576718e-66	c18
TAF10	0.00699001133905275	0.00185996869615535	13.6479591836735	19.6192022434597	0.0301873163365859	c18
RP11-152H18.4	3.72328014356875e-05	0.00397638428218215	0.255102040816327	0.0184495037083502	0.000250403595124562	c18
DKK3	1.46729488545048e-07	0.0766092786691567	7.6530612244898	4.00723220545367	1.50782408252105e-06	c18
RP11-531H8.1	4.12241650080537e-09	0.00238228287738917	0.127551020408163	0	5.54051462218334e-08	c18
RPS13	2.07279236807084e-17	0.107566705188942	99.234693877551	99.9298918859083	9.54107459696434e-16	c18
MS4A1	0.00276557927840407	0.0537942727124007	8.6734693877551	6.30604036751411	0.0129475376138039	c18
CTD-2531D15.4	0.00138226567675928	0.00211424494530931	0.127551020408163	0.0073798014833401	0.00686325666264768	c18
RP11-21A7A.3	5.409677399569e-05	0.00270252294325529	0.127551020408163	0.00368990074167005	0.000351404801043142	c18
FAU	9.48144117544178e-52	0.180166998502957	99.4897959183673	99.9483413896166	5.15270449944089e-49	c18
MALAT1	6.45026991357622e-24	0.223295172683787	100	99.9741706948083	6.13941792282591e-22	c18
CTSW	2.50256736858724e-09	0.211032989544059	59.5663265306122	52.1715065864728	3.51650784910249e-08	c18
RPS3	3.18639924128699e-94	0.288036800399272	100	99.9926201985167	9.76023054872034e-91	c18
RP11-677I18.3	0.00138226567675928	0.00190989709018659	0.127551020408163	0.0073798014833401	0.00686325666264768	c18
RPS25	7.85291070205666e-32	0.146490359624938	99.6173469387755	99.97786059555	1.42255899567257e-29	c18
CRTAM	1.90947134285904e-14	0.205738256043875	26.9132653061224	18.0436146267665	5.90796395099105e-13	c18
RP11-184A2.2	4.12241650080537e-09	0.00150986363711045	0.127551020408163	0	5.54051462218334e-08	c18
RP11-414H17.5	0.00725887993829377	0.00137931920713023	0.127551020408163	0.0110697022250101	0.0311956992705532	c18
RP5-1031D4.2	0.00138226567675928	0.00169707866665911	0.127551020408163	0.0073798014833401	0.00686325666264768	c18
C1QL3	0.00725416973337438	0.00196923401398143	0.127551020408163	0.0110697022250101	0.0311921892542517	c18
CUBN	0.00410527244093487	0.0186371139300659	2.29591836734694	1.17707833659275	0.0185843140702485	c18
ANKRD30A	0.00725416973337438	0.00201075998082729	0.127551020408163	0.0110697022250101	0.0311921892542517	c18
A1CF	4.12241650080537e-09	0.00252610059601874	0.127551020408163	0	5.54051462218334e-08	c18
RP11-179K3.2	4.12241650080537e-09	0.0019914670655754	0.127551020408163	0	5.54051462218334e-08	c18
RPS24	1.83901502220891e-27	0.131843024141832	99.8724489795918	99.966790893325	2.26973524389403e-25	c18
RP11-149I23.3	5.409677399569e-05	0.00216876430347806	0.127551020408163	0.00368990074167005	0.000351404801043142	c18
RP11-108K14.8	0.00042523425030666	0.00329683441033891	0.255102040816327	0.0258293051916903	0.00234882669341518	c18
SLC6A13	0.000425002172672773	0.00324407152751266	0.255102040816327	0.0258293051916903	0.0023479296943821	c18
TAS2R10	0.00138226567675928	0.00158356332667109	0.127551020408163	0.0073798014833401	0.00686325666264768	c18
PRH2	0.00725416973337438	0.00193520579811046	0.127551020408163	0.0110697022250101	0.0311921892542517	c18
KIAA1551	0.00274270587209908	0.0468259815118632	59.0561224489796	67.2226117117449	0.012851165575651	c18
NELL2	0.00126869761006104	0.12544252433764	33.8010204081633	34.2902475923398	0.00637451495278803	c18
PCBP2	0.00125345894864795	0.00825745119656407	78.4438775510204	87.5761042027969	0.00630452990233529	c18
RPS26	0.00605589618594873	0.0588168585181612	87.1173469387755	94.9190066787203	0.0264962168665571	c18
RPL41	7.01517296677527e-43	0.252903592116947	99.7448979591837	99.9114423821999	2.46217956190131e-40	c18
NACA	0.000945273470423725	0.0195583840335125	98.469387755102	99.631009925833	0.0048857254659391	c18
RP11-571M6.7	1.13010826033469e-05	0.00840837164688554	0.637755102040816	0.0996273200250913	8.37060182979052e-05	c18
IFNG-AS1	2.22351294788581e-14	0.172600490978108	20.0255102040816	12.2873694697613	6.81664167404359e-13	c18
RP11-587P21.2	0.00725416973337438	0.00168349143362452	0.127551020408163	0.0110697022250101	0.0311921892542517	c18
RP11-587P21.3	5.409677399569e-05	0.00181376732587651	0.127551020408163	0.00368990074167005	0.000351404801043142	c18
BTG1	1.01450854072731e-16	0.140821040799137	99.3622448979592	99.8782332755249	4.27820410153515e-15	c18
RPL6	5.64089091571819e-43	0.185573156094347	99.6173469387755	99.8856130770082	2.02195934589584e-40	c18
HRK	4.12241650080537e-09	0.00135206977517093	0.127551020408163	0	5.54051462218334e-08	c18
RPLP0	1.36966660177512e-19	0.144950043214137	98.9795918367347	99.6900483376997	8.12492015496671e-18	c18
LRRC43	3.72062833414167e-05	0.00427578286653728	0.255102040816327	0.0184495037083502	0.000250275206808883	c18
LINC00943	0.00367393299238737	0.00308731339933209	0.255102040816327	0.0368990074167005	0.0167804660763861	c18
TPTE2	0.00138226567675928	0.00180230024902978	0.127551020408163	0.0073798014833401	0.00686325666264768	c18
RPL21	3.86428953672866e-08	0.103971042656974	97.7040816326531	99.4169956828161	4.40918969355013e-07	c18
RP11-290D2.6	3.97149010535304e-06	0.114632072821104	10.5867346938776	6.85214567728128	3.19368466849082e-05	c18
RP11-545P6.2	4.12241650080537e-09	0.00188218951255799	0.127551020408163	0	5.54051462218334e-08	c18
TRAV37	0.00138346706245541	0.00136115450809333	0.127551020408163	0.0073798014833401	0.00686517514026107	c18
RPS29	8.29049844462805e-31	0.167104557515423	98.9795918367347	99.7527766503081	1.3693139931044e-28	c18
RPL36AL	3.62064891765148e-14	0.0561681624685022	91.7091836734694	97.8266484631563	1.07012407571359e-12	c18
PTGDR	2.14725592231688e-05	0.0982276071879433	12.2448979591837	8.59377882734955	0.000150980052267415	c18
RP11-355I22.5	5.409677399569e-05	0.00233125036657547	0.127551020408163	0.00368990074167005	0.000351404801043142	c18
YLPM1	0.00923022601151821	0.00286121395724503	9.94897959183673	14.3426441828715	0.0388948518299268	c18
TC2N	1.67201900419057e-06	0.152218306960177	49.1071428571429	51.7102689937641	1.43429112550297e-05	c18
PPP2R5C	2.03327439245946e-05	0.117850971128632	52.1683673469388	57.5403121656027	0.000143775755256095	c18
CH17-224D4.1	0.00100276898094095	0.00437626197563134	0.255102040816327	0.0295192059333604	0.00515207350470027	c18
RP11-932O9.8	0.00138226567675928	0.00174397352244756	0.127551020408163	0.0073798014833401	0.00686325666264768	c18
RPS2	4.79734644334089e-32	0.210135498367602	99.4897959183673	99.9225120844249	8.83288475748239e-30	c18
CCDC64B	0.00203177613355851	0.00434030940284431	0.255102040816327	0.0332091066750304	0.00974084590838369	c18
AJ003147.9	0.00725887993829377	0.00138200714964666	0.127551020408163	0.0110697022250101	0.0311956992705532	c18
LITAF	8.00827675713305e-05	0.0999021060702558	52.9336734693878	60.3077377218553	0.000503743391239567	c18
ABCC6	5.409677399569e-05	0.00156249896254892	0.127551020408163	0.00368990074167005	0.000351404801043142	c18
RPS15A	6.0918127910764e-62	0.193898865482367	100	99.9815504962916	5.86450114807223e-59	c18
CRYM-AS1	5.409677399569e-05	0.00149042502064477	0.127551020408163	0.00368990074167005	0.000351404801043142	c18
TRIM72	1.12996265177061e-08	0.00325864002390232	0.255102040816327	0.0073798014833401	1.40646330213368e-07	c18
RP11-474B12.1	0.00725416973337438	0.00173731379085743	0.127551020408163	0.0110697022250101	0.0311921892542517	c18
LINC01227	0.00725416973337438	0.00234393593369409	0.127551020408163	0.0110697022250101	0.0311921892542517	c18
RP11-517C16.4	4.12241650080537e-09	0.0027713210356152	0.127551020408163	0	5.54051462218334e-08	c18
RPL13	6.07196242387957e-25	0.152536967782193	100	99.9926201985167	6.27572705246006e-23	c18
RCVRN	5.41675410070883e-05	0.00144090984796797	0.127551020408163	0.00368990074167005	0.000351457948525483	c18
TBC1D28	5.409677399569e-05	0.00228330101707617	0.127551020408163	0.00368990074167005	0.000351404801043142	c18
FAM27L	5.409677399569e-05	0.00165090078546742	0.127551020408163	0.00368990074167005	0.000351404801043142	c18
RPL23A	1.20859680148883e-55	0.243106202207167	99.8724489795918	99.9077524814582	9.25510468849199e-53	c18
CCL5	3.94682304162475e-79	1.27899343271974	96.0459183673469	63.9349101509169	7.38801419802801e-76	c18
CCL4	3.9227002503606e-75	1.02191427851287	66.8367346938776	37.4672521309177	6.6085731117825e-72	c18
AC131056.3	0.00390268851183422	0.0412761655891056	4.8469387755102	3.11796612671119	0.0177387274676571	c18
CCL3L3	1.3626742797016e-05	0.0903281471100004	11.0969387755102	7.26910446109	9.94885095997093e-05	c18
CCL4L2	3.64912025790815e-15	0.265262970957826	27.8061224489796	17.9107782000664	1.26625600381007e-13	c18
RPL19	2.53115395526393e-34	0.155074930747339	99.8724489795918	99.9963100992583	5.57416348814791e-32	c18
RP11-1079K10.4	0.00606461374805072	0.00304273082428149	0.255102040816327	0.0405889081583705	0.0265274692492303	c18
PECAM1	9.67413083209273e-08	0.12218483684822	15.0510204081633	10.143537138851	1.02632293531654e-06	c18
RP13-766D20.2	0.00607128859153527	0.00354095971151863	0.255102040816327	0.0405889081583705	0.0265497725896417	c18
RP11-703M24.5	4.12241650080537e-09	0.00155035877501695	0.127551020408163	0	5.54051462218334e-08	c18
RP11-172F10.1	0.00138226567675928	0.00178302646894909	0.127551020408163	0.0073798014833401	0.00686325666264768	c18
RP11-691H4.4	0.00138226567675928	0.00258312698909146	0.127551020408163	0.0073798014833401	0.00686325666264768	c18
RP11-13N13.6	0.00725416973337438	0.00228417799511637	0.127551020408163	0.0110697022250101	0.0311921892542517	c18
GATA6	0.00203267029412945	0.00356770560740122	0.255102040816327	0.0332091066750304	0.00974236029735385	c18
GAREM1	0.00725416973337438	0.0020914529846708	0.127551020408163	0.0110697022250101	0.0311921892542517	c18
RP11-54G14.1	0.00725416973337438	0.00185024207194446	0.127551020408163	0.0110697022250101	0.0311921892542517	c18
RP11-845C23.3	0.00138226567675928	0.00165826668525774	0.127551020408163	0.0073798014833401	0.00686325666264768	c18
RP11-638L3.1	0.00725416973337438	0.00143466378636003	0.127551020408163	0.0110697022250101	0.0311921892542517	c18
SNAP25-AS1	0.00138226567675928	0.00215521178841736	0.127551020408163	0.0073798014833401	0.00686325666264768	c18
CST7	4.55524022983418e-89	0.859108362188393	86.3520408163265	61.7578687133316	1.09631617360023e-85	c18
RP1-63M2.5	4.86991947676413e-07	0.00357418901673027	0.255102040816327	0.0110697022250101	4.61696867895584e-06	c18
RP4-616B8.5	5.409677399569e-05	0.00266521315072456	0.127551020408163	0.00368990074167005	0.000351404801043142	c18
RPS21	1.9866468225814e-44	0.213756029901635	99.7448979591837	99.8782332755249	7.78349744651832e-42	c18
GZMM	9.71673205093708e-14	0.221234575703494	59.8214285714286	58.868676432604	2.69905663416549e-12	c18
AZU1	0.00138226567675928	0.0019765098609777	0.127551020408163	0.0073798014833401	0.00686325666264768	c18
RPS15	6.76758856252398e-32	0.142122142077633	100	99.9926201985167	1.2325790758145e-29	c18
AC004490.1	5.409677399569e-05	0.00198437414286541	0.127551020408163	0.00368990074167005	0.000351404801043142	c18
AC005786.5	5.41675410070883e-05	0.00138840627329847	0.127551020408163	0.00368990074167005	0.000351457948525483	c18
MATK	6.985673289555e-08	0.163528517457154	29.2091836734694	24.4086934061474	7.60993455603835e-07	c18
SEMA6B	0.00138226567675928	0.00182808960423324	0.127551020408163	0.0073798014833401	0.00686325666264768	c18
RPL36	1.47893549411412e-13	0.0952086154939669	99.3622448979592	99.9335817866499	3.98331355225269e-12	c18
RPS28	6.68689235569635e-46	0.195198467138677	100	99.9963100992583	2.81635188791041e-43	c18
PODNL1	2.48137061326496e-05	0.00523413030535389	0.38265306122449	0.0405889081583705	0.000172279623827219	c18
KLF2	7.06132360803963e-13	0.325122276153825	65.6887755102041	58.6066934799454	1.71415156807844e-11	c18
CTD-3032J10.3	5.409677399569e-05	0.00183657555479474	0.127551020408163	0.00368990074167005	0.000351404801043142	c18
RPL18A	4.51982332884276e-16	0.104398985857756	99.7448979591837	99.9852403970333	1.7605887542431e-14	c18
HSPB6	0.00138226567675928	0.00216650575200965	0.127551020408163	0.0073798014833401	0.00686325666264768	c18
HCST	6.93406713270919e-09	0.113342188367485	87.2448979591837	90.516955093908	8.94131105891709e-08	c18
CTC-454I21.3	5.409677399569e-05	0.00244193201285921	0.127551020408163	0.00368990074167005	0.000351404801043142	c18
CTD-2528L19.4	5.409677399569e-05	0.00216259481306325	0.127551020408163	0.00368990074167005	0.000351404801043142	c18
ZFP36	1.54797390904677e-05	0.163858215783222	81.7602040816327	83.0449060920261	0.000112094203506172	c18
RPS16	1.1566207935507e-12	0.0858049789379902	99.1071428571429	99.8634736725582	2.71576174340748e-11	c18
AC011513.4	4.12241650080537e-09	0.00192864864004666	0.127551020408163	0	5.54051462218334e-08	c18
RPS19	0.011078666583932	0.0376980155315865	100	99.9852403970333	0.0459710088520944	c18
CTB-174O21.2	4.12241650080537e-09	0.00165231799908245	0.127551020408163	0	5.54051462218334e-08	c18
RPL18	1.81842752692812e-16	0.0805524890420246	99.234693877551	99.9520312903583	7.52703895482998e-15	c18
FTL	4.50753437507409e-10	0.0702677362182005	94.0051020408163	98.1107708202649	7.10368864517055e-09	c18
RPL13A	1.16432229486016e-30	0.175917318906309	98.469387755102	99.5682816132246	1.90440171859312e-28	c18
NKG7	1.63033714235788e-44	0.715343410504567	72.3214285714286	44.0795542599904	6.46265643230662e-42	c18
RPL28	6.38728726702571e-72	0.218135921558431	99.8724489795918	99.9963100992583	9.35709813805062e-69	c18
RPS5	0.000253009341140688	0.0089672019818976	97.4489795918367	99.4797239954245	0.00145500883092582	c18
IGLV2-14	1.34301264933306e-21	0.20971406669079	22.5765306122449	12.4386554001697	1.00558818236951e-19	c18
IGLV3-12	0.00553383817285825	0.00619109203698197	0.637755102040816	0.188184937825173	0.0244473046366722	c18
CABP7	0.00203177613355851	0.00432221788956118	0.255102040816327	0.0332091066750304	0.00974084590838369	c18
RPL3	4.54829314083019e-05	0.0685137105041913	99.234693877551	99.7822958562415	0.000300903571739903	c18
MCHR1	5.409677399569e-05	0.00180181198054786	0.127551020408163	0.00368990074167005	0.000351404801043142	c18
RP4-669P10.20	9.09546653308276e-07	0.00552301983391419	0.38265306122449	0.0295192059333604	8.17669822213689e-06	c18
LINC00159	4.12241650080537e-09	0.00232449665978837	0.127551020408163	0	5.54051462218334e-08	c18
MIS18A-AS1	0.00138226567675928	0.00245306304139677	0.127551020408163	0.0073798014833401	0.00686325666264768	c18
AP001469.7	0.00138226567675928	0.00171376672102219	0.127551020408163	0.0073798014833401	0.00686325666264768	c18
AP001469.9	0.00296905743248966	0.00365644739758213	0.38265306122449	0.073798014833401	0.0138054211988137	c18
MT-ND1	7.7997596839472e-50	0.350977527592519	98.3418367346939	98.6347367255821	3.65007087209607e-47	c18
MT-ND2	1.11405620297496e-59	0.4146896628611	94.7704081632653	95.1330209217372	1.04269471397328e-56	c18
MT-CO1	4.2339581100677e-127	0.445026146503122	100	99.8413342681082	2.85317969121242e-123	c18
MT-CO2	5.29805329713824e-153	0.468194890342629	100	99.9151322829416	1.78512607793776e-148	c18
MT-ATP8	1.13177303209413e-19	0.192644175640208	98.5969387755102	98.9926570975241	6.78540223191809e-18	c18
MT-ATP6	2.33182364110178e-29	0.27754153596735	99.3622448979592	99.3247481642744	3.38657180014152e-27	c18
MT-CO3	8.90680494667248e-103	0.477831758568731	99.7448979591837	99.586731116933	3.75132357341478e-99	c18
MT-ND3	8.51081995961662e-91	0.419360867646365	99.4897959183673	99.2989188590827	2.20587359784094e-87	c18
MT-ND4L	1.01926478425647e-136	0.481102897816576	99.6173469387755	99.8487140695915	1.14477025469126e-132	c18
MT-ND4	1.68937994690905e-65	0.411686715171936	96.1734693877551	96.0739456108631	1.77881149784855e-62	c18
MT-ND5	6.33212557567671e-69	0.435837009621894	96.3010204081633	96.7528873473304	7.61980854095896e-66	c18
MT-ND6	2.23000198061854e-15	0.286219520415224	53.1887755102041	54.0275266595329	7.95950071344927e-14	c18
MT-CYB	5.21768494817621e-93	0.496347282028772	100	99.5572119109996	1.46503897203208e-89	c18
