gene	p_val	avg_log2FC	pct.1	pct.2	p_val_adj	cluster
TTLL10-AS1	1.08963889831562e-06	0.00095440966502451	0.088809946714032	0	1.65985281991646e-05	c6
MEGF6	0.0006161972612132	0.0211772874827916	4.26287744227353	2.60099405807392	0.00478280362112821	c6
RPL22	3.46405301610996e-63	0.254673819622237	99.7335701598579	99.2339026122052	1.1789677002506e-60	c6
RNF207	3.80547057563163e-05	0.0258461617509275	3.90763765541741	2.11143914197093	0.00040602129694532	c6
ESPN	7.33858669769352e-23	0.032039612771443	3.01953818827709	0.575507305953137	6.43922760916889e-21	c6
TNFRSF25	1.0315823018764e-06	0.0907119241175292	30.461811722913	25.475540939497	1.61141094480405e-05	c6
DHRS3	1.86900900370548e-59	0.214381573100778	27.4422735346359	11.8240591950372	5.7774669147571e-57	c6
RP11-288I21.1	1.08963889831562e-06	0.00108783837832363	0.088809946714032	0	1.65985281991646e-05	c6
NBPF1	1.8541230316742e-05	0.0323369244203347	5.32859680284192	3.09428603460518	0.000215497831766921	c6
RP11-108M9.4	0.000671523958987723	0.0296201685592623	7.10479573712256	4.92544564445607	0.00514819755952955	c6
PADI6	1.08963889831562e-06	0.0011653891196468	0.088809946714032	0	1.65985281991646e-05	c6
CAMK2N1	0.0022165284611359	0.0185348254579033	3.10834813499112	1.85731903284876	0.0143926980091565	c6
TCEA3	0.00226507431209743	0.0180950223066923	3.90763765541741	2.4664598826563	0.0146627115988109	c6
MDS2	3.54924483982682e-11	0.0541358483859059	8.34813499111901	4.28640831122239	1.13677049080917e-09	c6
RPL11	4.54910717393014e-119	0.277689697643911	100	99.9775776374304	4.94443926188394e-116	c6
LDLRAP1	3.25823477926497e-08	0.102619374538674	34.2806394316163	27.6542471691767	6.67373633146224e-07	c6
UBXN11	4.97060923320052e-06	0.0798621997420316	21.4031971580817	16.9662543443328	6.57556762871843e-05	c6
CD52	4.0657283988643e-05	0.114005945565664	99.2007104795737	97.4513247879218	0.000430247024721526	c6
AIM1L	2.58006956525938e-05	0.0240952770938935	3.64120781527531	1.8872155162749	0.000288717581972267	c6
EPB41	0.00123347665103588	0.0664702723538782	39.7868561278863	37.0566912066968	0.00869108370556316	c6
GJB5	1.08963889831562e-06	0.00106516210599418	0.088809946714032	0	1.65985281991646e-05	c6
RPS8	5.12768491994198e-62	0.219403510775678	100	99.9925258791435	1.71061599695569e-59	c6
PLK3	8.99427974189172e-08	0.10540243037144	28.2415630550622	23.0389775402668	1.71701564659093e-06	c6
CDKN2C	1.87027210841866e-06	0.0507347532461184	9.50266429840142	6.16988676706902	2.71859139003703e-05	c6
RAB3B	0.00557559013041862	0.00179800476439765	0.177619893428064	0.0261594229978699	0.0318671268018301	c6
DAB1	3.48415482612471e-05	0.00683712265886441	0.799289520426288	0.201801263126425	0.000376153099322376	c6
JUN	2.90907614863442e-33	0.438971925242064	88.0106571936057	82.2900706304421	4.17099624476971e-31	c6
INADL	5.02381681841819e-10	0.0702356746359086	12.7886323268206	7.91509398706977	1.38520854238775e-08	c6
PDE4B	5.98963410599215e-06	0.100931539964899	41.2966252220249	36.5447139280242	7.77406516052771e-05	c6
IL23R	0.000804053813622865	0.0126921749204041	1.33214920071048	0.556822003811802	0.0060338060570621	c6
LPAR3	0.000943648262845947	0.00258555045832691	0.266429840142096	0.0411076647109384	0.00694523472440615	c6
ODF2L	3.23912983870565e-12	0.143950790287579	41.9182948490231	34.6687095930341	1.18888061857678e-10	c6
TGFBR3	0.00112041064250435	0.0409404523449077	12.6110124333925	9.85089128891214	0.00798458464224654	c6
BTBD8	0.00591583136565408	0.0124268399093261	2.13143872113677	1.21080757875855	0.0334948785135857	c6
RPL5	1.32371763667269e-99	0.329968453516751	99.8223801065719	99.5403415673231	9.10231470409176e-97	c6
SLC44A3	0.0021893153491311	0.0056296505924682	0.621669626998224	0.194327142269891	0.0142269607277962	c6
CDC14A	3.87361013599402e-18	0.162536932500214	32.5932504440497	23.4014724018087	2.46259282872043e-16	c6
RP4-575N6.4	2.23575795061763e-13	0.0428506754442452	5.77264653641208	2.33566276766695	9.20924552421888e-12	c6
S1PR1	3.86263560937174e-23	0.161827274934496	29.3072824156306	18.4050226092156	3.45219215443425e-21	c6
MAGI3	0.000877888900510494	0.0122651146846338	1.50976909413854	0.668933816659815	0.00650816031106724	c6
LINC00623	2.23668285981841e-05	0.0652266346198949	20.0710479573712	16.0020927538398	0.000254432114377858	c6
AC241585.2	9.84796998912365e-05	0.075549949165883	28.3303730017762	24.6160170409956	0.000948320951167569	c6
CH17-373J23.1	2.64343831387577e-05	0.0312431486082983	6.12788632326821	3.71463806569752	0.00029492718724414	c6
TXNIP	3.30653851771648e-60	0.526159213487909	97.069271758437	93.7105272992264	1.03157878533277e-57	c6
AC245100.1	1.00178691804276e-06	0.0920931953995923	32.1492007104796	27.2394334616391	1.56923330620794e-05	c6
MCL1	0.00308867241721537	0.0760969430404119	64.7424511545293	63.178743600284	0.0191392444130205	c6
RORC	0.00811831153890764	0.0104785931515943	1.50976909413854	0.788519750364363	0.044168963182941	c6
THEM4	4.8310582343825e-24	0.195279038540438	40.1420959147425	28.8314212040809	4.4842335027351e-22	c6
S100A10	1.2142717768546e-22	0.241992155554737	91.1190053285968	83.366344033783	1.05176537916039e-20	c6
S100A11	5.02639507284293e-37	0.372029837520046	92.8063943161634	78.9939833327105	8.30192919531224e-35	c6
S100A9	7.20675600567332e-05	0.00666573860729739	0.799289520426288	0.213012444411226	0.000715873929407892	c6
S100A4	1.92354438068376e-09	0.292392638072803	97.6909413854352	87.4920587465899	4.89885898433551e-08	c6
RPS27	4.03244164005223e-64	0.213111759651365	100	100	1.40071225381361e-61	c6
PBXIP1	0.000735862061319176	0.0671393649042017	50.3552397868561	47.0383796105983	0.00558215766568248	c6
MUC1	0.00337232851180338	0.00389414514517661	0.44404973357016	0.119585933704548	0.0206670128913611	c6
SSR2	8.91931405350445e-06	0.0697100374501463	82.5932504440497	83.0748533203782	0.000111844945187487	c6
RP11-66D17.5	0.000960575806433597	0.000841165690583679	0.088809946714032	0.00373706042826712	0.00697084669868052	c6
RP11-190A12.7	1.08963889831562e-06	0.00118313300961521	0.088809946714032	0	1.65985281991646e-05	c6
RCSD1	0.000153780862350583	0.0761503260127864	55.3285968028419	53.2792705258044	0.001412620604155	c6
RP11-46A10.2	1.08963889831562e-06	0.000879392248741996	0.088809946714032	0	1.65985281991646e-05	c6
NCF2	0.00122891108523533	0.0103655228004672	1.59857904085258	0.739937964796891	0.00866616368897432	c6
CFH	1.6065859053639e-21	0.0450308514412473	5.06216696269982	1.44997944616764	1.31389091008086e-19	c6
BTG2	4.88086137692028e-10	0.188925840261343	62.8774422735346	56.3175006539856	1.34689388397995e-08	c6
C1orf186	0.00156000166164518	0.00388124452131144	0.44404973357016	0.108374752419747	0.0106488444058899	c6
CD55	0.000875116024448212	0.0571452538770567	19.9822380106572	16.6299189057887	0.00649045990045301	c6
IBA57-AS1	0.000960575806433597	0.00116228155165697	0.088809946714032	0.00373706042826712	0.00697084669868052	c6
TOMM20	4.99007769395007e-05	0.0754841150973713	64.2095914742451	63.4104413468366	0.000516228670002928	c6
EFCAB2	0.000173043271846257	0.0452345602520511	10.3019538188277	7.50028027953212	0.00156524026888263	c6
NLRP3	8.92082635256109e-15	0.0648377834189407	8.17051509769094	3.71090100526926	4.19216629181581e-13	c6
SH3YL1	0.000930468224492848	0.0418057491026811	14.1207815275311	11.1738106805187	0.00685349579921342	c6
RPS7	1.90859727867564e-47	0.158183747583695	100	99.9476811540043	4.37471270120388e-45	c6
PLB1	0.000467479938267675	0.0132791594151579	1.86500888099467	0.863260958929706	0.00376015016471498	c6
SRD5A2	0.000959693899811655	0.0011534825985105	0.088809946714032	0.00373706042826712	0.00697084669868052	c6
PRKD3	0.00126726413846909	0.0384270857521916	9.14742451154529	6.83508352330057	0.00889010990663699	c6
ZFP36L2	7.9741490855569e-178	0.724923477597177	99.7335701598579	97.2607347060802	4.47801632147924e-174	c6
LINC01126	0.00656607291394691	0.0055941507914707	0.621669626998224	0.22048656526776	0.0366894296455269	c6
AC010883.5	0.00142652591520185	0.00788192045027201	0.976909413854352	0.369968982398445	0.00985349819327819	c6
RPS27A	3.0747721389952e-172	0.334086942147888	100	99.9813146978587	1.4800196064472e-168	c6
AAK1	0.00103899549812918	0.0683827309199244	48.3126110124334	46.7244665346239	0.00747400800027088	c6
TGFA	0.00034262126822349	0.0107104974005935	1.42095914742451	0.575507305953137	0.00286316493341326	c6
TRABD2A	1.18777379987679e-12	0.0893812035938191	18.2948490230906	11.6558914757652	4.53237264020936e-11	c6
IGKV2-30	0.00259219776800505	0.00223032835662529	0.177619893428064	0.0224223625696027	0.0164389676203979	c6
MAL	9.28153743848823e-21	0.154818819473928	33.303730017762	21.8094846593669	7.32393729396774e-19	c6
MGAT4A	2.22327084323218e-18	0.167024472274295	39.0763765541741	29.014537165066	1.44059399599741e-16	c6
RPL31	1.78275199048636e-26	0.165762940705469	98.2238010657194	97.4289024253522	1.88301083283534e-24	c6
IL18RAP	6.60111618995306e-06	0.041595141742828	7.10479573712256	4.37983482192907	8.51197890946339e-05	c6
MGAT5	0.00068312830725119	0.0478654422347057	11.6341030195382	9.0137897529803	0.00522527245959628	c6
CXCR4	1.77751962608549e-29	0.331073821458447	97.7797513321492	92.0437983482193	2.12382079011789e-27	c6
ARHGAP15	1.8539629524375e-39	0.291139686601112	71.6696269982238	59.9536604506895	3.39496889779507e-37	c6
ACVR2A	6.65123931137344e-15	0.048901053693783	6.30550621669627	2.53746403079338	3.14315367962716e-13	c6
KIF5C	0.00100096309156174	0.0210339055756588	3.10834813499112	1.79005194513995	0.00722677504041276	c6
ACVR1C	0.00174041303649204	0.0114128681037191	2.04262877442274	1.05385104077133	0.0116955478363707	c6
RBMS1	0.00491350495567114	0.0601338053597464	43.8721136767318	42.8042901453716	0.0286230352656264	c6
DPP4	2.64871102366785e-58	0.177047877405336	21.9360568383659	8.39343772188796	8.04015038121302e-56	c6
ITGA6	7.7620771666394e-09	0.0732031219518863	15.4529307282416	10.3254979633021	1.7925663334664e-07	c6
SLC40A1	2.73807686519515e-17	0.0725823427071443	10.9236234458259	5.20198811614784	1.61006565263325e-15	c6
RP11-647K16.1	0.00556312017050129	0.00166303367514773	0.177619893428064	0.0261594229978699	0.0318177643041213	c6
MYO1B	0.00467581759797574	0.00975314830962754	1.42095914742451	0.695093239657685	0.0274376520630781	c6
AC020571.3	7.93657945064808e-07	0.0356842851520103	6.21669626998224	3.48294031914496	1.27340527623875e-05	c6
AC013264.2	0.000300041405763222	0.0453095552732126	9.41385435168739	6.84255764415711	0.00253882348713862	c6
EEF1B2	1.78963733145556e-91	0.380966315069081	99.2007104795737	97.3093164916477	1.07678643296542e-88	c6
ADAM23	5.39408794177582e-29	0.0343275785519308	3.28596802841918	0.545610822527	6.31070830243731e-27	c6
RPL37A	1.48195550054458e-23	0.155134545650745	99.7335701598579	99.4319668149034	1.33868655858845e-21	c6
EPHA4	0.00632860658626516	0.0413562806275461	12.6998223801066	10.4376097761501	0.0355393450529364	c6
AC017104.2	1.08963889831562e-06	0.000932412447552444	0.088809946714032	0	1.65985281991646e-05	c6
ARL4C	6.42733043364991e-06	0.105362026555326	51.8650088809947	48.2529242497851	8.30696093714615e-05	c6
AC062017.1	0.000350038913596331	0.0275016466077693	4.61811722912966	2.83642886505475	0.00291502994431903	c6
AC114730.7	0.000960575806433597	0.000986295021333203	0.088809946714032	0.00373706042826712	0.00697084669868052	c6
IL5RA	0.000629262552739426	0.0127770830912116	2.4866785079929	1.28928584775216	0.0048629294614684	c6
RPL32	2.04362281606248e-141	0.315503441329177	100	99.9775776374304	4.59052181096062e-138	c6
WNT7A	1.53532962667865e-18	0.0321005536762101	3.55239786856128	0.89689450278411	1.00254644266106e-16	c6
COLQ	3.11345859793721e-08	0.0145406174375843	1.50976909413854	0.396128405396315	6.39274064588033e-07	c6
BTD	0.00561150262775704	0.0314366615765104	9.32504440497336	7.29100489554916	0.032050557946499	c6
ANKRD28	1.87965060601104e-09	0.087240521489137	16.785079928952	11.3531895810755	4.79069194545659e-08	c6
SATB1	3.13292097444094e-11	0.111328648809017	24.2451154529307	17.4333868978661	1.01500614723859e-09	c6
RPL15	7.04620035179362e-09	0.0702586978517155	99.911190053286	99.8206210994432	1.63771546756717e-07	c6
CMTM8	9.20996988662398e-14	0.106370749040857	21.5808170515098	14.1260884188497	3.93808027106483e-12	c6
AC123023.1	9.04330845931971e-05	0.00281211885801401	0.266429840142096	0.029896483426137	0.000877607244321193	c6
RPSA	1.43644453317453e-47	0.210517398678472	99.8223801065719	99.6561904405994	3.3150385000536e-45	c6
RPL14	1.81360094177954e-127	0.288409710240432	100	99.9402070331477	2.35028731278153e-124	c6
VIPR1	6.31033072899269e-17	0.0475658292422295	6.3943161634103	2.40292985537576	3.59763593202504e-15	c6
SNRK	6.95015095443482e-05	0.0728096259222344	23.8010657193606	20.0866998019358	0.000692016507856758	c6
RP11-188P20.3	0.00610482768404869	0.00747748539092145	1.06571936056838	0.478343734818192	0.0344088430890493	c6
RPL29	1.21308271777899e-75	0.220870978725449	100	99.9289958518629	5.59912453326649e-73	c6
SFMBT1	6.14979310165483e-06	0.0588293420607646	12.0781527531083	8.62139840801226	7.96353300411829e-05	c6
RP11-894J14.5	1.80608603936617e-06	0.00720245417742239	0.710479573712256	0.134534175417617	2.62755885191726e-05	c6
FOXP1	6.32482444403783e-07	0.104101401614274	46.8916518650089	41.8177061923091	1.03652059736095e-05	c6
MTRNR2L12	0.00247674624600059	0.0961762100037102	58.8809946714032	55.1403266190814	0.0158141913990419	c6
RP11-389G6.5	3.01572513628862e-06	0.00182034022408627	0.177619893428064	0.00747412085653425	4.1850017603834e-05	c6
ABI3BP	0.000959693899811655	0.000994895904748818	0.088809946714032	0.00373706042826712	0.00697084669868052	c6
RPL24	6.51356262780422e-35	0.151773708103193	99.7335701598579	99.6860869240256	9.88594500816375e-33	c6
NFKBIZ	1.07575132732527e-05	0.0969873426016623	38.1882770870337	33.8465562988154	0.000132673371972539	c6
LINC01215	1.01781520952808e-05	0.0334696255577971	7.01598579040853	4.30509361336373	0.000126407171654402	c6
TRAT1	4.75284576383384e-05	0.0905798884711326	45.4706927175844	41.4776336933368	0.000493809389967985	c6
PVRL3	0.000895162438112262	0.016999147373481	2.75310834813499	1.51350947344819	0.00661874109935364	c6
TMPRSS7	0.000959693899811655	0.000910452103616121	0.088809946714032	0.00373706042826712	0.00697084669868052	c6
C3orf52	1.31309749947927e-05	0.00930204307410683	1.06571936056838	0.302701894689637	0.000158408546893858	c6
GCSAM	3.48510732580664e-06	0.0447463268569629	8.34813499111901	5.29167756642625	4.76958595595974e-05	c6
ZBTB20-AS4	0.00580857682928618	0.00359868906429529	0.355239786856128	0.089689450278411	0.0330040788677856	c6
RAB6B	0.0018456523652565	0.00620176053854617	0.621669626998224	0.190590081841623	0.0123094637361347	c6
SERP1	1.67471702800308e-13	0.14338110834889	78.9520426287744	76.4303598789192	7.00967894925912e-12	c6
GPR171	1.82841990578594e-14	0.167116494206725	37.2113676731794	29.0743301319182	8.35912894240859e-13	c6
P2RY14	0.00231533085997965	0.0149137682811501	2.13143872113677	1.13980343062147	0.0149392489460273	c6
TIPARP	2.61351186708594e-06	0.0759485586330235	18.2948490230906	14.0550842707127	3.66915286873306e-05	c6
LEKR1	0.00163540361519925	0.0120163618226745	2.39786856127886	1.29675996860869	0.0110715871831472	c6
RP11-6F2.5	1.81004756305336e-07	0.0119881969878992	1.24333925399645	0.310176015546171	3.27363084216424e-06	c6
RP11-538P18.2	0.00698187951987212	0.0042716162496914	0.532859680284192	0.175641840128555	0.0386983794279604	c6
RP11-10O22.1	1.08963889831562e-06	0.000435405369556706	0.088809946714032	0	1.65985281991646e-05	c6
TERC	0.000285841621141457	0.00920342353256224	0.976909413854352	0.32512425725924	0.00243518270107212	c6
GPR160	1.7364624431458e-05	0.0107430227740634	1.42095914742451	0.482080795246459	0.000203083531965826	c6
TPRG1	5.25369853627345e-05	0.0467175052195178	12.3445825932504	8.96520796741283	0.000540678431524733	c6
PPP1R2	0.000602404743683037	0.0705220855785949	74.6003552397869	74.9056392241863	0.00469087715129564	c6
RPL35A	3.05654636289725e-99	0.250602353633651	100	99.9476811540043	2.01935829708745e-96	c6
LYAR	9.24700968084247e-31	0.239882252724964	48.7566607460036	33.9586681116634	1.18018463706934e-28	c6
NSG1	7.72202871538588e-37	0.12313585607966	16.2522202486679	6.60712283717628	1.26303900745734e-34	c6
LINC01096	1.08963889831562e-06	0.00108995371634122	0.088809946714032	0	1.65985281991646e-05	c6
KLF3	8.20442463821597e-26	0.16510678257884	30.0177619893428	18.1359542583804	8.42804523658686e-24	c6
RPL9	1.52795226881196e-72	0.298180563465602	99.8223801065719	99.6038715946037	6.43535296816878e-70	c6
TXK	9.87761525993319e-06	0.0714570036654204	22.5577264653641	17.7024552487014	0.000123037474516891	c6
HOPX	1.80392413985289e-41	0.251801707534201	37.6554174067496	20.6360476848911	3.47322399818304e-39	c6
SPINK2	6.68319408185903e-08	0.033724738652407	4.4404973357016	2.07780559811652	1.30616903360881e-06	c6
AREG	3.56606357269204e-17	0.162230330727168	25.8436944937833	16.6859748122127	2.07880529443401e-15	c6
FAM47E-STBD1	0.000959693899811655	0.000914864472684205	0.088809946714032	0.00373706042826712	0.00697084669868052	c6
CCNI	0.00622482325914396	0.0322866363121666	92.9840142095915	93.718001420083	0.0350265856535732	c6
ANTXR2	1.27336872127431e-09	0.0709184574034045	12.6998223801066	7.97114989349378	3.32338386480377e-08	c6
PLAC8	8.77985787342919e-24	0.150578575352003	27.6198934280639	16.5551776972234	7.97381485680116e-22	c6
GPAT3	4.15486480871103e-05	0.0178483126806494	2.57548845470693	1.19585933704548	0.000438110990844042	c6
HSD17B11	0.00467903135703548	0.0594927843288601	36.3232682060391	34.4444859673381	0.0274517295044321	c6
SNCA	8.54527349612966e-06	0.0110766449074709	1.24333925399645	0.37744310325498	0.000107675559154298	c6
FLJ20021	0.00634384114562738	0.0164981406791781	3.28596802841918	2.10022796068612	0.0356011631513606	c6
SLC39A8	8.22283272006632e-05	0.0488208683798852	12.3445825932504	9.16700923053926	0.000804939354067154	c6
AF213884.2	0.00168692920240498	0.022145134795366	4.70692717584369	3.07560073246384	0.0113747033311654	c6
RPL34	5.75278323939713e-155	0.342831466084562	100	99.9813146978587	1.76212980425679e-151	c6
CCDC109B	3.52230247907849e-06	0.0982599510234091	58.7921847246892	53.413804701222	4.81462311278176e-05	c6
SNHG8	3.53920106275919e-11	0.148211295976703	68.2060390763766	63.5487125826825	1.13463216563852e-09	c6
IL2	0.000200645026828422	0.0367701073864275	6.03907637655417	3.89775402668261	0.00178755513853962	c6
RP11-371F15.3	1.08963889831562e-06	0.00117606976481319	0.088809946714032	0	1.65985281991646e-05	c6
SETD7	0.00450931447300488	0.0232689905661851	4.70692717584369	3.21387196830973	0.0265856241213345	c6
MAML3	1.2961474178769e-07	0.0177932103302498	2.2202486678508	0.769834448223028	2.4022217325602e-06	c6
IL15	0.0048754932619772	0.0205299940701631	4.97335701598579	3.42688441272095	0.0284409400915962	c6
INPP4B	1.39954309749731e-05	0.0921375741907166	44.316163410302	40.431256773422	0.000167696319797562	c6
RP11-223C24.1	0.000244535589075402	0.0293549289572791	5.59502664298401	3.57262976942337	0.00212519528973603	c6
NR3C2	0.00123818814563804	0.0211420771155273	3.99644760213144	2.4776710639411	0.0087151684518755	c6
RPS3A	2.29769828310633e-128	0.330173473291254	100	99.9402070331477	3.09674583803939e-125	c6
RP11-18H21.1	3.87715809966298e-33	0.200687475063057	34.0142095914742	20.1988116147838	5.51210822827192e-31	c6
AC005150.1	1.08963889831562e-06	0.00110284250499003	0.088809946714032	0	1.65985281991646e-05	c6
WWC2	1.01880050471107e-07	0.0147595733379373	1.68738898756661	0.497029036959528	1.91880738992369e-06	c6
RP11-714G18.1	0.000959693899811655	0.00104548861909887	0.088809946714032	0.00373706042826712	0.00697084669868052	c6
SPEF2	0.00329651479794245	0.0236131579514006	5.15097690941385	3.5352591651407	0.020253969657526	c6
IL7R	1.52604217562404e-266	1.26453828287756	99.2895204262878	79.0388280578497	5.14184650654764e-262	c6
CTD-2653M23.3	0.000959693899811655	0.00101741960687929	0.088809946714032	0.00373706042826712	0.00697084669868052	c6
PTGER4	5.68241163203812e-70	0.4068071714409	56.7495559502664	35.7449829963751	2.30678527144449e-67	c6
RPL37	6.24140546099593e-66	0.219828234672159	100	99.9663664561456	2.26126790970749e-63	c6
EMB	0.00838325814772397	0.0529463571419543	58.7921847246892	58.6681116633656	0.045397862428385	c6
PARP8	3.13148922906564e-20	0.21143321153607	56.3943161634103	46.4255017003625	2.36045633297847e-18	c6
ESM1	0.000244915571196399	0.0125664189957536	1.68738898756661	0.721252662655555	0.00212740016908777	c6
PIK3R1	1.6207924661221e-07	0.121846085018323	53.6412078152753	49.8000672670877	2.95513968363192e-06	c6
F2RL1	0.00105820687998498	0.0141094361602681	2.13143872113677	1.08748458462573	0.00760401420648626	c6
SERINC5	3.60194815014502e-25	0.192188260750384	33.5701598579041	21.9664411973542	3.54865616874229e-23	c6
CTC-458I2.2	0.000266756043441905	0.00173515218022532	0.177619893428064	0.0149482417130685	0.00228820726266078	c6
RASGRF2	2.4324351373915e-05	0.0256245413252715	4.70692717584369	2.64210172278486	0.000273510336632458	c6
SSBP2	1.65977409781132e-06	0.0634183879036211	13.5879218472469	9.66777532792705	2.43679426804595e-05	c6
RPS23	7.88747951185836e-123	0.2762215166781	100	99.9775776374304	9.49145480973413e-120	c6
CCNH	6.74463646835072e-14	0.172515712603166	55.595026642984	47.6886281251168	2.93609536388384e-12	c6
GPR150	0.000120404270572691	0.0169411080338164	2.57548845470693	1.25565230389775	0.00113575069783769	c6
CAST	7.22335852062225e-07	0.108112355766011	50.7104795737123	46.7169924137673	1.16955234019148e-05	c6
CAMK4	4.67092505566065e-09	0.122110601914199	50.7992895204263	45.5024477745805	1.11224133445533e-07	c6
EPB41L4A-AS1	0.000540571000619413	0.0671768469204124	30.0177619893428	27.2132740386412	0.00426957320554864	c6
TNFAIP8	0.00400752546311914	0.0570379902577658	54.6181172291297	54.8862065099593	0.0240266126253267	c6
ACSL6	0.000139403310911836	0.0364508250058094	8.34813499111901	5.72517657610524	0.00129788758161465	c6
GDF9	0.000973844965019055	0.00177069637602447	0.177619893428064	0.0186853021413356	0.00705650155943055	c6
TCF7	1.45535558143352e-05	0.0883647669285772	45.9147424511545	39.2540827385179	0.000173704395893805	c6
AC034243.1	0.000959693899811655	0.00105902700760742	0.088809946714032	0.00373706042826712	0.00697084669868052	c6
TMEM173	3.66178650149595e-10	0.124557193194278	45.2042628774423	37.3855525243843	1.02390236001165e-08	c6
HBEGF	0.000171568984515678	0.0107610824804493	1.24333925399645	0.452184311820322	0.00155357306215298	c6
EIF4EBP3	2.33745772691235e-05	0.0281032972437311	5.41740674955595	3.16902724317052	0.000264378317054665	c6
PCDHB15	0.000959693899811655	0.00104737560111685	0.088809946714032	0.00373706042826712	0.00697084669868052	c6
RPS14	7.02262063908042e-131	0.292537694997079	100	99.9850517582869	1.07554627187807e-127	c6
MYOZ3	0.000960575806433597	0.000795437124410389	0.088809946714032	0.00373706042826712	0.00697084669868052	c6
SMIM3	2.52175317154109e-05	0.0474803949810879	7.90408525754885	5.20946223700437	0.000283037812664575	c6
CTB-11I22.1	0.000959693899811655	0.000778801422808356	0.088809946714032	0.00373706042826712	0.00697084669868052	c6
DUSP1	2.86878751614911e-107	0.706783423068602	98.8454706927176	89.6446055532718	2.4165231642282e-104	c6
LTC4S	5.84217495133454e-11	0.0535386596810651	7.72646536412078	3.90149108711088	1.80427353629941e-09	c6
RNF130	0.00395584400486756	0.0236715335442633	7.46003552397868	5.47479352741134	0.0237505716143991	c6
CTC-338M12.6	0.00258889883162784	0.00172157690543887	0.177619893428064	0.0224223625696027	0.0164353753640278	c6
CTC-338M12.1	0.000960575806433597	0.00121905920967739	0.088809946714032	0.00373706042826712	0.00697084669868052	c6
GNB2L1	7.46616075468961e-28	0.139682875299459	99.8223801065719	99.6823498635973	8.27515856804315e-26	c6
RP11-637O19.2	1.08963889831562e-06	0.000934346824548855	0.088809946714032	0	1.65985281991646e-05	c6
FAM65B	9.30483213352026e-22	0.199275756887078	47.335701598579	35.2890616241265	7.66545266275872e-20	c6
RP3-425P12.5	1.08963889831562e-06	0.00105576343508397	0.088809946714032	0	1.65985281991646e-05	c6
SLC17A3	0.00166105086816492	0.00323247414297706	0.355239786856128	0.0747412085653425	0.0112271711037008	c6
HIST1H4C	2.4091981728511e-14	0.186736864406514	71.7584369449378	65.3761351321051	1.09106886069953e-12	c6
HIST1H1D	2.37435315105428e-14	0.169410560135181	37.8330373001776	29.5115662020255	1.07673559988725e-12	c6
RP1-313I6.12	4.21145478344862e-13	0.0600233598767301	9.05861456483126	4.47699839306402	1.6832830068033e-11	c6
RP1-265C24.8	9.01041900018268e-05	0.00290624705121449	0.266429840142096	0.029896483426137	0.000874667409369506	c6
LINC00243	0.000151260629695045	0.0331109299531269	6.92717584369449	4.55547666205763	0.00139174649288499	c6
LTB	1.85279495733313e-56	0.575134337481451	94.8490230905861	76.0716020778056	5.24605657919181e-54	c6
C6orf48	0.000945235166101805	0.0679341110089403	43.6944937833037	41.5449007810456	0.00695387635079349	c6
GPSM3	0.000249018139106092	0.0708104731057577	79.3072824156306	78.0597182256437	0.00215858430127107	c6
RPS18	7.8887629367983e-56	0.235777473299501	100	99.9476811540043	2.19672709415274e-53	c6
PHF1	0.000190018172330406	0.0749745053855401	38.3658969804618	35.6478194252401	0.00170142766369936	c6
RPL10A	2.06198660038391e-40	0.204537974860821	99.7335701598579	99.3497514854815	3.83848489023952e-38	c6
CDKN1A	2.8509777390809e-10	0.102681802477888	16.0746003552398	10.5086139242872	8.11324695444189e-09	c6
PIM1	0.00210611938785064	0.0637781200800537	41.9182948490231	38.4431406255839	0.013778707846569	c6
CCND3	1.96539751910797e-07	0.110911938416762	68.2060390763766	64.7370977988714	3.53184554713728e-06	c6
ENPP5	0.000784631978684615	0.0132668327039872	2.30905861456483	1.18464815576068	0.0059038387426975	c6
EEF1A1	9.65116549165319e-141	0.288227740514771	100	99.9962629395717	1.83268185686561e-137	c6
ELOVL4	0.00392160513039477	0.00776099184248129	1.24333925399645	0.568033185096603	0.0235660002253472	c6
TPBG	0.000245933049453806	0.00801614716494122	0.976909413854352	0.321387196830973	0.00213458736947361	c6
PNRC1	2.69838497860962e-08	0.106200837698501	94.0497335701599	93.3143988938301	5.59848420377293e-07	c6
RRAGD	0.000291795649863175	0.00761402922591531	0.976909413854352	0.32512425725924	0.00247838735227875	c6
BACH2	4.7924315240124e-06	0.0556711678949753	12.0781527531083	8.4121230240293	6.35983409886072e-05	c6
RP1-199J3.7	0.0016828610955163	0.00251430581858828	0.266429840142096	0.0448447251392055	0.0113518161666319	c6
PRDM1	1.71622596264346e-12	0.154601435175622	43.4280639431616	34.0633058036548	6.46829055764081e-11	c6
AIM1	4.75607758269599e-08	0.114124653606547	38.7211367673179	32.4937404237827	9.51046160660883e-07	c6
SCML4	9.84189093103955e-12	0.154144422923866	49.6447602131439	41.7990208901678	3.39419317329014e-10	c6
SESN1	2.57845333807411e-76	0.401564159957715	44.316163410302	22.7549609477185	1.22363953201506e-73	c6
METTL24	0.00028593314577998	0.00950001893948947	1.15452930728242	0.418550767965918	0.0024353466668126	c6
RP5-1112D6.7	0.00436071896729313	0.00223557947822405	0.266429840142096	0.0523188459957398	0.0258301698897944	c6
FAM26F	0.0050432070237586	0.0145478073904441	2.84191829484902	1.73025897828768	0.0292672782394975	c6
RPS12	7.73675470110561e-89	0.268242551526883	100	99.9925258791435	4.27347889998447e-86	c6
IFNGR1	0.0013066918701733	0.0716425317016057	23.3570159857904	20.7107888934564	0.00912490691681224	c6
TNFAIP3	2.55636353514048e-88	0.59308851120655	91.2078152753108	76.1911880115101	1.38925988633908e-85	c6
PERP	1.51018370197234e-15	0.117332914866246	21.6696269982238	13.849545947158	7.64809109587186e-14	c6
ABRACL	0.00088985279282921	0.0634363484596988	68.9165186500888	68.6796965506932	0.00658092625144588	c6
CITED2	4.44633045027237e-11	0.213236988686655	54.5293072824156	48.7499532867446	1.40275897183031e-09	c6
RAET1E	1.08963889831562e-06	0.00125493306529199	0.088809946714032	0	1.65985281991646e-05	c6
IYD	1.08963889831562e-06	0.00111496271262144	0.088809946714032	0	1.65985281991646e-05	c6
RP3-403L10.3	0.000488070048859138	0.00201810538727453	0.266429840142096	0.0373706042826712	0.00390803997772333	c6
DYNLT1	1.14802016174549e-08	0.118644266238089	58.7921847246892	55.3757614260623	2.56507900065335e-07	c6
C6orf99	0.00789355228679514	0.0155614439558241	3.73001776198934	2.47019694308457	0.0431551761725256	c6
TAGAP	9.01787232964528e-11	0.168446283832064	70.7815275310835	64.1914869763444	2.71778345505428e-09	c6
CCR6	2.07647273251558e-19	0.110895487067125	16.4298401420959	8.84935909413655	1.4545669906316e-17	c6
TOMM7	1.85767105260195e-54	0.249403890815432	98.0461811722913	96.7188609439815	4.92853294853309e-52	c6
RP4-673M15.1	0.000150773696751469	0.0131667975483375	1.9538188277087	0.863260958929706	0.00138802430009399	c6
IGFBP3	3.47759319743334e-28	0.0891455870371824	10.7460035523979	4.02481408124369	3.93908302720698e-26	c6
UPP1	0.00388036202079577	0.0592526641577879	29.1296625222025	26.6153443701185	0.0233556480758651	c6
NCF1	3.54204617238014e-07	0.114409518676705	43.2504440497336	38.5664636197167	6.03990442253497e-06	c6
TMEM243	0.00862069359978626	0.0515955397598982	51.7761989342806	51.0744048731268	0.0464150927055286	c6
TMEM130	1.08963889831562e-06	0.000857878917577478	0.088809946714032	0	1.65985281991646e-05	c6
RP11-514P8.2	0.000959693899811655	0.00118189216937804	0.088809946714032	0.00373706042826712	0.00697084669868052	c6
LRRC17	0.000266447560664157	0.00185462616573654	0.177619893428064	0.0149482417130685	0.00228730805325302	c6
RP11-325F22.2	0.00567047914387509	0.0525702187674385	20.6039076376554	17.9939459621062	0.03231751087174	c6
IMMP2L	0.00597317080495787	0.0321794341647786	9.05861456483126	7.0593071489966	0.0337514702502516	c6
FSCN3	0.00259550054756618	0.00148574472460992	0.177619893428064	0.0224223625696027	0.0164415859089481	c6
RP11-309L24.10	0.000959693899811655	0.000977809547183868	0.088809946714032	0.00373706042826712	0.00697084669868052	c6
AC058791.1	0.00521823809622607	0.020218162868399	4.08525754884547	2.71310587092193	0.0301325303194929	c6
LINC-PINT	0.000524431250818117	0.0792598231232833	43.7833037300178	40.9320228708098	0.00415866946694884	c6
ZC3HAV1	1.01332124635696e-09	0.129254653892529	44.6714031971581	39.3848798535072	2.67997221936824e-08	c6
WEE2-AS1	0.00900989334906596	0.0102731049803772	1.50976909413854	0.795993871220898	0.0482331341759499	c6
TRBV3-1	0.00170245172416824	0.0576765722671476	5.68383658969805	3.83796105983034	0.0114678945210165	c6
TRBV5-1	0.000609195215504321	0.0626779002927944	8.25932504440497	5.73638775739004	0.00473609219916995	c6
TRBV12-3	0.00386191542053954	0.0418660297579146	4.26287744227353	2.78784707948728	0.0232737217277158	c6
TRBV30	0.00014819931839842	0.0524637211113363	4.79573712255773	2.84016592548301	0.0013669605447258	c6
RP11-143I21.1	0.00259329826730836	0.00167514582928233	0.177619893428064	0.0224223625696027	0.0164399984607127	c6
GIMAP7	0.00265420044265027	0.0852706460309427	80.7282415630551	76.5985275981913	0.0167724361805436	c6
RP11-148K1.10	0.000960575806433597	0.0008128134805929	0.088809946714032	0.00373706042826712	0.00697084669868052	c6
WDR86	8.29505550714899e-18	0.0578344260068338	7.10479573712256	2.75421353563287	5.08170182287051e-16	c6
P2RY8	5.04020816176753e-06	0.0794430078190668	26.9094138543517	22.0411824059195	6.65196920495869e-05	c6
FAM9C	0.000959693899811655	0.00097717224853322	0.088809946714032	0.00373706042826712	0.00697084669868052	c6
CA5B	6.69820198737268e-11	0.112575608234636	25.133214920071	18.6666168391943	2.05733106438045e-09	c6
EIF2S3	1.91723131831481e-07	0.109755467701763	57.7264653641208	54.714301730259	3.45081154056086e-06	c6
DYNLT3	1.76157515239059e-05	0.0786749895610646	26.4653641207815	22.4298366904593	0.000205663593848401	c6
EFHC2	8.21531432880212e-05	0.00441915855700783	0.44404973357016	0.0784782689936096	0.000804437085134143	c6
TIMP1	8.90375522605717e-82	0.33421519780094	43.6056838365897	21.1966067491311	4.5455019482844e-79	c6
CFP	0.00194024831190525	0.0231273046941056	4.70692717584369	3.10549721588998	0.0128336722853034	c6
EDA	0.000926813380896847	0.0158644116318178	2.66429840142096	1.44997944616764	0.00683177642877671	c6
RPS4X	1.96169393098269e-89	0.252449352548647	100	99.9738405770021	1.1202934798395e-86	c6
FGF16	0.000959693899811655	0.00125191209933719	0.088809946714032	0.00373706042826712	0.00697084669868052	c6
CYSLTR1	0.00481962365131601	0.0385748567489584	11.2788632326821	9.01005269255204	0.0281637876010131	c6
RPL36A	4.3250467780373e-14	0.156963824250507	80.1953818827709	76.4677304832019	1.9200016619129e-12	c6
BEX5	0.00673154093342091	0.021378391785371	4.35168738898757	2.98217422175717	0.0375120199334969	c6
GPRASP1	0.00826757977390287	0.0162063558334372	3.37477797513321	2.20112859224934	0.0448940907174671	c6
BEX2	0.00522818899057076	0.0444838490613739	16.9626998223801	14.4362644343959	0.0301822498080001	c6
CXorf57	7.61282598445833e-40	0.123925051506266	15.0088809946714	5.65417242796816	1.40167518426415e-37	c6
TBC1D8B	0.00572618546536686	0.00558277888572031	0.88809946714032	0.366231921970178	0.0325743868090614	c6
TSC22D3	2.8620104573279e-144	0.702532026600872	99.2007104795737	93.8525355955006	7.4178907960928e-141	c6
VSIG1	2.63864687132836e-09	0.0398631839585379	6.3943161634103	3.18771254531186	6.58567168018797e-08	c6
PAK3	0.000108100672858043	0.00939191419291436	1.42095914742451	0.534399641242199	0.00103065763194083	c6
RPL39	1.83720164987976e-100	0.274593236868606	100	99.943944093576	1.28963900814685e-97	c6
FHL1	8.65179942939984e-32	0.115020078297724	15.0088809946714	6.38289921148025	1.16140928276573e-29	c6
CD40LG	5.1557462468326e-131	0.511749604292808	56.7495559502664	25.5652303897754	8.27227209717989e-128	c6
LDOC1	0.00831532281276949	0.0264864491943071	6.12788632326821	4.54426548077282	0.0451169866108624	c6
ATP2B3	1.08963889831562e-06	0.00108965096001417	0.088809946714032	0	1.65985281991646e-05	c6
RPL10	9.39345870603264e-105	0.238643564073199	100	99.9925258791435	7.19325449184236e-102	c6
CTD-2541M15.3	0.000959693899811655	0.00100468833869051	0.088809946714032	0.00373706042826712	0.00697084669868052	c6
FAM85B	1.68681479334741e-05	0.00680027658220452	0.710479573712256	0.156956537987219	0.000198448106309523	c6
RP11-10A14.3	0.000959693899811655	0.00106295812066651	0.088809946714032	0.00373706042826712	0.00697084669868052	c6
SORBS3	1.70876565751138e-15	0.105714573977536	20.3374777975133	12.6835830935386	8.61903444074676e-14	c6
GS1-72M22.1	0.000266447560664157	0.00219591826713311	0.177619893428064	0.0149482417130685	0.00228730805325302	c6
NEFM	0.00755790459734153	0.00355219659821766	0.355239786856128	0.0934265107066781	0.0415425836056812	c6
ZNF395	0.00390485490480144	0.0182636733111922	3.37477797513321	2.11891326282746	0.0234779052752283	c6
EXTL3-AS1	3.02215117821041e-05	0.00309467924796806	0.266429840142096	0.0261594229978699	0.000332012917504472	c6
SARAF	3.41625116911973e-44	0.230748402187457	99.4671403197158	98.8975671736612	7.14951347157267e-42	c6
LEPROTL1	1.83918022447555e-23	0.223215567396304	83.8365896980462	77.3608879255577	1.65693418405025e-21	c6
RP11-51J9.5	8.96792874055867e-13	0.114569065097204	24.866785079929	17.3063268433051	3.47316541361361e-11	c6
AP3M2	0.00448576668491443	0.0488988283354306	16.8738898756661	14.3204155611196	0.0264792261179935	c6
RPS20	5.81550363903906e-15	0.148857189945275	92.9840142095915	91.550506371688	2.75982506498285e-13	c6
CHD7	0.00631644078681143	0.0333287672118238	10.2131438721137	8.15426585447887	0.0354828535963362	c6
MYBL1	5.91867209135623e-35	0.166834181015162	19.449378330373	8.9577338465563	9.06471533846168e-33	c6
SULF1	1.08963889831562e-06	0.00149983574120602	0.088809946714032	0	1.65985281991646e-05	c6
RPL7	7.45298842284933e-32	0.199656370597471	97.4245115452931	96.1508277588849	1.00448396767794e-29	c6
RP11-48B3.5	6.66303767679442e-06	0.0113259820309018	1.33214920071048	0.414813707537651	8.58634263272088e-05	c6
ZBTB10	9.58916217427374e-12	0.0767835192076785	13.765541740675	8.25890354647035	3.31381774666645e-10	c6
CA3-AS1	1.08963889831562e-06	0.00106516210599418	0.088809946714032	0	1.65985281991646e-05	c6
RP11-37B2.1	2.06773450933371e-10	0.042808314400704	6.6607460035524	3.22508314959453	5.9751497905223e-09	c6
RIPK2	2.29810425541285e-26	0.145448540907041	22.7353463587922	12.4855188908405	2.40473058328822e-24	c6
TRIQK	1.31690818545044e-11	0.0129217750213278	1.33214920071048	0.239171867409096	4.495633677869e-10	c6
RP11-22C11.2	0.000959693899811655	0.00104495874173949	0.088809946714032	0.00373706042826712	0.00697084669868052	c6
MATN2	0.00258670167384641	0.00187489932799432	0.177619893428064	0.0224223625696027	0.0164353753640278	c6
RPL30	5.39360614387422e-163	0.298475000023562	100	99.9887888187152	2.0192462823522e-159	c6
PABPC1	1.03485556564805e-65	0.334031576279332	99.0230905861456	96.7450203669793	3.67036036094163e-63	c6
EIF3E	2.53686755093359e-09	0.120353892311588	79.9289520426288	77.308569079562	6.34574723542362e-08	c6
SAMD12	0.00795451056164403	0.0117519709696243	2.04262877442274	1.16969991404761	0.0434514997421062	c6
RP11-158K1.3	0.0010355160938565	0.00547084487591683	0.621669626998224	0.179378900556822	0.00745368068070944	c6
TMEM71	1.73182037198066e-14	0.0931933804269733	17.4067495559503	10.5310362868568	7.92825483879299e-13	c6
ST3GAL1	1.80397353406149e-09	0.123050165453255	38.4547069271758	32.3367838857954	4.62228777617246e-08	c6
EEF1D	4.91564097771862e-25	0.148305714987625	99.2007104795737	99.1404761014986	4.77312988770176e-23	c6
RPL8	2.06396691404989e-76	0.222108581648462	100	99.8729399454389	9.93475731457099e-74	c6
RLN1	0.00762930292777735	0.0247476488117927	5.68383658969805	4.13318883366344	0.041894024258235	c6
RPS6	9.49248465143763e-61	0.248249848001542	100	99.8393064015845	3.04609312233847e-58	c6
IFNE	0.000959693899811655	0.000826193269529382	0.088809946714032	0.00373706042826712	0.00697084669868052	c6
AQP3	8.11049904195346e-30	0.21177809514957	39.3428063943162	26.0099405807392	9.86552905124837e-28	c6
TPM2	0.00349739615107751	0.00891606142480309	1.33214920071048	0.620352031092343	0.021317160983069	c6
ANKRD18A	1.09800407788279e-05	0.00934036798949615	1.15452930728242	0.340072498972308	0.00013502244306636	c6
ANXA1	2.82076682714929e-112	0.720115119576316	88.6323268206039	61.2093127545872	2.50112940720969e-109	c6
GNAQ	5.34847537342746e-08	0.0484726104205316	8.70337477797513	5.12350984715423	1.06069175533999e-06	c6
TLE4	8.86899386429709e-14	0.124220738335925	27.5310834813499	19.4738218917	3.80677553202071e-12	c6
CTSL	3.31298679450659e-17	0.12071618262901	21.3143872113677	12.8218543293845	1.93462351913527e-15	c6
RP11-244N9.4	0.000959693899811655	0.000986316002064034	0.088809946714032	0.00373706042826712	0.00697084669868052	c6
COL27A1	0.00556727402476546	0.00194001442016456	0.177619893428064	0.0261594229978699	0.0318316190379174	c6
TNFSF8	2.72057173926761e-07	0.102721221861562	40.8525754884547	34.3211629732053	4.76935193459328e-06	c6
RPL35	1.52526334403138e-55	0.216976597860041	99.8223801065719	99.3235920624836	4.17822952144662e-53	c6
RPL12	1.31494656095208e-37	0.155993655501447	100	99.9588923352891	2.20426912560792e-35	c6
CFAP77	1.08963889831562e-06	0.00104904329324592	0.088809946714032	0	1.65985281991646e-05	c6
RPL7A	3.6433047623643e-65	0.191728074594339	100	99.9551552748608	1.27872406940732e-62	c6
RP11-229P13.15	1.08963889831562e-06	0.00110222097928923	0.088809946714032	0	1.65985281991646e-05	c6
RPLP2	9.04472377356455e-90	0.245704982324012	100	99.9588923352891	5.25436073838765e-87	c6
KRTAP5-1	1.08963889831562e-06	0.00101552318468995	0.088809946714032	0	1.65985281991646e-05	c6
KCNQ1	0.000270360073762803	0.0215304001413141	3.19715808170515	1.74520722000075	0.00231735241042073	c6
EIF3F	4.86093419994574e-06	0.0814319989454184	86.234458259325	85.3581972420494	6.44312812482186e-05	c6
RPL27A	0.000157579341693706	0.0638246078565388	96.3587921847247	96.1022459733174	0.00144200932618895	c6
SBF2	1.14463727984175e-17	0.0660355662351024	9.32504440497336	4.10702941066557	6.91172195465735e-16	c6
ADM	0.00236177362548197	0.00355120859647599	0.355239786856128	0.0784782689936096	0.0151923636000362	c6
PARVA	0.0064541585619097	0.00285484960520828	0.266429840142096	0.0560559064240069	0.0361660433369342	c6
RP11-231N3.1	3.01572513628862e-06	0.001859393050657	0.177619893428064	0.00747412085653425	4.1850017603834e-05	c6
RPS13	2.97610366086682e-106	0.276746324212874	100	99.9065734892933	2.3320194592848e-103	c6
IGSF22	0.000292740613744412	0.017171190809249	2.75310834813499	1.43129414402631	0.00248453456914464	c6
TSPAN18	1.41980784353476e-05	0.0168979036647179	2.2202486678508	0.926790986210247	0.000169943181101457	c6
CREB3L1	3.00771205998847e-06	0.00221434829237607	0.177619893428064	0.00747412085653425	4.17732275965587e-05	c6
P2RX3	1.08963889831562e-06	0.00135050031459648	0.088809946714032	0	1.65985281991646e-05	c6
CD6	0.00271437441472723	0.0668537060745616	59.3250444049734	58.1673455659778	0.0170917831302222	c6
BEST1	1.35170649802617e-06	0.0385109885933951	6.3943161634103	3.65484509884525	2.02060331608225e-05	c6
FTH1	1.6992216392697e-51	0.236387617440189	99.911190053286	99.622556896745	4.24100547507802e-49	c6
AHNAK	7.05694013938788e-20	0.239639677858355	71.6696269982238	61.7175529728316	5.14667837784708e-18	c6
RP11-864I4.4	0.000959693899811655	0.000997660724993003	0.088809946714032	0.00373706042826712	0.00697084669868052	c6
RASGRP2	2.97808951528713e-25	0.164507657464159	30.9058614564831	19.2234388430061	2.95999257014998e-23	c6
MAP4K2	0.00734116385053749	0.0484965408850938	19.0053285968028	16.7794013229194	0.0404899614961549	c6
FAU	9.0260586948436e-56	0.158142779830802	100	99.9327329122912	2.49281984970541e-53	c6
RPS3	9.79054829452751e-141	0.299592347002146	100	99.9925258791435	1.83268185686561e-137	c6
GDPD5	2.97939339074643e-11	0.055735296571444	8.96980461811723	4.71243320004484	9.67126020306456e-10	c6
SYTL2	9.99742103058354e-07	0.0717084035551722	16.2522202486679	11.8240591950372	1.56675862420689e-05	c6
MAML2	3.10079324432479e-05	0.0676245478092745	23.1793960923623	18.8422586793228	0.000339214699916492	c6
BIRC3	0.000382017373202259	0.0876107278774291	54.7069271758437	50.8165477035764	0.00314856828945875	c6
TMEM123	0.00026258616867086	0.0756123310523138	57.9040852575488	54.602189917411	0.0022604952394471	c6
EXPH5	0.000218021410214007	0.0101836600058856	1.24333925399645	0.459658432676856	0.00192404751067332	c6
ZBTB16	2.14269886287915e-15	0.0423821094302366	5.32859680284192	1.92458612055757	1.06327092026289e-13	c6
RP11-212D19.4	0.000959693899811655	0.000984245954765755	0.088809946714032	0.00373706042826712	0.00697084669868052	c6
MPZL2	0.00569553588509553	0.00528110354823679	0.621669626998224	0.216749504839493	0.0324219270336896	c6
RPS25	2.1492350900044e-68	0.199601461081321	100	99.9663664561456	8.51956789677742e-66	c6
SORL1	7.42674470454206e-09	0.114459437977819	36.145648312611	29.6087297731604	1.71865890161291e-07	c6
SCN3B	0.000959693899811655	0.0015695806055911	0.088809946714032	0.00373706042826712	0.00697084669868052	c6
KLF6	7.6691085020562e-67	0.495459575112883	97.9573712255773	90.5788706603386	2.83959276778332e-64	c6
RP11-536K7.3	0.000266139412328145	0.00216079208226569	0.177619893428064	0.0149482417130685	0.00228582751949644	c6
VIM	9.56773838479443e-08	0.199635015640138	98.3126110124334	93.6731566949438	1.81517667307018e-06	c6
SVIL	3.36747650988245e-22	0.0670297476803012	8.52575488454707	3.22134608916626	2.85802905601963e-20	c6
RP11-14C22.6	1.08963889831562e-06	0.000999385363349289	0.088809946714032	0	1.65985281991646e-05	c6
RP11-135A24.2	0.000960575806433597	0.00076828059115841	0.088809946714032	0.00373706042826712	0.00697084669868052	c6
RP11-342D11.3	0.0019251419172225	0.0258054218649589	4.70692717584369	3.11297133674652	0.0127512741810291	c6
RP11-508N22.12	0.000959693899811655	0.00122580586953686	0.088809946714032	0.00373706042826712	0.00697084669868052	c6
ALOX5	0.00198388042144244	0.00815631851533215	0.976909413854352	0.381180163683247	0.0130888715332057	c6
C10orf128	0.00313735037169737	0.0195859363395364	3.73001776198934	2.37677043237789	0.0194034294096863	c6
ANK3	9.15645904104597e-20	0.106149088744463	17.8507992895204	9.80230950334467	6.62055216585843e-18	c6
ZNF365	2.47758979861359e-13	0.0284073844512257	3.19715808170515	0.94921334877985	1.01065267160395e-11	c6
RP11-227H15.4	0.0055714306775246	0.00192455383022429	0.177619893428064	0.0261594229978699	0.0318499805307964	c6
HKDC1	2.95172368503503e-06	0.0184589847429427	2.39786856127886	0.971635711349452	4.10294463051033e-05	c6
TSPAN15	5.53618382391334e-07	0.0122793547034494	1.33214920071048	0.366231921970178	9.13945015986948e-06	c6
C10orf54	4.42202597558534e-09	0.124030295488869	51.3321492007105	45.1100564296125	1.05820840356088e-07	c6
RP11-464F9.21	1.08963889831562e-06	0.000998761584513355	0.088809946714032	0	1.65985281991646e-05	c6
ZSWIM8-AS1	0.000960575806433597	0.000973603482051033	0.088809946714032	0.00373706042826712	0.00697084669868052	c6
RP11-574K11.8	0.000959693899811655	0.00139181046230786	0.088809946714032	0.00373706042826712	0.00697084669868052	c6
RPS24	1.0050011062394e-14	0.081275437847403	100	99.9626293957173	4.68361096454084e-13	c6
ZMIZ1-AS1	0.0015058817719931	0.00517108095181903	0.532859680284192	0.145745356702418	0.0103380563214212	c6
PDZD7	0.00855977464907956	0.00576465871266957	0.799289520426288	0.328861317687507	0.0461428708725364	c6
RP11-107I14.4	1.08963889831562e-06	0.00103561420956717	0.088809946714032	0	1.65985281991646e-05	c6
KCNIP2-AS1	0.00259550054756618	0.00171134924608576	0.177619893428064	0.0224223625696027	0.0164415859089481	c6
MXI1	2.85846713758956e-07	0.0488188706948623	8.70337477797513	5.30662580813932	4.97785232840002e-06	c6
DUSP5	0.000534476147738176	0.0318730323827388	6.83836589698046	4.68627377704697	0.00422798913989864	c6
PDCD4	0.00037564851076333	0.0787868723577466	60.3907637655417	58.380358010389	0.00310451334845711	c6
ABLIM1	8.03612509068605e-13	0.13539219355767	34.1918294849023	26.1631600582981	3.13027975497776e-11	c6
ADAM8	1.43107316895872e-05	0.0830042120799299	26.1989342806394	22.2205613064763	0.000170987870052819	c6
RP11-598F7.3	1.08963889831562e-06	0.00116450903374675	0.088809946714032	0	1.65985281991646e-05	c6
TSPAN9	0.00119660654459544	0.00491419076396494	0.710479573712256	0.224223625696027	0.00846315300453371	c6
SCNN1A	0.000437302198120646	0.00384313626850546	0.44404973357016	0.0934265107066781	0.00354534655040352	c6
CD4	2.05819106315049e-09	0.109433893345107	36.8561278863233	29.1341230987705	5.21026969810612e-08	c6
C12orf57	1.10364387112782e-05	0.103619746506725	87.9218472468916	85.7916962517284	0.000135616982471849	c6
KLRG1	1.06833775816766e-23	0.185863276714464	37.9218472468917	24.6571247057065	9.67649796336049e-22	c6
A2M	0.00499084667902086	0.00484658350003008	0.532859680284192	0.168167719272021	0.0290238150460857	c6
KLRB1	6.1853593631614e-74	0.495812915347024	46.1811722912966	23.9246608617661	2.74223024187316e-71	c6
CD69	7.52899765004629e-68	0.565137206528791	96.0923623445826	85.7655368287305	2.85036007663663e-65	c6
EIF2S3L	0.000117660719037068	0.0146329926448011	2.30905861456483	1.07627340334093	0.00111329970997893	c6
TAS2R8	1.08963889831562e-06	0.00100719231525066	0.088809946714032	0	1.65985281991646e-05	c6
TAS2R13	0.000959693899811655	0.000992934051749154	0.088809946714032	0.00373706042826712	0.00697084669868052	c6
CDKN1B	1.07817531043017e-07	0.116277928490484	60.3907637655417	56.7734220262342	2.02384617880971e-06	c6
EPS8	0.000791640576265299	0.00646650654746371	0.976909413854352	0.35128368025711	0.00594993030932031	c6
LDHB	8.30565149850408e-44	0.290862860978484	92.7175843694494	87.8695018498449	1.72747297278146e-41	c6
LMNTD1	4.40002004160496e-05	0.0019864126543498	0.177619893428064	0.0112111812848014	0.000461133049088141	c6
RP11-946L16.1	1.08963889831562e-06	0.00123083435014777	0.088809946714032	0	1.65985281991646e-05	c6
NELL2	5.69709997439963e-05	0.0893968051763712	38.2770870337478	34.108150528794	0.000580811154424875	c6
FKBP11	1.63823199041896e-17	0.159969671561112	34.0142095914742	24.5599611345715	9.83932062124357e-16	c6
WNT1	0.000160578938424827	0.01605441098456	2.2202486678508	1.03890279905826	0.00146706799112964	c6
GRASP	3.08842100903348e-07	0.0178639069886166	2.13143872113677	0.747412085653425	5.34195366932106e-06	c6
KRT8	0.000629485373070298	0.00777191485950464	0.88809946714032	0.29896483426137	0.00486353592300634	c6
EIF4B	6.61905610225759e-21	0.206044795859117	76.8206039076376	69.8830300085952	5.23526939693585e-19	c6
RARG	0.000212123697470635	0.0302230229854943	5.41740674955595	3.42688441272095	0.00187839575888977	c6
PFDN5	4.01566028937214e-25	0.156045449826641	99.0230905861456	98.2734780821406	3.93324586599142e-23	c6
PCBP2	0.00030871202195206	0.0729731789237891	88.0106571936057	87.2902574834635	0.00260760663515987	c6
RP11-1049A21.2	0.000959693899811655	0.00104533603371835	0.088809946714032	0.00373706042826712	0.00697084669868052	c6
TESPA1	2.6700626278841e-05	0.0809166422319825	29.1296625222025	25.0943607758137	0.000297503605105578	c6
ERBB3	0.00561279584121663	0.00788374274990784	1.06571936056838	0.474606674389925	0.032050557946499	c6
RPL41	7.10920948091676e-39	0.200677023372497	99.911190053286	99.9065734892933	1.26739526058206e-36	c6
MIP	1.08963889831562e-06	0.0010679025491457	0.088809946714032	0	1.65985281991646e-05	c6
NACA	3.02066689094402e-29	0.138126793664735	99.5559502664298	99.6001345341754	3.57117018327957e-27	c6
METTL21B	0.00246184023350578	0.0115554535640243	1.77619893428064	0.89689450278411	0.0157309396601069	c6
IFNG-AS1	5.03550217050933e-15	0.103290966797148	19.8934280639432	12.1940281774356	2.41345960360087e-13	c6
GLIPR1	3.87905631257815e-10	0.143541151921389	50.1776198934281	43.9366194551366	1.08285769176477e-08	c6
RP11-585P4.5	0.00290221577067037	0.00922354441835109	1.15452930728242	0.500766097387795	0.0181356190981022	c6
PHLDA1	0.00118428541565537	0.0792352102760198	25.5772646536412	22.2130871856198	0.00838304890653194	c6
OSBPL8	0.0063881984651311	0.0593215262674356	39.6980461811723	38.5814118614298	0.0358143026762275	c6
ATP2B1	6.59021103393272e-05	0.0777845027658272	26.1989342806394	22.5681079263052	0.000659686781275488	c6
LINC00936	3.76003875389542e-10	0.120712225446094	31.5275310834813	24.7094435517022	1.05050369629977e-08	c6
BTG1	2.84180102612101e-95	0.32794699054039	99.8223801065719	99.8654658245824	1.80663478819097e-92	c6
RP11-796E2.4	0.0019354086575125	0.074738393561665	36.6785079928952	34.0259351993722	0.0128066887875542	c6
ELK3	2.59705515222591e-07	0.0918624377668408	23.0017761989343	18.2032213460892	4.58142284288481e-06	c6
RP11-341G23.4	0.00258889883162784	0.00252589053771413	0.177619893428064	0.0224223625696027	0.0164353753640278	c6
BTBD11	0.00194249248715084	0.0176755938715596	3.28596802841918	1.97690496655331	0.0128459944773426	c6
FAM222A	0.000266139412328145	0.00208257577176629	0.177619893428064	0.0149482417130685	0.00228582751949644	c6
FAM109A	0.00692590436920782	0.00634612428039735	0.88809946714032	0.373706042826713	0.0384450447802452	c6
RPL6	4.35480084108307e-47	0.170291341392383	99.911190053286	99.8766770058672	9.91423375266573e-45	c6
RP11-33N14.5	0.000959693899811655	0.00138941169716117	0.088809946714032	0.00373706042826712	0.00697084669868052	c6
RPLP0	6.1050814063188e-68	0.262876518589621	99.8223801065719	99.663664561456	2.36442083798282e-65	c6
CABP1	0.000959693899811655	0.00121632989149446	0.088809946714032	0.00373706042826712	0.00697084669868052	c6
MORN3	0.00216969156847781	0.0249053092467485	6.12788632326821	4.28267125079413	0.01411849897804	c6
LINC00944	0.00233817327537189	0.0349119819875095	7.81527531083481	5.76254718038791	0.0150722040061949	c6
RP11-572C21.1	1.08963889831562e-06	0.00090631868864837	0.088809946714032	0	1.65985281991646e-05	c6
RP11-495K9.6	1.08963889831562e-06	0.00110705853294133	0.088809946714032	0	1.65985281991646e-05	c6
RPL21	6.28105194294852e-52	0.299606706655743	99.6447602131439	99.357225606338	1.57935644899782e-49	c6
GTF3A	0.00158272500124168	0.0612924543082711	58.0817051509769	57.5881011995964	0.0107777558997246	c6
FRY	0.000512893998125596	0.00939729713034573	1.15452930728242	0.437236070107254	0.00408158960152192	c6
SPG20	7.66700584512431e-17	0.0734052877104165	10.2131438721137	4.82080795246459	4.34171588143896e-15	c6
TPT1	2.94552691298484e-104	0.322336630377185	100	99.9177846705781	2.2054796401358e-101	c6
ITM2B	1.07930182235199e-06	0.0800811698249095	94.582593250444	94.3869352367428	1.65985281991646e-05	c6
RP11-327P2.5	0.00550184220914115	0.024258076135805	5.95026642984014	4.29761949250719	0.0315242641950913	c6
KLF5	3.57668710673555e-05	0.0217239846976783	3.73001776198934	1.96569378526851	0.000384656544444135	c6
GPR183	4.47835275407453e-67	0.441584011782762	61.4564831261101	38.7607907619866	1.67659575217541e-64	c6
TNFSF13B	6.24795640140207e-18	0.130270272022642	19.2717584369449	11.3942972457865	3.89128730108764e-16	c6
MYO16	3.04380415101087e-10	0.0127389128074292	1.06571936056838	0.179378900556822	8.61831403900506e-09	c6
TRAV13-1	0.00589688767847844	0.0506748652717349	10.8348134991119	8.51676071602078	0.0334170699118475	c6
TRAJ7	0.000959693899811655	0.00133330580041619	0.088809946714032	0.00373706042826712	0.00697084669868052	c6
ARHGAP5	1.25895825974184e-06	0.0471859645564942	9.14742451154529	5.81112896595538	1.89118767738482e-05	c6
KIAA0391	0.000277097156001231	0.0483768849528678	13.4991119005329	10.4749803804328	0.00236693212948345	c6
NFKBIA	1.06013077081635e-90	0.68503839817296	90.3197158081705	78.1456706154939	6.26667477050633e-88	c6
CTD-3028N15.1	0.000960575806433597	0.000600012055833162	0.088809946714032	0.00373706042826712	0.00697084669868052	c6
RPS29	1.88056767019787e-20	0.137486213708525	99.7335701598579	99.7309316491648	1.44997361738323e-18	c6
RPL36AL	1.20264557178493e-38	0.198378451538434	98.0461811722913	97.6381778093352	2.09958237801666e-36	c6
RP11-596C23.2	0.000173264646445838	0.0499674459437795	13.5879218472469	10.2806532381629	0.00156682206047935	c6
SOS2	0.00853681503198479	0.0254350354302138	6.12788632326821	4.53679135991629	0.046051707825185	c6
RP11-463J10.2	1.08963889831562e-06	0.00170379803509027	0.088809946714032	0	1.65985281991646e-05	c6
PTGER2	1.37073026472219e-76	0.271423524393922	31.4387211367673	12.9563885048021	6.69353413616659e-74	c6
SAMD4A	0.000618949428947366	0.00999285871518542	1.33214920071048	0.545610822527	0.00480084761946421	c6
FBXO34	5.18983145678753e-07	0.0868212374099873	22.9129662522202	18.0163683246758	8.61409759137926e-06	c6
PELI2	0.00469837415569351	0.0111007203785228	1.9538188277087	1.06132516162786	0.0275508212324986	c6
RP11-930O11.1	0.000960575806433597	0.000812795975501546	0.088809946714032	0.00373706042826712	0.00697084669868052	c6
PLEKHG3	1.23169080415974e-15	0.0435747486639993	5.50621669626998	2.00680144997945	6.27845536389687e-14	c6
PCNX	2.25864085972649e-06	0.07115773719129	17.4955595026643	13.191823311783	3.22468835286544e-05	c6
NPC2	3.4906521375721e-06	0.0894959068263055	35.0799289520426	30.3897754026683	4.77523479997379e-05	c6
FOS	2.12188879799765e-220	1.40528471489359	96.7140319715808	77.461788557121	3.57474605798663e-216	c6
TC2N	1.62457310307048e-09	0.13805122644986	59.6802841918295	51.2986284988228	4.1816933640074e-08	c6
FBLN5	0.000639515370546482	0.0502672943016269	14.1207815275311	11.2074442243731	0.00492972566808354	c6
C14orf132	0.00259406683576394	0.00534156197418926	0.710479573712256	0.242908927837363	0.0164415859089481	c6
CRIP2	1.51822590981586e-16	0.0752527707334116	10.9236234458259	5.29915168728278	8.33145013116215e-15	c6
AL928654.7	0.00788946161232166	0.00382801449319591	0.44404973357016	0.134534175417617	0.0431468137584103	c6
IGHV3-11	0.000960575806433597	0.000910137109320981	0.088809946714032	0.00373706042826712	0.00697084669868052	c6
IGHV4-34	0.00259219776800505	0.00172285996272804	0.177619893428064	0.0224223625696027	0.0164389676203979	c6
DKFZP434L187	1.08963889831562e-06	0.0010951296368664	0.088809946714032	0	1.65985281991646e-05	c6
FMN1	0.00143552540750118	0.0147173414714339	2.75310834813499	1.54714301730259	0.00990956629386289	c6
RP11-3D4.3	0.00022417324803099	0.00273290768687331	0.266429840142096	0.0336335438544041	0.00196854141755438	c6
CTD-2033D15.3	0.000959693899811655	0.000886917029446031	0.088809946714032	0.00373706042826712	0.00697084669868052	c6
RP11-532F12.5	0.00060761036247809	0.0107395382714095	1.59857904085258	0.706304420942487	0.0047270430739637	c6
SPINT1	7.10537525423983e-05	0.0173601116567083	2.4866785079929	1.16969991404761	0.000706636699576023	c6
LTK	0.00496518859864211	0.00477879263648509	0.532859680284192	0.168167719272021	0.0288991301852906	c6
PLA2G4B	4.42230458342326e-05	0.00364278815512748	0.355239786856128	0.0485817855674726	0.00046318038742264	c6
RORA	5.94137387049862e-15	0.15713599144809	42.8952042628774	33.9026122052394	2.8155928437775e-13	c6
RPL4	1.66918121400611e-35	0.233298839078297	98.0461811722913	96.7711797899772	2.57988035893219e-33	c6
SMAD3	1.56603256883753e-07	0.0737450612688238	15.7193605683837	11.19249598266	2.86304402465609e-06	c6
RPLP1	3.18162097955363e-56	0.186693578914426	100	100	8.93346144042334e-54	c6
NR2E3	1.08963889831562e-06	0.00123746541240168	0.088809946714032	0	1.65985281991646e-05	c6
NEO1	0.00142287787393219	0.0134599093545285	2.39786856127886	1.28928584775216	0.00983258132342593	c6
RP11-593F23.1	0.000959693899811655	0.000969531488554147	0.088809946714032	0.00373706042826712	0.00697084669868052	c6
RP11-152F13.10	0.000959693899811655	0.000891336357146289	0.088809946714032	0.00373706042826712	0.00697084669868052	c6
PDE8A	0.000245927237336213	0.0336302623823869	6.92717584369449	4.65637729362084	0.00213458736947361	c6
SLCO3A1	0.00135882376852563	0.0227547492970381	4.4404973357016	2.84016592548301	0.00944198970028924	c6
SYNM	0.00134779078148056	0.0176086776156974	3.19715808170515	1.8647931537053	0.0093769280593033	c6
LRRK1	0.00258889883162784	0.00181436487663125	0.177619893428064	0.0224223625696027	0.0164353753640278	c6
TARSL2	3.7257445457733e-05	0.0728585250954562	20.6927175843695	16.7906125042042	0.000398651116942793	c6
NME4	0.00283679048729087	0.0338859118800269	9.68028419182948	7.44422437310811	0.0177861590395941	c6
RP11-161M6.3	0.000264064856102461	0.0175445421604867	2.75310834813499	1.42755708359804	0.00227090384418487	c6
BAIAP3	0.000396619386363577	0.0118674271646261	1.59857904085258	0.687619118801151	0.00325308997179512	c6
TMEM204	0.00236418684682352	0.0593758292297454	19.7158081705151	17.2614821181659	0.0152049840841518	c6
RPS2	1.00197596741727e-38	0.203996231218612	100	99.9065734892933	1.76756954168363e-36	c6
PRSS22	3.26407930957904e-06	0.0102243441676997	1.15452930728242	0.317650136402706	4.49264249415671e-05	c6
CTD-3088G3.6	1.08963889831562e-06	0.00102348143106777	0.088809946714032	0	1.65985281991646e-05	c6
MPV17L	0.000974800743957946	0.00187816880427117	0.177619893428064	0.0186853021413356	0.00706190846418384	c6
RPS15A	5.52335229956938e-39	0.128898515635052	99.911190053286	99.9850517582869	9.95207659795137e-37	c6
CTD-2574D22.6	1.08963889831562e-06	0.00100744639710938	0.088809946714032	0	1.65985281991646e-05	c6
RP11-347C12.3	0.00184023039921086	0.00879923355954264	1.15452930728242	0.482080795246459	0.0122781629843585	c6
ZNF629	0.00591407950523341	0.00514943630971136	0.710479573712256	0.265331290406966	0.033490587369636	c6
RP11-401P9.1	0.000960575806433597	0.000886631327677657	0.088809946714032	0.00373706042826712	0.00697084669868052	c6
RBL2	5.34653711956714e-05	0.0858163706786844	52.1314387211368	49.9233902612205	0.000548724403614667	c6
TRADD	3.67676660367984e-06	0.0933772333235885	35.8792184724689	31.8584401509772	5.00141194769433e-05	c6
RP11-5A19.5	0.000960575806433597	0.000734148819477159	0.088809946714032	0.00373706042826712	0.00697084669868052	c6
NOL3	0.00191482406581982	0.00587387249089145	0.710479573712256	0.235434806980829	0.0126954116634658	c6
CRISPLD2	0.00755485659208223	0.00317923355900465	0.355239786856128	0.0934265107066781	0.0415326053211974	c6
COX4I1	1.42934733393313e-05	0.0809017711861597	96.9804618117229	95.6612728427819	0.000170902871077158	c6
RPL13	4.63024875170758e-83	0.233125167523457	100	99.9925258791435	2.40017848369285e-80	c6
TLCD2	4.41175978175026e-05	0.00760493650840621	0.799289520426288	0.205538323554692	0.000462219633352901	c6
ALOX15	0.00140334647657703	0.00540045745369577	0.710479573712256	0.227960686124295	0.00971130749266515	c6
PER1	4.21123799779419e-19	0.108309862726105	17.4067495559503	9.70888299263799	2.88401327434304e-17	c6
RP11-160E2.6	0.00199278983304393	0.0241831397965426	5.06216696269982	3.38577674801002	0.01313518547749	c6
RP11-138P22.1	0.00259550054756618	0.00167948669760671	0.177619893428064	0.0224223625696027	0.0164415859089481	c6
RPL23A	1.59417308239617e-33	0.169625721190458	100	99.902836428865	2.32528432200245e-31	c6
RPL19	8.84084930535417e-107	0.239456293582649	100	99.9925258791435	7.26545308523423e-104	c6
RPL27	6.44156112936322e-13	0.106810605083599	98.9342806394316	98.68455472925	2.53257830446633e-11	c6
MPP2	5.50725601044274e-05	0.0047228973015069	0.532859680284192	0.10463769199148	0.000562819181121801	c6
CTB-175E5.7	0.00259219776800505	0.00164599385053167	0.177619893428064	0.0224223625696027	0.0164389676203979	c6
ZNF652	0.000569515808012844	0.0389967846630952	10.9236234458259	8.17668821704847	0.00446677505474506	c6
RP11-304F15.3	0.00759303598597113	0.00284184192018476	0.355239786856128	0.0934265107066781	0.0417084699235917	c6
TOB1	1.30669687171544e-07	0.120615628584092	31.0834813499112	25.7184498673344	2.41911232942747e-06	c6
CYB561	2.31237802728049e-22	0.114235119441545	17.3179396092362	9.10721626368698	1.97749404190835e-20	c6
ACE	9.7588473764242e-07	0.0177365885118614	2.2202486678508	0.829627415075302	1.53579917562465e-05	c6
KCNH6	1.08963889831562e-06	0.00106058195015098	0.088809946714032	0	1.65985281991646e-05	c6
ICAM2	3.49360615899511e-20	0.174834749524045	42.5399644760213	31.869651332262	2.61005689403949e-18	c6
ERN1	4.62483476921551e-31	0.22445603014488	41.2966252220249	26.7984603311036	6.03989080286618e-29	c6
RP11-147L13.13	0.000735915722412346	0.0146837223633197	2.13143872113677	1.06506222205613	0.00558215766568248	c6
RPL38	4.02560112668863e-38	0.195681586033812	98.4902309058615	98.2361074778579	6.81601026947974e-36	c6
TTYH2	0.00022652443151835	0.0125904747088528	1.86500888099467	0.825890354647035	0.00198763390509877	c6
DNAI2	1.76012125239012e-06	0.0129231314557809	1.59857904085258	0.515714339100863	2.5629008417473e-05	c6
CD300A	0.000175407182314055	0.0408153943324581	10.1243339253996	7.30221607683396	0.00158364673121377	c6
CD300C	0.000959693899811655	0.00110948264087565	0.088809946714032	0.00373706042826712	0.00697084669868052	c6
ST6GALNAC1	5.14188815989965e-05	0.00725814199794862	0.88809946714032	0.24664598826563	0.000530630259294514	c6
CTD-2246P4.1	0.000959693899811655	0.00100082480965319	0.088809946714032	0.00373706042826712	0.00697084669868052	c6
RP11-936I5.1	0.000452344252439653	0.0284676388179215	6.21669626998224	4.12945177323517	0.0036541086649968	c6
CYTH1	0.00062228578960008	0.0700880917379665	36.7673179396092	34.1417840726485	0.00482117668309613	c6
USP36	0.00894856209478702	0.0483211214884161	20.2486678507993	17.9939459621062	0.0479581439831007	c6
C1QTNF1	0.000960575806433597	0.00126039423092392	0.088809946714032	0.00373706042826712	0.00697084669868052	c6
SMCHD1	3.9153902996739e-07	0.110508252214942	61.5452930728242	58.5709480922307	6.63273809739631e-06	c6
MTCL1	0.000959693899811655	0.00094228680598831	0.088809946714032	0.00373706042826712	0.00697084669868052	c6
RP11-820I16.4	0.0064659188521378	0.00277528826666051	0.266429840142096	0.0560559064240069	0.0362198952292487	c6
RP11-757O6.1	1.08963889831562e-06	0.00115200144297953	0.088809946714032	0	1.65985281991646e-05	c6
CFAP53	0.00184910047444762	0.00543846565111308	0.621669626998224	0.190590081841623	0.0123251417183062	c6
RAB27B	0.0071154096916915	0.0193585554600151	3.99644760213144	2.68694644792406	0.0393478769328497	c6
PLCB1	7.27364043515389e-16	0.05485107526984	7.54884547069272	3.16902724317052	3.7704313972627e-14	c6
CDK5RAP1	0.00489517187972417	0.0481680856937797	14.2984014209591	12.1192869688703	0.0285359725459215	c6
SNTA1	9.66367605895583e-05	0.0213681773209647	3.28596802841918	1.73025897828768	0.000932439579411391	c6
OSER1-AS1	0.00120476856239691	0.0311295631317898	8.52575488454707	6.20725737135169	0.00851373153133417	c6
CEBPB	7.45732599247803e-08	0.109222160028415	40.6749555950266	35.2890616241265	1.44157855416268e-06	c6
RPS21	3.59731615093265e-96	0.273363607050941	100	99.8692028850107	2.33092250749086e-93	c6
STMN3	2.33104111711435e-08	0.0975891849745409	26.6429840142096	20.9798572442916	4.90896041091371e-07	c6
GPX4	0.00190025704666901	0.071240689520182	74.6891651865009	71.7702455248701	0.0126211829155264	c6
RPS15	2.52720809067762e-52	0.160281226834151	100	99.9925258791435	6.45089010661301e-50	c6
GNG7	0.0031750602445043	0.0102024226825398	1.9538188277087	1.03142867820173	0.019611453689886	c6
AES	0.00540485196040923	0.0547650092539482	69.7158081705151	69.33368212564	0.0310663735847882	c6
TJP3	0.0073444736255255	0.01465839958619	3.10834813499112	1.97316790612504	0.0404949589819107	c6
EEF2	2.07681743001187e-25	0.192398074314112	96.2699822380107	94.9437572405546	2.07030433392959e-23	c6
RPL36	1.77412355144304e-81	0.236557479372732	100	99.9140476101499	8.92198790183909e-79	c6
AC104532.3	1.08963889831562e-06	0.000896161813498218	0.088809946714032	0	1.65985281991646e-05	c6
CRB3	5.23329969603001e-05	0.0129010968023932	2.04262877442274	0.87073507978624	0.000538908312830181	c6
CTB-133G6.1	9.09000220937978e-14	0.110074438303637	25.4884547069272	17.2278485743114	3.89172216572862e-12	c6
RPS28	2.12393432530178e-75	0.216022008293266	100	99.9962629395717	9.67078961577271e-73	c6
AC130469.2	0.000959693899811655	0.000947262340204559	0.088809946714032	0.00373706042826712	0.00697084669868052	c6
JUNB	1.03244653531954e-38	0.488254561050217	92.0959147424512	85.4292013901865	1.81183612297169e-36	c6
CTD-3252C9.4	1.0841476765012e-08	0.161263080281843	40.4973357015986	34.2090511603573	2.43204206471581e-07	c6
DNAJB1	7.89489821286611e-06	0.13938961889565	80.9058614564831	77.7570163309541	9.98538665106271e-05	c6
CTD-2562J15.6	6.74222371523908e-24	0.09781148954919	14.5648312611012	6.7865017377331	6.18998599077018e-22	c6
KLF2	1.50836031544876e-165	1.0183760336937	86.9449378330373	57.6217347434508	6.35283655859132e-162	c6
RPL18A	9.23110221911515e-76	0.212967178837021	100	99.9775776374304	4.3198994190398e-73	c6
ARRDC2	0.00523340670072249	0.0500526135475771	17.1403197158082	14.8959228670728	0.030204591533769	c6
JUND	2.61633789710401e-06	0.105478089093223	39.8756660746004	35.954258380358	3.67159054998011e-05	c6
UBA52	3.53847753155163e-21	0.111438359838943	99.5559502664298	99.4469150566165	2.83195871610691e-19	c6
RP11-678G14.2	0.00223392556102912	0.00579097039945258	0.710479573712256	0.239171867409096	0.0144861216037943	c6
RP11-678G14.3	1.08963889831562e-06	0.00107401669147549	0.088809946714032	0	1.65985281991646e-05	c6
ZNF208	4.61036842828818e-09	0.0218625896178641	2.66429840142096	0.911842744497179	1.09937546937538e-07	c6
FXYD1	0.000108214753821674	0.041428875997692	9.32504440497336	6.52864456818267	0.00103145344137694	c6
FXYD7	5.41718293083883e-07	0.0633717233932525	12.9662522202487	8.84935909413655	8.96055776493292e-06	c6
FXYD5	7.46241935974357e-75	0.36531010493528	98.2238010657194	94.4429911431668	3.352516772096e-72	c6
LSR	7.11126407622118e-11	0.100140194786556	24.0674955595027	17.2241115138832	2.17626641039234e-09	c6
SPINT2	5.49593056051294e-20	0.131412006508783	24.6003552397869	15.2658918494712	4.03442013738394e-18	c6
NCCRP1	0.00259109769572214	0.00181245955721354	0.177619893428064	0.0224223625696027	0.0164389676203979	c6
ZFP36	6.09878076472426e-31	0.433013544085217	89.7868561278863	82.7235696401211	7.87326893052181e-29	c6
RPS16	1.02894407526511e-36	0.16096653161397	99.911190053286	99.8393064015845	1.65881539100395e-34	c6
HNRNPUL1	9.96449546827413e-05	0.0828218393864378	43.9609236234458	40.8460704809597	0.0009573530376619	c6
RPS19	2.82786504646592e-121	0.312468655062462	100	99.9850517582869	3.28558913364217e-118	c6
PLAUR	5.69595844515381e-06	0.0212454679205144	2.93072824156306	1.32665645203483	7.43586299306519e-05	c6
NKPD1	0.000484210491767127	0.00320626272671309	0.266429840142096	0.0373706042826712	0.00388359636029554	c6
FOSB	3.07333491517379e-33	0.297363092149044	48.9342806394316	34.7471878620277	4.38783672168922e-31	c6
MEIS3	0.00922411574213268	0.0025567038004934	0.266429840142096	0.059792966852274	0.04920559172848	c6
GLTSCR2	1.91657327381656e-42	0.287446579854518	91.9182948490231	86.4232594641055	3.7764339115775e-40	c6
EMP3	0.00890929606780492	0.0806907679602611	82.0603907637655	76.9909189431593	0.0477857086451161	c6
RPL18	6.1664390017717e-87	0.232235135705489	100	99.9289958518629	3.29796818612215e-84	c6
PPP1R15A	9.44700396027086e-15	0.199054797442965	58.9698046181172	50.364363391756	4.41480376473462e-13	c6
FTL	6.33169999703011e-33	0.237373095702581	98.9342806394316	97.9558279457379	8.92637237238211e-31	c6
FLT3LG	5.73462458474329e-16	0.180565617775928	57.9040852575488	49.0302328188647	2.99105945446347e-14	c6
RPL13A	1.15587783395037e-31	0.167770453355447	99.5559502664298	99.5366045068949	1.54548205306047e-29	c6
RPS11	0.000734523195364357	0.0464919884034858	95.8259325044405	95.9490264957584	0.00557410462716366	c6
NOSIP	8.67250849757089e-33	0.270487208830159	58.6145648312611	47.0533278523114	1.20748554263287e-30	c6
RPS9	2.33886355322153e-41	0.196855844673981	99.5559502664298	99.3871220897642	4.45229765888396e-39	c6
LAIR1	5.35920616579652e-07	0.0730547370679335	16.9626998223801	12.4593594678426	8.87337064129474e-06	c6
NLRP7	0.000959693899811655	0.00102026864990655	0.088809946714032	0.00373706042826712	0.00697084669868052	c6
RPL28	3.83558126942247e-27	0.121813760178575	100	99.9925258791435	4.16890565457809e-25	c6
ZSCAN18	0.000737239506399693	0.0346742992072433	8.34813499111901	6.00545610822527	0.00559094033955239	c6
RPS5	9.8787237094967e-67	0.253104926005616	99.8223801065719	99.4058073919055	3.61797518117154e-64	c6
KB-1440D3.14	1.08963889831562e-06	0.00158720318453094	0.088809946714032	0	1.65985281991646e-05	c6
XBP1	2.81643529991908e-16	0.176573619913019	47.158081705151	38.0881198848985	1.5015343511942e-14	c6
CTA-292E10.6	0.00011268982222614	0.0424802263726469	9.05861456483126	6.33805448634104	0.00106987063118838	c6
ZNRF3	0.00326189433116091	0.0037559520715207	0.355239786856128	0.0822153294218768	0.0200595487487015	c6
RP4-539M6.22	0.00189561086238232	0.0201768186155591	3.37477797513321	2.04043499383385	0.0125977736483451	c6
SELM	0.00439465979709556	0.0547285333510949	38.7211367673179	36.7353040098658	0.0259915160967769	c6
PIK3IP1	1.07893282130718e-05	0.103476160374157	72.4689165186501	68.3059905078665	0.000133017059938251	c6
RP1-90G24.11	1.08963889831562e-06	0.00142990960906173	0.088809946714032	0	1.65985281991646e-05	c6
EIF3L	0.000763593489540551	0.0574033954343877	67.9396092362345	67.9846033110355	0.00576743309495165	c6
RPL3	1.35926336201698e-94	0.333186011463998	99.911190053286	99.7608281325909	8.48129994811115e-92	c6
ENTHD1	0.0009474283491361	0.00227655361414183	0.266429840142096	0.0411076647109384	0.00696392905667359	c6
SMDT1	4.39012526564997e-08	0.119603994535147	65.9857904085258	63.0591576665795	8.82992559116693e-07	c6
CERK	0.00273396352173035	0.0555081790819978	18.0284191829485	15.542434321163	0.0172022720637129	c6
LL22NC03-75H12.2	0.00858187283398448	0.00654662839761266	0.976909413854352	0.437236070107254	0.0462418217909922	c6
CTA-384D8.33	0.000959693899811655	0.00105064851462745	0.088809946714032	0.00373706042826712	0.00697084669868052	c6
ERVH48-1	0.00279370124606731	0.00226015266015202	0.266429840142096	0.0485817855674726	0.0175421114023466	c6
AP001065.15	0.000941026882348153	0.0030924891760385	0.266429840142096	0.0411076647109384	0.00692745461521492	c6
PRMT2	0.00504055645079113	0.0633325729974052	53.4635879218472	53.8323554691879	0.029256935237374	c6
MT-ND1	9.38157340719139e-113	0.461660548605773	99.6447602131439	98.5836540976868	9.0315066966259e-110	c6
MT-ND2	1.16219694204909e-108	0.495648191121925	98.8454706927176	94.9661796031242	1.00407855808723e-105	c6
MT-CO1	4.03870327627277e-62	0.277924762586263	100	99.8393064015845	1.36080068190735e-59	c6
MT-CO2	4.53445348599746e-89	0.305680819140177	100	99.9140476101499	2.54639792928664e-86	c6
MT-ATP8	1.56238558072199e-49	0.285409869897207	99.8223801065719	98.9461489592287	3.84255618663114e-47	c6
MT-ATP6	9.60863123788892e-49	0.322496866941048	100	99.2974326394858	2.31252300663878e-46	c6
MT-CO3	2.27009940158398e-160	0.502304456690099	100	99.5739751111775	7.64887292369705e-157	c6
MT-ND3	1.41971525662013e-117	0.41093493200365	99.911190053286	99.2787473373444	1.49487143301746e-114	c6
MT-ND4L	1.824708122904e-112	0.36478598757961	100	99.8355693411562	1.70782543036465e-109	c6
MT-ND4	3.48253289355321e-58	0.353903105604747	98.9342806394316	95.956500616615	1.04768270817305e-55	c6
MT-ND5	7.33876728190856e-73	0.381852581809417	99.3783303730018	96.629171493703	3.13003069362819e-70	c6
MT-ND6	3.09162795905958e-09	0.141739494811449	58.8809946714032	53.7987219253335	7.66514440416141e-08	c6
MT-CYB	7.02504727183872e-188	0.570547508197987	100	99.5515527486079	5.91754856943334e-184	c6
