gene	p_val	avg_log2FC	pct.1	pct.2	p_val_adj	cluster
RP1-140A9.1	0.00425736254692028	0.00748212799601011	0.81799591002045	0.297320399895938	0.0322566069404064	c12
MMEL1	0.00352596039172794	0.00834532423815353	1.12474437627812	0.464563124837403	0.0274817741010597	c12
MEGF6	1.03505121140453e-06	0.0330829925955322	5.11247443762781	2.57925446909726	2.01589685069736e-05	c12
RPL22	8.227473274636e-139	0.414049013531389	99.5910020449898	99.2418329802654	1.84810989677057e-135	c12
RP11-431K24.1	3.19207086101545e-13	0.0108966512648802	0.920245398773006	0.0929126249674806	1.54309376744698e-11	c12
RERE	2.51086310825969e-07	0.0881623772340525	19.9386503067485	14.8734530047943	5.5258668562836e-06	c12
C1orf127	1.56266168099112e-07	0.00109702444174672	0.102249488752556	0	3.58422890941557e-06	c12
RP4-635E18.7	4.50961460139414e-06	0.00658433888219445	0.613496932515337	0.100345634964879	7.71304336951138e-05	c12
TNFRSF1B	2.3372733425695e-06	0.100960026953317	49.3865030674847	44.4493997844427	4.24575406973705e-05	c12
FLJ37453	8.38645974762397e-07	0.0699107184723912	11.9631901840491	7.99791875720073	1.66513479514698e-05	c12
NECAP2	7.73389222092531e-08	0.120108653265508	38.9570552147239	35.3105139926413	1.90626016453443e-06	c12
RP5-1182A14.7	0.000949363225010574	0.0020937596247043	0.204498977505113	0.0222990299921953	0.0089152297947342	c12
RP11-108M9.6	0.0052490717316795	0.0133965042131778	2.24948875255624	1.23759616456684	0.0381889329453055	c12
TCEA3	3.09011231819916e-07	0.0341355704274577	5.01022494887526	2.43431077414799	6.68281414951236e-06	c12
ID3	2.45036642850271e-22	0.158876936844292	19.8364008179959	10.5288586613149	2.24355017505354e-20	c12
RPL11	1.36526108259101e-153	0.349344053358229	100	99.9777009700078	3.83342557640179e-150	c12
RCAN3	9.60683033594484e-23	0.205956338106529	38.3435582822086	27.6470806853235	9.02410824149761e-21	c12
NCMAP	0.000312118505095438	0.00212974647941109	0.204498977505113	0.0185825249934961	0.00346165928593999	c12
RHCE	0.000770980250280209	0.00808834488094604	1.02249488752556	0.353067974876426	0.0074949245680731	c12
LDLRAP1	1.41918387998702e-08	0.117764234411966	33.640081799591	27.7139777753001	3.94212544536543e-07	c12
RP1-317E23.6	0.00497890644194292	0.00134363390727681	0.102249488752556	0.00743300999739845	0.036511520423403	c12
LIN28A	0.00498238822424993	0.0011524659914954	0.102249488752556	0.00743300999739845	0.036511520423403	c12
HMGN2	0.00183727050975781	0.0430234332496149	78.9366053169734	80.8785817816925	0.0158793963617171	c12
RP5-1092A3.5	0.00563534459384284	0.00396298033117963	0.408997955010225	0.104062139963578	0.0405648669808687	c12
EPB41	9.74568869643945e-19	0.203352837027297	46.0122699386503	36.8454305571041	7.21695021841387e-17	c12
HPCAL4	2.79161113717096e-11	0.0256353872229527	2.96523517382413	0.873378674694317	1.10012334100396e-09	c12
CITED4	1.23863698820031e-06	0.0339687373236442	4.70347648261759	2.33024863418441	2.39304097938196e-05	c12
YBX1	0.00201689526358515	0.0387867954822558	80.6748466257669	83.405805180808	0.0171522637585154	c12
RPS8	9.08948254092125e-132	0.362849475858672	100	99.9925669900026	1.33156967275565e-128	c12
PLK3	0.00110871797384474	0.074986615039811	25.6646216768916	23.1612591518936	0.0102208326705129	c12
LINC01389	1.56266168099112e-07	0.00105131043191363	0.102249488752556	0	3.58422890941557e-06	c12
PDE4B	0.00206814865126864	0.0841126793103614	38.0368098159509	36.6893373471587	0.0174954056379226	c12
AK5	5.00030948949731e-05	0.0186722312757327	2.45398773006135	1.07406994462408	0.000685158308007818	c12
FLJ27354	0.00355331201493392	0.0272789525628403	5.31697341513292	3.60872635373695	0.0276565708087742	c12
RP5-943J3.2	0.000131022471778975	0.00538608549535494	0.511247443762781	0.0966291299661798	0.00160591893929457	c12
RPL5	2.3066650057107e-102	0.357383981609847	99.6932515337423	99.5465863901587	1.80745978377712e-99	c12
RP11-356N1.2	0.00498587220819128	0.0011780924254539	0.102249488752556	0.00743300999739845	0.036511520423403	c12
SRGAP2-AS1	1.56266168099112e-07	0.000749431159264188	0.102249488752556	0	3.58422890941557e-06	c12
RP4-791M13.4	0.00497890644194292	0.00122272681289375	0.102249488752556	0.00743300999739845	0.036511520423403	c12
C1orf56	0.000478187132110972	0.0231916580372252	3.16973415132924	1.70587579440294	0.00498053701061734	c12
TNFAIP8L2	4.43028427635376e-05	0.0555183478805671	12.3721881390593	8.94934403686773	0.000614043596904416	c12
THEM4	1.36701485461628e-46	0.305359318253381	45.398773006135	28.7025681049541	3.03027621785795e-44	c12
RPS27	6.51922733845367e-08	0.0865175418132802	100	100	1.62589819350006e-06	c12
IL6R	9.77365445031933e-10	0.104207132001658	20.961145194274	14.7693908648307	3.20032568560797e-08	c12
PBXIP1	6.66813302647077e-16	0.20384976636294	54.601226993865	46.9022930835842	4.0628584845191e-14	c12
FCRL3	5.57682675158535e-23	0.1434116041452	21.7791411042945	11.6438101609247	5.2931155089554e-21	c12
RP11-367J7.3	4.59539784883142e-07	0.00822105997947833	0.81799591002045	0.14494369494927	9.5637637503722e-06	c12
FCRL1	1.35689379586423e-17	0.0113258788978556	1.02249488752556	0.0817631099713829	9.31144186514241e-16	c12
FCER1G	6.79495636524005e-75	0.0704224144070689	5.62372188139059	0.553759244806184	3.17985083014442e-72	c12
RP11-466F5.10	0.00498587220819128	0.000677624859282702	0.102249488752556	0.00743300999739845	0.036511520423403	c12
GPA33	1.4517237734749e-97	0.132325516512893	12.2699386503067	1.99947968930018	9.98252669866598e-95	c12
RCSD1	3.73358877308495e-08	0.117564336801941	55.521472392638	53.2835321663508	9.6768877015634e-07	c12
F5	1.42269283370694e-12	0.0724255624955879	9.71370143149284	4.85747203329988	6.45171094736496e-11	c12
SELP	3.71443901842677e-46	0.0502913978512696	4.49897750511247	0.583491284795778	8.07447150237882e-44	c12
C1orf112	2.16021468014084e-18	0.0738883872777876	8.28220858895705	3.22220983387223	1.56866968604882e-16	c12
SELL	4.54041132098152e-145	0.863177616485078	83.1288343558282	50.9978815921507	1.17680476191655e-141	c12
KIAA0040	8.64241745031269e-09	0.104832998612774	19.8364008179959	14.4609209499387	2.47406638547864e-07	c12
RP11-318C24.2	0.00458318923471926	0.0013815717065773	0.204498977505113	0.0297320399895938	0.0343606747094072	c12
RP11-533E19.7	4.31430139572871e-06	0.0361503249684462	5.62372188139059	3.06611662392686	7.443219212887e-05	c12
RP11-540K16.1	0.000351326412681752	0.00102888111916402	0.102249488752556	0.00371650499869922	0.00380497072953906	c12
RP11-538D16.3	1.56266168099112e-07	0.00126120729791061	0.102249488752556	0	3.58422890941557e-06	c12
IVNS1ABP	1.9464387860759e-15	0.164344701869739	30.0613496932515	21.8902144423384	1.15058435891301e-13	c12
GS1-204I12.4	3.7266735765676e-09	0.012638691350066	1.12474437627812	0.200691269929758	1.12313541582172e-07	c12
HMCN1	7.23914992415217e-06	0.00529947055338335	0.511247443762781	0.0743300999739845	0.000119041443408679	c12
TPR	2.46959751589338e-05	0.110308562246134	51.2269938650307	50.648530122273	0.000363048074609562	c12
RP11-295K2.3	0.000351326412681752	0.00111359667364364	0.102249488752556	0.00371650499869922	0.00380497072953906	c12
LINC01036	5.71376850594331e-05	0.00498916797004818	0.511247443762781	0.0891961199687814	0.000774104206028363	c12
RGS1	1.43478572752963e-08	0.22465140783979	74.7443762781186	66.4102278217564	3.98218042037754e-07	c12
RP11-563D10.1	1.81610467143e-05	0.00335295569994621	0.306748466257669	0.0297320399895938	0.000272934124884757	c12
ASCL5	0.00271967696621219	0.00735980628001061	0.920245398773006	0.338201954881629	0.0220650678652444	c12
CHIT1	0.000351326412681752	0.00113228172240486	0.102249488752556	0.00371650499869922	0.00380497072953906	c12
BTG2	1.01986635082975e-10	0.199305976228556	62.5766871165644	56.3645148102724	3.80546808691667e-09	c12
NUAK2	9.72239851932294e-05	0.0347728963104066	6.03271983640082	3.68677295870963	0.00123851227111557	c12
FCMR	9.67560045483162e-137	0.663076521763807	82.1063394683027	54.0119671460958	1.91770401014763e-133	c12
RP11-357P18.2	7.14255557861614e-05	0.0017526310938196	0.204498977505113	0.0148660199947969	0.000942660664574587	c12
TRAF3IP3	5.09743707145831e-09	0.122525789086774	70.961145194274	70.3014085553945	1.49741102603066e-07	c12
TLR5	1.88209986139378e-31	0.0204607436768953	1.84049079754601	0.14122718995057	2.60969023579432e-29	c12
RP11-239E10.2	1.92200144967252e-08	0.0050964243666199	0.408997955010225	0.0297320399895938	5.23101105373716e-07	c12
SUSD4	4.35042712952553e-10	0.0155170281463632	1.73824130879346	0.393949529862118	1.49270154482926e-08	c12
RP11-365O16.6	0.0022726738085735	0.00169889679615966	0.204498977505113	0.0260155349908946	0.0189496340772273	c12
TMEM63A	7.915133599585e-14	0.115960609982301	20.961145194274	13.468614115286	4.08411196790838e-12	c12
ADCK3	0.0055950105275028	0.0404366973151944	9.40695296523517	7.32523135243617	0.0403592988040418	c12
RP5-881P19.7	1.56266168099112e-07	0.00160162291834745	0.102249488752556	0	3.58422890941557e-06	c12
TOMM20	5.92701344872896e-11	0.133529251317873	65.3374233128834	63.3738432378192	2.26422665693281e-09	c12
ACTN2	0.00498587220819128	0.000846490814269408	0.102249488752556	0.00743300999739845	0.036511520423403	c12
CHRM3-AS2	1.25932476298921e-21	0.105737091139813	12.8834355828221	5.79031478797339	1.11369261323251e-19	c12
CNST	6.35760037104519e-10	0.124614569139879	28.4253578732106	22.5034377671238	2.12723919465736e-08	c12
SH3YL1	2.86764758730405e-08	0.0810926094081377	16.2576687116564	11.1123499461107	7.57229763374785e-07	c12
RPS7	9.593156877241e-16	0.0872445978380196	99.8977505112474	99.9516854350169	5.78232250128369e-14	c12
RNF144A	9.97651583490217e-06	0.0442238992214893	8.58895705521472	5.41866428810347	0.000159161327907762	c12
RP11-130L8.2	0.000351326412681752	0.00115313404708744	0.102249488752556	0.00371650499869922	0.00380497072953906	c12
CDKL4	5.59517496966087e-07	0.00790798155425086	0.715746421267894	0.115211654959676	1.14692521032812e-05	c12
LINC01118	0.00497890644194292	0.00133950161335295	0.102249488752556	0.00743300999739845	0.036511520423403	c12
RPS27A	1.755124033568e-21	0.127492728553082	99.8977505112474	99.9851339800052	1.52809171025944e-19	c12
RP11-355B11.2	0.00261877553919962	0.0257732998553728	4.70347648261759	3.06240011892816	0.0214115561800029	c12
UGP2	3.65699149360526e-18	0.190808348467692	38.6503067484663	29.6725759096146	2.61056507172745e-16	c12
PELI1	2.21560387019939e-53	0.283244086426206	35.3783231083845	18.1476939086483	6.02036748407243e-51	c12
AC074289.1	1.04724646065244e-44	0.0945476966045327	9.10020449897751	2.17415542423905	2.11292947576188e-42	c12
LINC00309	0.000569956343271434	0.017070677238179	2.14723926380368	1.01088935964619	0.0058018456284555	c12
AAK1	0.00645333644246768	0.0577336864780549	46.4212678936605	46.8019474486193	0.0454128847783848	c12
RP11-434P11.2	0.00498238822424993	0.00111452238868148	0.102249488752556	0.00743300999739845	0.036511520423403	c12
RP11-287D1.3	0.00458495855325858	0.00182991409713793	0.204498977505113	0.0297320399895938	0.0343606747094072	c12
RP11-1399P15.1	3.21832176854719e-86	0.171238936989249	15.2351738241309	3.31512245883971	1.83793446897337e-83	c12
MAL	1.83641743095114e-87	0.393153414909176	46.0122699386503	21.4107852975062	1.08554822663979e-84	c12
FER1L5	1.56266168099112e-07	0.000802419752696436	0.102249488752556	0	3.58422890941557e-06	c12
AFF3	2.61374785469957e-11	0.0234186686298337	2.76073619631902	0.776749544728138	1.0336575142752e-09	c12
RPL31	2.70768417699614e-07	0.0769629810321022	97.3415132924335	97.4653435908871	5.93190576461041e-06	c12
UXS1	4.79428456816057e-14	0.128699871703194	25.6646216768916	17.8132084587654	2.53592816702673e-12	c12
GCC2	0.00559407233970716	0.0643702587587194	44.1717791411043	44.6129260043855	0.0403592988040418	c12
SH3RF3	9.60033033175586e-19	0.0130716735607566	1.22699386503067	0.111495149960977	7.14069603086494e-17	c12
FBLN7	2.89566657755785e-13	0.145557922194508	28.6298568507157	20.4036124428587	1.40518497279066e-11	c12
IL1B	0.00498238822424993	0.000905689008270313	0.102249488752556	0.00743300999739845	0.036511520423403	c12
AC092652.1	1.56266168099112e-07	0.000792606904230297	0.102249488752556	0	3.58422890941557e-06	c12
RPRM	3.0735509322521e-21	0.00936260204168156	0.715746421267894	0.0260155349908946	2.63512023183975e-19	c12
ACVR1	0.00117450651411307	0.0258198392597724	3.98773006134969	2.4008622291597	0.0107449966023692	c12
ITGA6	3.72170069906707e-14	0.105245355254604	17.280163599182	10.2872858363994	1.99362453663539e-12	c12
AC078883.3	2.7241328099611e-06	0.00630509619443007	0.613496932515337	0.0966291299661798	4.87968797973575e-05	c12
AC093818.1	2.2156317615696e-19	0.0841652144280588	9.71370143149284	4.01754190359386	1.71223615996161e-17	c12
PDK1	4.12043586522701e-22	0.103649868797428	12.8834355828221	5.745716727989	3.74215541894768e-20	c12
GPR155	9.73674061221526e-06	0.0715574119370052	15.7464212678937	11.6958412309065	0.000155704669287129	c12
AC079305.8	1.56266168099112e-07	0.00139741306366671	0.102249488752556	0	3.58422890941557e-06	c12
TTN	8.18648210223471e-10	0.0804770566943478	12.5766871165644	7.54822165235812	2.69719025210123e-08	c12
RP11-171I2.3	0.00498238822424993	0.00113768008770854	0.102249488752556	0.00743300999739845	0.036511520423403	c12
CCDC141	5.47253776574068e-06	0.0509087148793475	7.87321063394683	4.82773999331029	9.20577571037776e-05	c12
SESTD1	6.34378770910753e-08	0.0313274948889551	4.29447852760736	1.87683502434311	1.58448912580185e-06	c12
NABP1	2.9794749095462e-19	0.182699012319772	30.5725971370143	21.117181402609	2.27127664258484e-17	c12
SLC39A10	9.20207151482202e-07	0.0670199293951983	15.5419222903885	10.9451072211692	1.81424574382922e-05	c12
STK17B	4.85643611434595e-05	0.0879031759496067	69.5296523517382	70.3608726353737	0.000667616313491523	c12
PLCL1	5.98188418724788e-38	0.109027766189122	11.2474437627812	3.45263314379158	1.00275425773696e-35	c12
FAM117B	0.000180058748142408	0.0307290755592606	5.52147239263804	3.3597205188241	0.00213097978922033	c12
NBEAL1	1.2063953114243e-09	0.139812856703731	67.3824130879346	63.6042665477385	3.88978790651966e-08	c12
CTLA4	3.57757121947113e-54	0.384161456333877	48.7730061349693	27.554168060356	1.01296373671311e-51	c12
EEF1B2	2.20179847002843e-47	0.287330486923401	98.159509202454	97.3575649459249	4.9790199764522e-45	c12
IKZF2	2.99446821819148e-119	0.335941217315522	33.8445807770961	10.5623072063032	3.60341471941942e-116	c12
RP11-105N14.1	0.000292489801722822	0.00446439385425199	0.408997955010225	0.0706135949752852	0.00326113546632984	c12
AC093382.1	1.56266168099112e-07	0.000997703040096362	0.102249488752556	0	3.58422890941557e-06	c12
TMEM169	5.47967015320026e-05	0.0184672014573823	2.45398773006135	1.07778644962277	0.000746289434688479	c12
RPL37A	1.07486450849298e-27	0.156088953901934	99.3865030674847	99.4462407551938	1.24884430169525e-25	c12
COL4A3	0.000351326412681752	0.00132070861623655	0.102249488752556	0.00371650499869922	0.00380497072953906	c12
GPR55	0.0050114133822412	0.00771761405278836	1.32924335378323	0.605790314787973	0.0366635152745632	c12
SPATA3-AS1	1.56266168099112e-07	0.00124865434956581	0.102249488752556	0	3.58422890941557e-06	c12
LINC00471	0.000120762379306988	0.00989799333941454	1.22699386503067	0.405099044858215	0.00149704474185786	c12
PTMA	2.04291738250658e-20	0.117655812702716	100	99.925669900026	1.69960637743646e-18	c12
AC097713.3	0.000351326412681752	0.00133224848616602	0.102249488752556	0.00371650499869922	0.00380497072953906	c12
AC097713.4	4.07441127608637e-14	0.0478042949434829	5.72597137014315	2.12212435425726	2.17220274582997e-12	c12
ACKR3	0.000678719582393466	0.00398346893097921	0.408997955010225	0.0780466049726837	0.0067044202899928	c12
RAB17	0.00497890644194292	0.00140071962718557	0.102249488752556	0.00743300999739845	0.036511520423403	c12
SNED1	0.000341332685768035	0.017969825509626	2.45398773006135	1.18184858958635	0.00375599722869633	c12
AC005237.4	0.000351696726055276	0.000727073435963755	0.102249488752556	0.00371650499869922	0.00380497072953906	c12
MTERF4	0.00265909893455107	0.0715812180814589	31.1860940695297	29.7469060095886	0.0216833687078325	c12
RPL32	3.04461670005602e-187	0.424512052184275	100	99.9777009700078	1.13983683435208e-183	c12
RPL15	2.0981057196371e-16	0.0984270101979523	99.7955010224949	99.8253242650611	1.32137521714864e-14	c12
RBMS3	7.74732854363788e-104	0.0664788756725536	5.52147239263804	0.360500984873825	6.36679238900816e-101	c12
CMTM8	6.17247675029148e-28	0.170519234872888	25.5623721881391	14.0223733600922	7.32307857832117e-26	c12
CMTM7	0.000101154921864909	0.0884647430029252	42.4335378323108	40.5507860408072	0.00128132102906625	c12
CRTAP	0.00076559543866233	0.0855007546530547	30.7770961145194	28.728583639945	0.0074490247502999	c12
RPSA	1.19695354940876e-37	0.192597663423077	99.7955010224949	99.6580815401197	1.9769682791068e-35	c12
RPL14	2.20426364299937e-49	0.196335454682501	100	99.9405359200208	5.34319850267775e-47	c12
ZNF662	0.000170241847296998	0.0065701084645493	0.81799591002045	0.219273794923254	0.00202905157510614	c12
LINC00694	5.67695330284424e-05	0.00624277897477514	0.511247443762781	0.0891961199687814	0.000769735471171162	c12
CISH	2.03360044046265e-11	0.145904250985619	20.1431492842536	13.6098413052366	8.09930652966295e-10	c12
RPL29	1.36085281434665e-87	0.257661656923539	99.8977505112474	99.9331029100234	8.18795977260646e-85	c12
SEMA3G	0.00245409672771453	0.00543076146341672	0.511247443762781	0.133794179953172	0.0202445560045843	c12
CCDC66	4.04198753609851e-08	0.102590672818259	22.2903885480573	16.9175307540789	1.04201016098931e-06	c12
ASB14	0.00498238822424993	0.000919960896396942	0.102249488752556	0.00743300999739845	0.036511520423403	c12
FLNB	0.00348436512965604	0.0283392608823115	5.93047034764826	4.11417103356004	0.0272394892525825	c12
LRIG1	4.86081830088825e-05	0.0503016237765062	9.71370143149284	6.62652841268072	0.000667673916959351	c12
FOXP1	1.99925629886621e-33	0.295410492046162	54.3967280163599	41.5728249154495	2.9288235536521e-31	c12
GPR15	2.74024853056501e-05	0.0130904050103104	1.43149284253579	0.468279629836102	0.00039831723032294	c12
RPL24	4.60806522950519e-21	0.115535341527377	99.3865030674847	99.6989630951054	3.90110929253638e-19	c12
NFKBIZ	4.43619845271398e-06	0.116354530932153	38.0368098159509	33.8759430631434	7.60291305522608e-05	c12
LINC01215	1.71061586684703e-07	0.0492409617449945	7.66871165644172	4.2962797784963	3.90233520768745e-06	c12
TIGIT	9.61493102243023e-23	0.277433257604952	58.9979550102249	44.7318541643439	9.02410824149761e-21	c12
KALRN	4.68813217710061e-25	0.0308776173877327	2.86298568507157	0.438547589846508	4.89046209211232e-23	c12
ABTB1	0.000101547207151536	0.0831254587287013	26.7893660531697	23.4957446017765	0.0012853236655762	c12
CNBP	2.4481284810618e-12	0.125810279611879	92.0245398773006	91.3702753930204	1.08535843474864e-10	c12
RASA2	3.04443587076251e-07	0.109393772426233	33.5378323108384	28.8623778198982	6.59673454851911e-06	c12
RP11-246A10.1	0.00387536953620399	0.0056580985374207	0.613496932515337	0.18954175493366	0.0296900184522185	c12
MBNL1	0.00210506924543419	0.0373446804616009	67.7914110429448	71.8214590998625	0.0177809483970067	c12
MECOM	0.000351326412681752	0.000991428457603772	0.102249488752556	0.00371650499869922	0.00380497072953906	c12
RP11-816J6.3	0.00457611814274212	0.00191645781243571	0.204498977505113	0.0297320399895938	0.0343249609754125	c12
RP11-778D9.13	0.000351326412681752	0.0010010397061528	0.102249488752556	0.00371650499869922	0.00380497072953906	c12
MAGEF1	9.09694129176581e-05	0.0533002936505065	10.4294478527607	7.42186048240235	0.00116722140093205	c12
EIF4A2	2.96006269246699e-08	0.115944199963875	77.9141104294479	76.3184301482886	7.79799471149201e-07	c12
MB21D2	9.12788439930557e-06	0.0143469914175774	1.53374233128834	0.490578659828298	0.00014708509658068	c12
TMEM44-AS1	0.00681653519329156	0.0364390776671068	9.20245398773006	7.1617051324934	0.0476111809292632	c12
LINC00885	0.00532864690278326	0.00720279706095301	0.81799591002045	0.304753409893336	0.0386990531066924	c12
RPL35A	1.16433720668171e-43	0.177148164595023	100	99.9479689300182	2.28088243267055e-41	c12
RGS12	2.37266509934017e-08	0.0204257130308591	2.24948875255624	0.691269929758056	6.35489490120571e-07	c12
KLF3	7.19749336142603e-06	0.0852359552608514	23.3128834355828	18.4450143085442	0.000118414229160102	c12
RPL9	2.32546260795898e-67	0.298997140381967	99.5910020449898	99.6134834801353	8.80383563062584e-65	c12
RHOH	0.000458768242678895	0.0714668005757428	62.678936605317	64.7563830973353	0.00480270246789048	c12
TXK	6.4724669115446e-69	0.317939719279035	37.5255623721881	17.1851191139852	2.56568588373628e-66	c12
ARL9	0.00498238822424993	0.00101292346172443	0.102249488752556	0.00743300999739845	0.036511520423403	c12
STAP1	1.84539817421876e-09	0.0282267473497781	3.16973415132924	1.08893596461887	5.74135236215393e-08	c12
SULT1B1	0.00189911545617905	0.00845887532908262	1.22699386503067	0.498011669825696	0.0163153483377096	c12
RASSF6	1.2320148700211e-21	0.0166808945949347	1.73824130879346	0.19325825993236	1.09240813238134e-19	c12
FAM47E	7.13301472071296e-05	0.00206134480144839	0.204498977505113	0.0148660199947969	0.000942400007929743	c12
CCNI	5.39340659665778e-10	0.109489268696737	93.6605316973415	93.6893745122087	1.82375976511014e-08	c12
HNRNPDL	0.000926168848012534	0.0539480759660886	80.879345603272	82.0306983312893	0.00873175322454162	c12
FAM175A	0.00550944467571936	0.0420211193781845	11.758691206544	9.45107221169213	0.03982733939148	c12
MMRN1	0.00503554051269668	0.0106087297728864	1.53374233128834	0.739584494741145	0.0368281966648149	c12
RP11-696N14.1	1.54452802585372e-08	0.0197906923820632	2.24948875255624	0.680120414761958	4.27268697069912e-07	c12
LEF1	4.35785846127335e-107	0.535539614707457	63.9059304703476	36.4031664622589	3.76496623061908e-104	c12
RPL34	8.59127440979024e-105	0.307161472296844	100	99.9814174750065	7.23685999908681e-102	c12
CAMK2D	3.02926746512353e-06	0.0874680511714457	21.881390593047	17.3709443639202	5.38902523600171e-05	c12
SNHG8	3.51705804010147e-07	0.111501687066644	64.8261758691206	63.697179172706	7.52023990102037e-06	c12
USP53	3.56547210989102e-07	0.0577939832867388	10.3271983640082	6.42955364774966	7.60348769847877e-06	c12
PCDH18	7.13778364170685e-05	0.00214408930621884	0.204498977505113	0.0148660199947969	0.000942400007929743	c12
SETD7	0.000323389302516183	0.0323527708241118	5.21472392638037	3.20362730887873	0.00357372225614308	c12
RP11-342I1.2	5.21385988795226e-06	0.00385644120205894	0.306748466257669	0.0260155349908946	8.8013925383098e-05	c12
MGST2	0.00563557928027264	0.0328162604230067	6.13496932515337	4.41520793845468	0.0405648669808687	c12
TBC1D9	0.00497890644194292	0.00117455194432258	0.102249488752556	0.00743300999739845	0.036511520423403	c12
FREM3	0.000351326412681752	0.001185475337254	0.102249488752556	0.00371650499869922	0.00380497072953906	c12
PRMT9	0.00136269629205829	0.0748871307724585	26.3803680981595	23.6667038317167	0.0122341297267817	c12
RP11-76G10.1	0.000351326412681752	0.00125116461891351	0.102249488752556	0.00371650499869922	0.00380497072953906	c12
RPS3A	5.05794925247174e-132	0.376734966769277	100	99.9405359200208	7.74647918694467e-129	c12
KIAA0922	5.40206323850207e-07	0.0937652135078809	23.1083844580777	18.1402608986509	1.11053763732818e-05	c12
RNF175	1.30177783071392e-103	0.0495565031167889	4.29447852760736	0.196974764931059	1.04433576733511e-100	c12
HPGD	5.29434850158822e-14	0.0573109186414494	6.13496932515337	2.35998067417401	2.76999655920052e-12	c12
CCDC110	0.00359347205593255	0.00280085923813241	0.306748466257669	0.0594640799791876	0.0278918330920505	c12
SORBS2	0.000351326412681752	0.00103084164309053	0.102249488752556	0.00371650499869922	0.00380497072953906	c12
PP7080	0.0021148188925344	0.037440100387159	8.1799591002045	5.97242353290965	0.0178543492270243	c12
CEP72	0.00227492746329645	0.0183886273370473	3.06748466257669	1.76162336938343	0.018952213731974	c12
ROPN1L	2.27745062881872e-07	0.0117872045367177	1.32924335378323	0.323335934886832	5.05843253048239e-06	c12
FAM105A	1.14903369409927e-08	0.0931181401561307	18.9161554192229	13.5020626602743	3.22629510741508e-07	c12
CTD-2165H16.4	4.42659547955124e-05	0.0143423751263862	1.6359918200409	0.590924294793176	0.000613784806946499	c12
ANKH	0.00369573098953876	0.0597897825584532	20.040899795501	17.5753521388486	0.0285147606964779	c12
FAM134B	0.000399524846138583	0.0566538239440578	16.4621676891616	13.2121752703757	0.00426269479600805	c12
CTC-461F20.1	0.00167808909932152	0.00653863684606287	0.715746421267894	0.219273794923254	0.0146899283223017	c12
RPL37	5.89071690811396e-121	0.330225550748236	100	99.9665514550117	7.63391598084583e-118	c12
ANXA2R	9.88476481124863e-07	0.109214761578584	32.2085889570552	27.4724049503847	1.93413046196406e-05	c12
AC025171.1	0.00265147853973998	0.0314487115881697	6.03271983640082	4.17363511353923	0.0216369382218452	c12
IL6ST	2.96703806384044e-09	0.142253030249488	41.4110429447853	35.277065447653	9.07181311461341e-08	c12
C5orf67	1.56266168099112e-07	0.0013523890688629	0.102249488752556	0	3.58422890941557e-06	c12
MAP3K1	9.6448949639626e-17	0.133454399157862	21.5746421267894	13.4128665403055	6.21367286645805e-15	c12
SGTB	7.58153426676827e-06	0.0815229084108363	20.5521472392638	16.2671423793065	0.000124247186568332	c12
MAST4	0.000575646972934209	0.052350966526074	11.6564417177914	8.86014791689895	0.005843883430565	c12
BTF3	1.03349043454892e-14	0.116192251801009	97.4437627811861	97.2720853309548	5.84268904390794e-13	c12
GCNT4	3.58846878791716e-47	0.0713005833456977	6.74846625766871	1.22644664957074	8.06065782267206e-45	c12
LINC01336	1.6375251079317e-37	0.0584561295130618	6.13496932515337	1.23759616456684	2.67838694109956e-35	c12
ANKRD31	0.00519524339413698	0.00993306106112703	1.73824130879346	0.877095179693017	0.0379057018020899	c12
ANKDD1B	7.6334471996521e-14	0.0241645940103903	2.35173824130879	0.512877689820493	3.9448062875012e-12	c12
RPS23	3.53424251955795e-37	0.162664749497799	100	99.9777009700078	5.72513305067239e-35	c12
CCNH	0.000520685607299552	0.0829554510024184	49.2842535787321	47.9614970082135	0.00535203808796556	c12
RGMB	7.61908345123936e-06	0.0194496218144228	2.45398773006135	0.984873824655294	0.000124680620595463	c12
RGMB-AS1	7.67007376715772e-15	0.00335430464610654	0.306748466257669	0.00371650499869922	4.39516097807164e-13	c12
AC008522.1	0.00709011885185192	0.00345970598376618	0.408997955010225	0.107778644962277	0.0491957299411653	c12
CAMK4	1.00349872714385e-15	0.18530227784401	52.2494887525562	45.4788716690824	6.02707417333062e-14	c12
MARCH3	1.71374987498625e-19	0.121638174638858	16.359918200409	8.6037090719887	1.33664556221729e-17	c12
UBE2B	2.18414207245826e-07	0.112917163573461	54.4989775051125	52.6777418515628	4.87367437015951e-06	c12
HNRNPA0	7.02135824337863e-07	0.095289937849577	67.1779141104295	66.4511093767421	1.41493806610287e-05	c12
EIF4EBP3	2.09805850220098e-06	0.0379342366373459	5.8282208588957	3.16646225889174	3.86635247426589e-05	c12
PCDHB2	0.00498587220819128	0.000834607216717522	0.102249488752556	0.00743300999739845	0.036511520423403	c12
NDFIP1	1.66374589533466e-25	0.242496420217327	72.1881390593047	66.0385773218865	1.76839918603805e-23	c12
RP11-118M9.3	0.00497890644194292	0.0011636848647843	0.102249488752556	0.00743300999739845	0.036511520423403	c12
RPS14	4.19176801576568e-14	0.0999435159587696	100	99.9851339800052	2.23123904460046e-12	c12
CCDC69	0.00341000869434455	0.0704850174275989	30.3680981595092	28.765748689932	0.0267388487193961	c12
RP11-54C4.3	0.00479977380580175	0.0182098653921233	2.96523517382413	1.76533987438213	0.0357021793603674	c12
HAVCR1	1.27618587574985e-26	0.03533987947625	3.16973415132924	0.501728174824395	1.41913554117212e-24	c12
EBF1	0.00497890644194292	0.00127195110047597	0.102249488752556	0.00743300999739845	0.036511520423403	c12
MIR3142HG	4.34295500082845e-14	0.0857215135610895	11.9631901840491	6.2102798528264	2.30806823025101e-12	c12
NPM1	9.2469956648802e-30	0.214249942965525	96.2167689161554	94.2208347270227	1.18018284822907e-27	c12
DUSP1	0.00538681266697002	0.104586879867593	91.2065439672802	89.9728695135095	0.0390749765340986	c12
HRH2	0.000128538632985892	0.031117549279186	5.41922290388548	3.25565837886052	0.00158122698058658	c12
FAM153B	2.05423123848547e-06	0.0272085976287337	3.2719836400818	1.4234214145018	3.79054038058759e-05	c12
UNC5A	0.000351696726055276	0.00114448853770951	0.102249488752556	0.00371650499869922	0.00380497072953906	c12
FAM153A	0.00206410503561329	0.0127760224680221	1.73824130879346	0.821347604712528	0.0174743605703402	c12
GNB2L1	8.02838377439475e-82	0.252395225063732	99.4887525562372	99.6952465901067	4.36303811120092e-79	c12
IRF4	1.48955409729219e-05	0.0518690922321833	10.0204498977505	6.62281190768202	0.000228235724211746	c12
ADTRP	1.25200882760653e-86	0.24024622789687	23.1083844580777	6.81607016761438	7.2733078340301e-84	c12
HIST1H4C	1.64575599516377e-21	0.24185203376915	71.6768916155419	65.414204482105	1.44031435067658e-19	c12
IER3	4.35892640690604e-12	0.0581476616370774	7.77096114519427	3.57899431374735	1.89754090897018e-10	c12
LINC00243	5.97932269300631e-09	0.0549398959512775	8.38445807770961	4.51555357341956	1.7443056174732e-07	c12
DDR1	0.000393497462134842	0.00914518333944161	1.02249488752556	0.33448544988293	0.00420771294483382	c12
XXbac-BPG299F13.17	0.00655011503913086	0.0317141533745636	8.1799591002045	6.19169732783291	0.0459695013806447	c12
LTB	9.46412551441333e-101	0.809459968879525	95.5010224948875	76.1511874233471	7.2473692064237e-98	c12
NCR3	0.00343586971918308	0.0460213285631034	9.91820040899796	7.59653621734121	0.0269209286250949	c12
C6orf48	1.02384759144049e-06	0.124179066354508	43.4560327198364	41.5653919054521	1.99869760984912e-05	c12
RPS18	3.6690420900866e-64	0.260674688506233	100	99.9479689300182	1.3013126756145e-61	c12
CUTA	2.35281381053393e-08	0.117010827028997	68.7116564417178	68.0120414761958	6.31176023344986e-07	c12
RPL10A	2.5457925015298e-39	0.199002047038976	99.1820040899795	99.3719106552198	4.46760065346589e-37	c12
PI16	0.000829180711815435	0.0202616078541384	2.35173824130879	1.17441557958895	0.00797101709098695	c12
PIM1	0.00624318961206714	0.0727875320971586	39.8773006134969	38.5364403315122	0.0441557579321978	c12
DNAH8	6.32163790918105e-18	0.0315437157598537	3.16973415132924	0.698702939755454	4.43752641066555e-16	c12
RP1-207H1.3	0.00070526726118593	0.0104021616955401	1.22699386503067	0.460846619838704	0.00693413338149948	c12
CUL9	3.97150094797441e-08	0.0680278988594773	11.2474437627812	6.92384881257665	1.02462291685337e-06	c12
HSP90AB1	0.000626979625775773	0.0698348439852337	81.3905930470348	81.0644070316275	0.00627054066811781	c12
RP11-462G2.1	2.09255827211479e-21	0.0167033227912476	1.12474437627812	0.0780466049726837	1.81251049924513e-19	c12
RP11-462G2.2	0.000511327483429084	0.00331821765825474	0.306748466257669	0.0445980599843907	0.0052719303019154	c12
RP11-505P4.6	0.000948896346333962	0.00240231929621532	0.204498977505113	0.0222990299921953	0.0089152297947342	c12
EEF1A1	4.33878254534967e-69	0.213114114359497	100	99.9962834950013	1.78281633028063e-66	c12
CASP8AP2	0.000846780977858385	0.0606146307126478	16.4621676891616	13.5615267402535	0.008112436243378	c12
PNISR	0.00463343690811025	0.0466657238225221	70.3476482617587	72.6316571895789	0.0346546111391491	c12
SESN1	0.00686866309751065	0.0804208797718983	25.9713701431493	23.5403426617609	0.0479256024865446	c12
SLC16A10	3.42329084418439e-10	0.022076867811982	2.24948875255624	0.602073809789274	1.19651827493723e-08	c12
COL10A1	0.000949363225010574	0.00204418206505985	0.204498977505113	0.0222990299921953	0.0089152297947342	c12
FAM184A	0.0007902278948517	0.0310654757285414	5.31697341513292	3.38945255881369	0.00765113180722218	c12
L3MBTL3	0.000580088545890385	0.0517159116729677	12.9856850715746	10.0159809714944	0.00586775847049854	c12
ARG1	7.92208106310246e-45	0.026534530560398	1.73824130879346	0.0743300999739845	1.60799156229021e-42	c12
RPS12	4.05004062433919e-81	0.284543844139253	100	99.9925669900026	2.13221982494507e-78	c12
MYB	3.00976599281718e-26	0.0663492228759198	6.23721881390593	1.66871074441595	3.29256673253188e-24	c12
HEBP2	0.00195810979938838	0.0472121559919218	12.4744376278119	9.87847028654254	0.0167368218114135	c12
AIG1	1.41152033983535e-16	0.0934774006757526	13.9059304703476	7.1654216374921	8.95664149348633e-15	c12
AL023806.1	0.00497890644194292	0.00100912193690679	0.102249488752556	0.00743300999739845	0.036511520423403	c12
ZC3H12D	5.19184711023021e-06	0.066874320641964	12.4744376278119	8.67803917196269	8.77302389829973e-05	c12
AL358852.1	2.62268491248073e-06	0.0152663362827927	1.53374233128834	0.460846619838704	4.72307565158341e-05	c12
RAET1G	1.56266168099112e-07	0.00132811373919895	0.102249488752556	0	3.58422890941557e-06	c12
IPCEF1	6.96632485767467e-08	0.10837950157383	29.6523517382413	24.2167465715241	1.72972254793287e-06	c12
SNX9	0.00303096134760334	0.0548360532181662	21.0633946830266	18.1402608986509	0.0242117618886076	c12
RPS6KA2	1.09776452427024e-12	0.0369029500119946	4.19222903885481	1.40112238450961	5.03239154840291e-11	c12
GPR146	0.00114454256055558	0.0153243532207348	2.04498977505112	0.988590329653994	0.0105136905767066	c12
TMEM184A	0.00498238822424993	0.00116905061724826	0.102249488752556	0.00743300999739845	0.036511520423403	c12
MAD1L1	6.82995292107323e-13	0.144021084594571	33.0265848670757	25.6401679860259	3.17418529272609e-11	c12
OCM	0.000273648097864278	0.00464894548028048	0.511247443762781	0.104062139963578	0.00308165073844886	c12
ICA1	0.000152382305406014	0.0566892353775277	11.0429447852761	7.96818671721113	0.00183370335655365	c12
HDAC9	4.35837990588294e-06	0.0231176953420971	2.76073619631902	1.14468353959936	7.50773274789468e-05	c12
LINC00957	0.000139300865900315	0.0465460778945546	8.58895705521472	5.86092838294867	0.0016962787768866	c12
CCM2	2.74046281707325e-09	0.138518978001373	35.8895705521472	31.0551157691307	8.41724285856574e-08	c12
UPP1	8.00238520171716e-05	0.0935235608540812	29.8568507157464	26.602742780689	0.00104427717655561	c12
RP11-340I6.7	1.56266168099112e-07	0.00144220147721047	0.102249488752556	0	3.58422890941557e-06	c12
WBSCR27	5.98178671132237e-06	0.0227603949967104	2.65848670756646	1.10008547961497	9.97773868570772e-05	c12
TRIM73	4.13411654940906e-06	0.0528580187159601	9.30470347648262	5.93897498792136	7.15801248796448e-05	c12
LRRD1	0.00497890644194292	0.00118179968338751	0.102249488752556	0.00743300999739845	0.036511520423403	c12
CYP51A1-AS1	0.00152984133557612	0.00755569181882123	0.81799591002045	0.267588359906344	0.0135292582574546	c12
FAM200A	0.00147796055856841	0.036112721734438	7.77096114519427	5.53015943806444	0.0131324902585453	c12
GJC3	0.000697274373807583	0.00504612411691968	0.511247443762781	0.115211654959676	0.0068735994005479	c12
GAL3ST4	1.10568000572054e-05	0.0125120785536648	1.22699386503067	0.349351469877727	0.00017465908163501	c12
GPC2	0.00338163613849428	0.0115363484067363	1.53374233128834	0.71728546474895	0.0265535745611869	c12
RP11-325F22.2	2.90122427428087e-07	0.102278204839415	23.1083844580777	17.917270598729	6.31484823628033e-06	c12
RP11-22N19.2	0.000941902615728903	0.0119048702882351	1.43149284253579	0.590924294793176	0.00886245929471367	c12
SLC26A4-AS1	0.00497890644194292	0.00161143357494387	0.102249488752556	0.00743300999739845	0.036511520423403	c12
POT1-AS1	0.00235249499982635	0.0105586135522588	1.43149284253579	0.631805849778868	0.0195233907694948	c12
RP11-775D22.2	1.39765210199078e-05	0.0104891925099491	1.22699386503067	0.353067974876426	0.000215329172036933	c12
TRBV6-6	0.00526409322537568	0.0390396468953485	2.86298568507157	1.68729326940945	0.0382754331324575	c12
TRBV18	3.70561207757973e-06	0.0751874751937537	8.38445807770961	5.04701378823355	6.46926908507625e-05	c12
TRBV21-1	1.36205616332542e-08	0.0567296243054573	6.33946830265849	3.07726613892296	3.79281986504848e-07	c12
PRSS1	2.73259185282542e-09	0.00214123543344025	0.204498977505113	0.00371650499869922	8.40072535484485e-08	c12
KCNH2	0.00655278674246031	0.00479566256807336	0.511247443762781	0.152376704946668	0.0459786748230857	c12
ATG9B	4.8675419895109e-05	0.0297178667956802	4.70347648261759	2.60898650908685	0.000668325019537817	c12
AC005481.5	3.11740796963544e-09	0.00441834570791649	0.408997955010225	0.0260155349908946	9.50569630125761e-08	c12
RP13-465B17.5	1.56266168099112e-07	0.00122900804613941	0.102249488752556	0	3.58422890941557e-06	c12
SLC25A6	6.18068617582137e-08	0.0998588853866389	86.8098159509202	86.7841082246256	1.54719197628622e-06	c12
MSL3	0.00506762662262622	0.0627281960315563	22.5971370143149	20.2958337978965	0.0370548201872326	c12
SCML1	2.60233263660057e-06	0.0614531880831341	14.4171779141104	10.0903110714684	4.68893025976575e-05	c12
CNKSR2	4.43220617256102e-12	0.0291473436931488	2.96523517382413	0.836213624707325	1.92695167455834e-10	c12
KLHL34	0.000342171382738115	0.00931047579836803	1.12474437627812	0.38280001486602	0.00376276846278657	c12
SAT1	0.00061330845284239	0.103444744411557	65.5419222903885	66.7335637566432	0.00615024256252128	c12
EIF2S3	5.01132654517522e-25	0.239182100166293	62.678936605317	54.5508603709072	5.21147026583747e-23	c12
LINC01281	1.87591973105302e-24	0.128954087521722	16.6666666666667	7.93845467722154	1.90958427245017e-22	c12
CHST7	0.00633664084023542	0.0474175222769615	11.3496932515337	9.20206637677928	0.0447415709285189	c12
CFP	3.20622322256245e-09	0.0456405265032706	6.33946830265849	3.05496710893076	9.75885142375963e-08	c12
UXT	4.76823357000702e-05	0.0802503739956041	65.5419222903885	66.8487754116029	0.000657099639704771	c12
PIM2	1.28064819199906e-11	0.182497000278237	44.5807770961145	36.9494926970677	5.2366699249049e-10	c12
FOXP3	0	0.766177728278436	54.8057259713701	10.1423421414502	0	c12
PPP1R3F	0.00134267575155933	0.0296479546042426	5.41922290388548	3.55669528375516	0.0120930544702059	c12
UBQLN2	0.000135091130205607	0.0759818505931653	20.5521472392638	17.1702530939904	0.00165098314876595	c12
EDA	7.48924886562079e-09	0.0320534690336429	3.68098159509202	1.4197049095031	2.16046876094372e-07	c12
LINC00891	2.63356940939528e-24	0.065959375849773	7.66871165644172	2.44174378414539	2.64882052776611e-22	c12
RPS4X	1.12805140125361e-68	0.237324747554902	100	99.9739844650091	4.41960045509758e-66	c12
TMEM35	1.19038646485297e-13	0.00184759546002446	0.204498977505113	0	6.0144724319934e-12	c12
GPRASP1	0.000150610202377085	0.0251726623078864	3.98773006134969	2.18530493923514	0.0018175716901481	c12
BEX4	6.73373087062837e-06	0.0804074917275791	19.8364008179959	15.6502025495224	0.000111164295911295	c12
NGFRAP1	3.73598475422166e-44	0.203164990382121	24.8466257668712	11.1755305310886	7.44853670465945e-42	c12
TCEAL4	0.00523527755140535	0.0472475768421054	12.3721881390593	10.0717285464749	0.0381113604503889	c12
TSC22D3	0.000516602824765919	0.107116704488806	94.5807770961145	94.0498754970826	0.00531818380008032	c12
VSIG1	2.55754972946647e-19	0.0667932197091506	8.28220858895705	3.13673021890214	1.95850183146917e-17	c12
SEPT6	1.73579220605276e-22	0.239300973700473	81.3905930470348	73.9287174341249	1.60675226897642e-20	c12
RPL39	7.26821977148836e-57	0.214353344030465	100	99.9442524250195	2.14820523667131e-54	c12
SMIM10L2A	0.00190937398721042	0.00454108395961117	0.408997955010225	0.0891961199687814	0.016386766970216	c12
RPL10	2.91904016749944e-60	0.191457349835717	100	99.9925669900026	9.54894557317729e-58	c12
CTD-2336O2.1	0.00189583557003907	0.0650644542628819	18.8139059304703	16.211394804326	0.0162996386059955	c12
PSD3	4.40034074306807e-06	0.0119846682884615	1.22699386503067	0.330768944884231	7.55683389382954e-05	c12
TNFRSF10A	0.00206567151794492	0.0694346077141581	23.4151329243354	20.8421600327052	0.0174788388060362	c12
CHMP7	1.08454995762887e-15	0.171025999513621	38.5480572597137	29.5164826996692	6.50228225486601e-14	c12
RP11-486M23.1	0.00304049662547889	0.0051661861001234	0.511247443762781	0.137510684951871	0.0242821742827413	c12
SARAF	2.08940191022876e-40	0.238328410855427	99.4887525562372	98.899914520385	3.84701136411191e-38	c12
LEPROTL1	9.39014296924596e-09	0.121307898802655	78.7321063394683	77.5820418478463	2.65875190929221e-07	c12
WHSC1L1	1.82178565897847e-11	0.150399738384074	51.9427402862986	47.262794068458	7.29884018949117e-10	c12
RP11-350N15.5	0.0040824827737048	0.0396660070289552	10.4294478527607	8.10569740216301	0.0310788916803456	c12
LETM2	0.00401171752145501	0.0278419616652544	5.01022494887526	3.38945255881369	0.0305954753662076	c12
RP11-930P14.2	0.00164405891881596	0.00988259041262474	1.12474437627812	0.434831084847809	0.0144182512260763	c12
RP11-30L15.6	0.00498238822424993	0.00146956729907805	0.102249488752556	0.00743300999739845	0.036511520423403	c12
RPS20	3.61146589471798e-06	0.0671108049877698	89.8773006134969	91.671312297915	6.32157775010937e-05	c12
LINC01301	0.0070720904373725	0.00356185973429536	0.408997955010225	0.107778644962277	0.0491009716045393	c12
C8orf44	0.00377527969298476	0.0225509702770598	3.88548057259714	2.45289329914149	0.029035199479061	c12
RPL7	5.65133881640539e-57	0.299715285597282	98.159509202454	96.1311182963541	1.68509920424746e-54	c12
STAU2-AS1	0.000351326412681752	0.00150319657375508	0.102249488752556	0.00371650499869922	0.00380497072953906	c12
PDP1	0.00144589187209107	0.0351958169932171	7.25971370143149	5.11019437321143	0.0128849195287587	c12
RPL30	2.19858388443687e-78	0.226665067880736	100	99.9888504850039	1.10565799107785e-75	c12
PABPC1	5.23277561945129e-79	0.380150273583586	98.5685071574642	96.7740736611291	2.67141123820897e-76	c12
EIF3E	5.66232291586139e-21	0.209032143230209	81.799591002045	77.2549894079607	4.78161173751964e-19	c12
EIF3H	3.42145531325461e-19	0.18093526449043	78.5276073619632	75.3967369086111	2.60231411568399e-17	c12
NDUFB9	0.00231586492256333	0.0485771825020207	58.5889570552147	59.928643104025	0.0192620964455317	c12
LINC00861	4.7611926221345e-23	0.246729961432236	54.7034764826176	42.8475861300033	4.5317407968983e-21	c12
CASC19	4.30980986548697e-07	0.00221822413188753	0.204498977505113	0.00743300999739845	9.00277331727947e-06	c12
MYC	0.00105290709387188	0.054330688299952	13.8036809815951	10.8559111012004	0.00976780055642048	c12
AF230666.2	6.00280746166166e-05	0.00498936177907555	0.408997955010225	0.0594640799791876	0.000808699891528704	c12
RP11-10J21.4	0.000351326412681752	0.00123765338168902	0.102249488752556	0.00371650499869922	0.00380497072953906	c12
PTP4A3	0.00706126354250051	0.0390257404989697	11.1451942740286	8.93447801687293	0.0490460139767084	c12
EEF1D	1.14871720539033e-21	0.144953968658813	99.1820040899795	99.1414873453005	1.02123687383699e-19	c12
RPL8	3.32449548457952e-197	0.405384975902043	100	99.8736388300442	1.86692584762371e-193	c12
KANK1	0.00185219641346871	0.010410988322045	1.43149284253579	0.62065633478277	0.0159815380167515	c12
RFX3	0.00547992070396991	0.033094875834896	8.07770961145194	6.07276916787453	0.0396564536511087	c12
PLPP6	0.000660968698146374	0.0315803008175804	5.8282208588957	3.78711859367451	0.00655791499273967	c12
PSIP1	1.51398365361714e-12	0.161473572043853	52.6584867075665	47.1475824134983	6.84727049999677e-11	c12
SAXO1	0.00191461354020841	0.00439330083507736	0.408997955010225	0.0891961199687814	0.016423367775912	c12
RPS6	1.06412281273239e-109	0.359690764640053	99.7955010224949	99.8476232950533	1.08650163794561e-106	c12
MLLT3	3.35353854569665e-05	0.0848517102645919	30.2658486707566	26.0861485858699	0.000477372740847921	c12
LINC01242	7.13778364170685e-05	0.00192248176917474	0.204498977505113	0.0148660199947969	0.000942400007929743	c12
AQP3	1.91536275925893e-23	0.201268503018629	38.241308793456	26.1233136358568	1.86520904076504e-21	c12
RP11-537H15.3	1.56266168099112e-07	0.00146017832958928	0.102249488752556	0	3.58422890941557e-06	c12
RP11-220I1.5	2.73259185282542e-09	0.00315282290046659	0.204498977505113	0.00371650499869922	8.40072535484485e-08	c12
IGFBPL1	1.56266168099112e-07	0.000802419752696436	0.102249488752556	0	3.58422890941557e-06	c12
FAM27C	0.000428025855373383	0.00582658788360667	0.613496932515337	0.148660199947969	0.00452522848162873	c12
PIP5K1B	2.98518187192778e-05	0.0281134566566261	3.37423312883436	1.64269520942506	0.000429840675182627	c12
C9orf135	0.00114574485277809	0.00740110787567546	0.81799591002045	0.260155349908946	0.0105189992015	c12
TMEM2	0.0021382888653596	0.0737578594073007	46.2167689161554	44.8693648492957	0.0180118762573566	c12
RP11-435O5.7	0.000351326412681752	0.00172655687394749	0.102249488752556	0.00371650499869922	0.00380497072953906	c12
HEMGN	0.00065338622588522	0.0162753078502193	2.04498977505112	0.9551417846657	0.00649415796311994	c12
ANP32B	7.98648735908206e-08	0.109319712183483	74.9488752556237	73.5496339242576	1.9670811774628e-06	c12
GRIN3A	0.00226383246357361	0.00246751464206088	0.204498977505113	0.0260155349908946	0.0188852614576997	c12
ABCA1	0.00585940717774563	0.0128423509157022	1.73824130879346	0.888244694689114	0.0418329036658053	c12
TMEM245	9.39163241591503e-06	0.0819170528895126	19.4274028629857	15.4011967146096	0.00015061478468436	c12
UGCG	4.64645149095664e-09	0.0938375198491835	18.200408997955	12.7178801055487	1.37090662466106e-07	c12
ATP6V1G1	5.35502121463592e-17	0.15489972454254	81.1860940695297	79.9345895120229	3.50353562729986e-15	c12
PSMD5-AS1	3.35160647012334e-05	0.0961482402318186	38.3435582822086	35.845690712454	0.000477299359274454	c12
RP11-542K23.7	9.02531109844002e-08	0.00495449431964269	0.408997955010225	0.033448544988293	2.21002058249155e-06	c12
RPL35	1.48629566626759e-27	0.139335295948654	99.1820040899795	99.3496116252276	1.70337572038164e-25	c12
RPL12	2.38243713788506e-133	0.332776457962476	100	99.9591184450143	3.82256366304283e-130	c12
LAMC3	1.25665030233823e-58	0.0206428721133751	1.73824130879346	0.0445980599843907	3.92051623027632e-56	c12
SNHG7	3.76392614591392e-11	0.150803652108132	43.9672801635992	38.1239082766566	1.46445412887325e-09	c12
NSMF	0.00200696808716209	0.014715413057212	2.24948875255624	1.16326606459286	0.0170764602850605	c12
PNPLA7	0.00252245839340514	0.00989171858833746	1.43149284253579	0.635522354777567	0.0207209990829435	c12
BET1L	0.000167370507535894	0.0743410374371558	27.0961145194274	23.7224514066971	0.00199765564325697	c12
RP11-754B17.1	0.00498587220819128	0.00115893599227168	0.102249488752556	0.00743300999739845	0.036511520423403	c12
RPLP2	2.23212470478191e-14	0.107459441135401	99.8977505112474	99.962834950013	1.22690391195631e-12	c12
PNPLA2	3.51901896614539e-06	0.107464926563985	36.8098159509202	33.7309993681941	6.17872980955199e-05	c12
PHLDA2	0.00338754237363714	0.0255559358872056	3.98773006134969	2.51607388411937	0.0265874336681411	c12
OR52H1	0.000351326412681752	0.0014066544998864	0.102249488752556	0.00371650499869922	0.00380497072953906	c12
APBB1	5.39467438076792e-08	0.0941968152787922	21.7791411042945	16.4009365592597	1.36565107877982e-06	c12
EIF3F	3.28015269774615e-05	0.0628259031759488	84.0490797546012	85.4424499200951	0.00046791475443632	c12
RIC3	1.31338181718246e-12	0.128131759979847	24.2331288343558	16.8766491990932	5.98014688488456e-11	c12
LMO1	0.000351326412681752	0.0012388107733731	0.102249488752556	0.00371650499869922	0.00380497072953906	c12
SWAP70	3.52097626300634e-23	0.0622611013500275	6.85071574642127	2.10354182926376	3.37033449448113e-21	c12
RP11-685M7.5	1.56266168099112e-07	0.00126385828963297	0.102249488752556	0	3.58422890941557e-06	c12
SPON1	4.68020294014628e-20	0.0403951785626135	4.29447852760736	1.07406994462408	3.76359803974436e-18	c12
RP11-21L19.1	0.000351326412681752	0.000643133069774136	0.102249488752556	0.00371650499869922	0.00380497072953906	c12
PSMA1	4.03011244148179e-05	0.0882028765455568	42.1267893660532	39.5064481361727	0.000563584348574296	c12
PDE3B	2.22559869445909e-21	0.225331360537814	41.9222903885481	31.6014420039395	1.92280313874627e-19	c12
RPS13	7.24124009987953e-135	0.356337510786261	99.8977505112474	99.9108038800312	1.2199317196267e-131	c12
RP4-607I7.1	0.00358524654742861	0.00316944463963791	0.306748466257669	0.0594640799791876	0.02784723309568	c12
RP11-613D13.5	1.56266168099112e-07	0.00109858002420713	0.102249488752556	0	3.58422890941557e-06	c12
RP11-17G12.2	0.00498587220819128	0.000998322406751359	0.102249488752556	0.00743300999739845	0.036511520423403	c12
RP11-881M11.1	0.00497890644194292	0.00125659839327199	0.102249488752556	0.00743300999739845	0.036511520423403	c12
RASGRP2	4.1886768670444e-20	0.162393710505305	29.8568507157464	19.325825993236	3.39262688361043e-18	c12
SF1	3.87618463307237e-17	0.18426860070323	74.0286298568507	70.8031367302189	2.56086598091648e-15	c12
MAP4K2	0.000376713372375552	0.0664222263241491	19.9386503067485	16.7577210391348	0.00404750649516003	c12
VPS51	0.00560194291462551	0.0668837148647875	32.2085889570552	31.471364328985	0.0403920103927652	c12
MALAT1	1.39830516239897e-69	0.312903698702147	99.8977505112474	99.9777009700078	5.88931176773387e-67	c12
AP000769.7	0.000142588268778224	0.00696254828241405	0.613496932515337	0.133794179953172	0.00173255287710547	c12
RP11-867G23.2	1.56266168099112e-07	0.000802419752696436	0.102249488752556	0	3.58422890941557e-06	c12
PLEKHB1	0.00317948643137554	0.0459790640123145	12.1676891615542	9.71494406659977	0.0252069684279453	c12
UCP2	0.000876407345972009	0.0783564788548696	68.6094069529652	64.8232801873119	0.00834878968481224	c12
RPS3	4.15225869458713e-35	0.163791173470519	100	99.9925669900026	6.47713909515828e-33	c12
LRRC32	3.71648227192884e-20	0.03217151639613	3.2719836400818	0.672687404764559	3.01742538964748e-18	c12
RP11-867G2.8	1.56266168099112e-07	0.00101530524234074	0.102249488752556	0	3.58422890941557e-06	c12
SRSF8	1.54257842254803e-10	0.138413725676524	38.4458077709611	32.1663507637418	5.60686487263574e-09	c12
SESN3	3.4238706510502e-39	0.240097224027009	31.4928425357873	17.1107890140112	5.91609731879413e-37	c12
BIRC3	1.16175907811974e-61	0.472416395882292	68.5071574642127	50.3363437023823	3.95397074526934e-59	c12
TMEM123	3.30228402220637e-23	0.2331294197984	62.2699386503067	54.4616642509384	3.17906165269205e-21	c12
CARD16	0.000519665662451927	0.0797889269049427	51.1247443762781	49.6710893076151	0.00534318426324542	c12
ANKK1	0.00516967033565851	0.00321431967624677	0.306748466257669	0.0631805849778868	0.03773545760175	c12
REXO2	0.0031368333013597	0.0708457670717013	25.3578732106339	23.5106106217713	0.0249274672773617	c12
LINC00900	0.00457611814274212	0.00161254172418406	0.204498977505113	0.0297320399895938	0.0343249609754125	c12
RNF214	4.51611268647311e-21	0.162649637941548	24.5398773006135	14.9849481547553	3.83289422816184e-19	c12
BACE1	0.00561146672067692	0.00700677151102229	0.920245398773006	0.364217489872524	0.0404520238952692	c12
FXYD2	0.00349806528478459	0.033165393481075	6.85071574642127	4.87977106329208	0.0273212359076337	c12
IL10RA	6.24208986226645e-15	0.194117353129427	55.7259713701431	49.1916601627829	3.59523035588386e-13	c12
CXCR5	3.49400159267233e-06	0.0415888668184591	9.20245398773006	5.71226818300071	6.14120446862292e-05	c12
RPS25	0.00214332250544255	0.0480786333299719	100	99.9665514550117	0.0180497646834245	c12
SORL1	0.000261245766499575	0.0901282507669661	32.719836400818	29.7692050395808	0.00295797739722691	c12
HSPA8	1.10028866289058e-13	0.161821288874312	96.6257668711656	95.2763221466533	5.60864239144253e-12	c12
ETS1	3.28005308187278e-06	0.105377061651117	59.5092024539877	57.5203478648679	5.78628840526814e-05	c12
TMEM45B	7.65254180423006e-05	0.0172982658478766	2.14723926380368	0.90682721968261	0.001002896707708	c12
RP11-446F3.2	1.19038646485297e-13	0.00230964322376498	0.204498977505113	0	6.0144724319934e-12	c12
IL2RA	1.77446113629636e-135	0.326323103953842	29.038854805726	7.39212844241276	3.3215940847983e-132	c12
ECHDC3	0.00156496693763008	0.0086799227318592	1.22699386503067	0.490578659828298	0.0138072783442021	c12
HACD1	7.29338041954340e-12	0.0718052722500092	9.71370143149284	4.99126621325306	3.08722562633286e-10	c12
STAM	3.62982916402008e-65	0.284913121093841	31.5950920245399	13.9294607351247	1.31509100916659e-62	c12
RP11-342D11.3	0.00418693007448748	0.0255234349180968	4.70347648261759	3.12186419890735	0.0317806762626224	c12
RP11-162G10.5	3.19878002064117e-05	0.0291030780197796	4.49897750511247	2.42687776415059	0.000456887214987212	c12
ARID5B	2.95197102136234e-39	0.323204636450179	56.6462167689162	40.1977180659308	5.15356018620635e-37	c12
RTKN2	0	0.616908277543245	44.5807770961145	8.04251681718512	0	c12
HKDC1	0.00381285425309961	0.011487984979543	1.94274028629857	0.996023339651392	0.0292843198550121	c12
C10orf35	0.00379523130818589	0.0309923581171477	7.77096114519427	5.69368565800721	0.0291556141582342	c12
RP11-472G21.2	1.56266168099112e-07	0.00103416159675725	0.102249488752556	0	3.58422890941557e-06	c12
ADK	8.11758890711925e-05	0.0836782022356506	23.2106339468303	19.8312706730591	0.00105726339635283	c12
RP11-481G8.2	1.56266168099112e-07	0.00131343762368396	0.102249488752556	0	3.58422890941557e-06	c12
SLC35G1	2.55647306967007e-07	0.0326895677708827	4.39672801635992	2.02177871929238	5.61524143477597e-06	c12
ENTPD1	0.000403405919573822	0.0371956703654041	7.77096114519427	5.2625710781581	0.00429782254959567	c12
GOLGA7B	8.86730616385193e-05	0.012153932273189	1.53374233128834	0.557475749804883	0.00114166990403067	c12
HPSE2	0.000912620537704465	0.00345315659136478	0.306748466257669	0.0483145649830899	0.00863274463711798	c12
WNT8B	1.56266168099112e-07	0.00108817249056601	0.102249488752556	0	3.58422890941557e-06	c12
C10orf95	0.000256241852355454	0.0101195933094098	1.22699386503067	0.427398074850411	0.0029109281770953	c12
ADD3	3.14459877564699e-05	0.0937335761428145	42.638036809816	40.8406734307058	0.000450102426281435	c12
PDCD4-AS1	0.000462486428943117	0.058012376731529	13.8036809815951	10.725833426246	0.00483504806586477	c12
RP11-354M20.3	0.0045796524526731	0.00169408819417521	0.204498977505113	0.0297320399895938	0.0343438258936941	c12
PLEKHA1	3.85010050916188e-14	0.128242328604217	23.1083844580777	15.4049132196083	2.05913153263017e-12	c12
FANK1	3.72717887259966e-10	0.0457259080146099	4.9079754601227	2.01806221429368	1.29601202201623e-08	c12
ADAM12	0.000358709651722665	0.0109314226725723	1.32924335378323	0.494295164826997	0.0038763191164668	c12
RP3-454B23.1	1.56266168099112e-07	0.00121780884000497	0.102249488752556	0	3.58422890941557e-06	c12
CD27	1.14109323985899e-11	0.183962130117845	75.8691206543967	66.1129074218605	4.70599701637807e-10	c12
CD4	1.93670412390796e-06	0.0982529547706321	35.0715746421268	29.2414613297655	3.59335400610985e-05	c12
C12orf57	3.63391226070475e-70	0.416260746403358	92.1267893660532	85.6505742000223	1.54988657863526e-67	c12
A2ML1-AS1	1.56266168099112e-07	0.00100417277534938	0.102249488752556	0	3.58422890941557e-06	c12
RP13-735L24.1	0.000351326412681752	0.00124912577000533	0.102249488752556	0.00371650499869922	0.00380497072953906	c12
CDKN1B	9.33955292065873e-09	0.139701656385411	61.3496932515337	56.7584643401345	2.64665177551451e-07	c12
APOLD1	0.00249969992649758	0.033775270136569	6.74846625766871	4.74597688333891	0.0205727624141205	c12
LDHB	1.22123384494984e-95	0.490361416495916	95.6032719836401	87.791281079273	8.22965063434796e-93	c12
MANSC4	0.00497890644194292	0.00115880407924249	0.102249488752556	0.00743300999739845	0.036511520423403	c12
PCED1B	0.00314333479874367	0.0817241198741743	38.8548057259714	38.8300442264095	0.0249662881715598	c12
RHEBL1	0.00161796913979275	0.0166973213779521	2.24948875255624	1.15211654959676	0.0142153460746224	c12
BCDIN3D-AS1	0.00562462134630059	0.00422875913950389	0.408997955010225	0.104062139963578	0.0405035246083035	c12
DIP2B	3.16162195155859e-08	0.0746792894756521	13.9059304703476	9.16490132679229	8.27720979299262e-07	c12
METTL7A	3.93629223129213e-08	0.0470242598291512	6.5439672801636	3.3448544988293	1.01631747464488e-06	c12
EIF4B	5.71887191538308e-12	0.157679698523848	74.2331288343558	70.0152376704947	2.4484329138109e-10	c12
PFDN5	1.48389965059138e-23	0.160336641300772	98.8752556237219	98.282974690601	1.45768264801825e-21	c12
PCBP2	2.48309374194109e-07	0.09005639250907	85.9918200408998	87.3675995094213	5.47548171079602e-06	c12
DGKA	3.36880543267698e-24	0.235049909727213	47.8527607361963	37.4066228119077	3.36820564535959e-22	c12
SUOX	0.000180959268238248	0.034735876248721	4.39672801635992	2.53093990411417	0.00214088538764731	c12
IKZF4	1.29522110169063e-29	0.150001727242126	18.7116564417178	8.64830713197309	1.64064585715655e-27	c12
RPL41	2.96416364652888e-11	0.109818689957831	99.8977505112474	99.9070873750325	1.16268370088643e-09	c12
NACA	1.62626944157138e-53	0.205936289509484	99.2842535787321	99.6097669751366	4.4914362757628e-51	c12
SHMT2	3.43259535070758e-40	0.24575256513503	33.5378323108384	19.214330843275	6.2857536818881e-38	c12
FAM19A2	2.55364538024346e-71	0.104687849153712	9.61145194274029	1.66127773441855	1.1031093261785e-68	c12
USP15	2.17535499159092e-79	0.469899280753576	63.2924335378323	42.9367822499721	1.12763709364099e-76	c12
RASSF3	0.000107643810198193	0.0643210743876722	14.6216768916155	11.2387111160665	0.00135182651539989	c12
NAP1L1	0.000885821146231386	0.0673066913517555	54.601226993865	54.7404021258409	0.00842417660206613	c12
LINC00936	0.000902490479594057	0.0798758906997198	27.7096114519427	24.88571747129	0.00855854607921254	c12
RP11-796E2.4	0.00460418987150762	0.0719243280766027	36.2985685071575	34.054335303081	0.0344894560983943	c12
SOCS2	1.22078111218201e-33	0.0742318141321106	7.25971370143149	1.80993793436652	1.79620082069261e-31	c12
C12orf42	2.42141073338642e-11	0.0488879478611716	6.85071574642127	3.06983312892556	9.58719309644207e-10	c12
ALDH1L2	0.000124579824519183	0.00375450984944962	0.306748466257669	0.0371650499869922	0.00153814313204447	c12
TCP11L2	1.01378284235809e-07	0.0574216362245056	8.28220858895705	4.74597688333891	2.46809241982755e-06	c12
RP11-686G8.2	0.00546984066696174	0.00491352708083528	0.511247443762781	0.148660199947969	0.0396090288915987	c12
MAPKAPK5-AS1	1.68391098264218e-05	0.0872583410499474	26.0736196319018	22.2730144572044	0.000255575210131287	c12
RPL6	2.39602342654436e-08	0.0704210396691454	99.8977505112474	99.8773553350429	6.40218979650958e-07	c12
SLC8B1	3.94364664952493e-10	0.0746678878821684	12.4744376278119	7.40699446240755	1.36704969350919e-08	c12
RP11-340F14.6	1.56266168099112e-07	0.00120587705216825	0.102249488752556	0	3.58422890941557e-06	c12
LINC01089	5.9388270073445e-07	0.0742723035031414	13.7014314928425	9.41390716170513	1.21054347964589e-05	c12
RP11-347I19.7	2.22256426824156e-31	0.0738210655403645	7.4642126789366	1.98461366930539	3.05661552874005e-29	c12
SETD1B	0.00450447587972062	0.0372199221343538	7.66871165644172	5.69368565800721	0.0338856464146699	c12
PITPNM2	3.4213909959778e-06	0.0238161522307378	3.06748466257669	1.31935927453822	6.01671963561983e-05	c12
RP11-338K17.8	0.000351326412681752	0.0011597874727501	0.102249488752556	0.00371650499869922	0.00380497072953906	c12
GJB6	2.59252072103111e-109	0.0714165545123716	6.03271983640082	0.412532054855614	2.56918803454183e-106	c12
LINC00412	0.00497890644194292	0.0014523691517614	0.102249488752556	0.00743300999739845	0.036511520423403	c12
RPL21	3.11698956986144e-35	0.247059789812637	99.6932515337423	99.357044635225	4.90765638163137e-33	c12
LINC00544	0.00184561660300575	0.0136783456526055	2.14723926380368	1.08521945962017	0.0159288437043227	c12
TPT1	1.01883009327181e-160	0.427999378794984	100	99.9182368900286	3.43284611627005e-157	c12
RP11-90M2.5	0.00497890644194292	0.00117384711751142	0.102249488752556	0.00743300999739845	0.036511520423403	c12
LPAR6	6.62842959543839e-07	0.105521819595533	24.0286298568507	19.0024900583491	1.34137121194415e-05	c12
LINC00402	1.65094693879799e-77	0.258243560023483	27.4028629856851	9.62574794663099	8.06188495012457e-75	c12
TBC1D4	1.22674756222909e-10	0.125157796753717	22.0858895705521	15.4755268145836	4.51608779015068e-09	c12
COMMD6	3.01171436910239e-10	0.108848346623949	93.558282208589	93.2694094473557	1.06258328746111e-08	c12
CLN5	0.00654599115182673	0.0476782638420622	13.0879345603272	10.8967926561861	0.0459501303895104	c12
IRS2	0.000578321491107605	0.0232764756871085	3.57873210633947	2.01434570929498	0.00586220346611902	c12
RASA3	1.06504340002138e-09	0.108833483781406	25.6646216768916	19.1251347233062	3.45718423124473e-08	c12
TRAV11	9.16102941158608e-06	0.00227990311890865	0.204498977505113	0.0111495149960977	0.000147337338899275	c12
TRAV9-2	0.00376452866360825	0.0735457398706389	10.5316973415133	8.09454788716691	0.0289725968002779	c12
TRAV34	0.0019355580568214	0.0148978962220831	1.73824130879346	0.81391459471513	0.0165566623931303	c12
TRAV41	0.000106537082333837	0.0369702083350984	4.39672801635992	2.43802727914669	0.00134042585965509	c12
OXA1L	1.81303567683801e-09	0.127968102085748	52.4539877300613	48.0209610881927	5.64588023062662e-08	c12
PPP1R3E	0.000102266398935092	0.0567308009574694	11.6564417177914	8.48849741702903	0.00129345497211674	c12
ARHGAP5-AS1	6.74802387838458e-07	0.0175792144211546	1.84049079754601	0.57605827479838	1.36311700574514e-05	c12
ARHGAP5	0.00283818028168947	0.0374002997530061	7.97546012269939	5.87207789794477	0.0228943371824862	c12
RP11-671J11.4	0.000351326412681752	0.00183316998482411	0.102249488752556	0.00371650499869922	0.00380497072953906	c12
RP11-596C23.2	0.00191585970307807	0.0515211964634052	12.9856850715746	10.3207343813877	0.0164298744809144	c12
PTGER2	3.78162552159246e-50	0.243605207204798	28.6298568507157	13.1601442003939	9.5123834583162e-48	c12
RP11-589M4.1	0.00152308959639075	0.00292336222278792	0.306748466257669	0.0520310699817891	0.0134907941274422	c12
RP11-665C16.5	0.000311587565563409	0.00222287870667667	0.204498977505113	0.0185825249934961	0.00345690860523329	c12
SGPP1	0.00269316272882445	0.0362373085999272	7.36196319018405	5.32203515813729	0.0218978071281236	c12
MAX	9.76609880296282e-08	0.118354535468572	43.2515337423313	40.0118928159958	2.38103424795246e-06	c12
GPHN	7.72190710471888e-15	0.101210715572833	14.9284253578732	8.34727022707846	4.41735039026143e-13	c12
ACTN1	4.64291783662337e-34	0.163662015891123	20.961145194274	9.66662950161668	6.98386042799946e-32	c12
SRSF5	4.78946892072716e-06	0.0867475278364032	70.2453987730061	70.4166202103542	8.16268921674157e-05	c12
ACOT1	0.00520254912559006	0.00238044481384271	0.306748466257669	0.0631805849778868	0.037942573644509	c12
RPS6KA5	0.000152370416335318	0.0645697872533964	16.6666666666667	13.2121752703757	0.00183370335655365	c12
FBLN5	2.71415655593661e-05	0.066060463226453	15.0306748466258	11.1903965510834	0.000395206529800035	c12
SNHG23	0.00498587220819128	0.00103053930827098	0.102249488752556	0.00743300999739845	0.036511520423403	c12
RP11-8L8.2	0.00456200559391858	0.00245584177074004	0.204498977505113	0.0297320399895938	0.0342648721536987	c12
RP11-1017G21.5	0.00371666828512086	0.0209048179539914	3.2719836400818	1.97346415430929	0.0286500620450383	c12
INF2	3.08796907437413e-06	0.0562641182389336	9.20245398773006	5.88694391793957	5.47034858001903e-05	c12
CRIP2	7.7243049620285e-10	0.0642457249005301	9.8159509202454	5.37034972312038	2.55912223589566e-08	c12
IGHV3-33-2	1.56266168099112e-07	0.00150142302996635	0.102249488752556	0	3.58422890941557e-06	c12
RP11-578F21.6	0.000351326412681752	0.00110622214343124	0.102249488752556	0.00371650499869922	0.00380497072953906	c12
RP11-932O9.8	0.00498238822424993	0.00116675517686009	0.102249488752556	0.00743300999739845	0.036511520423403	c12
SLC12A6	9.91811444828356e-21	0.109051966304563	13.3946830265849	6.28460995280039	8.33368948180714e-19	c12
GOLGA8B	1.408647650927e-06	0.101188863165045	28.2208588957055	23.897127141636	2.68455735013203e-05	c12
GATM-AS1	0.000351326412681752	0.00147329701170082	0.102249488752556	0.00371650499869922	0.00380497072953906	c12
RP11-295H24.4	0.00358832910398936	0.00337728408602575	0.306748466257669	0.0594640799791876	0.0278647524383078	c12
USP50	0.000351696726055276	0.00115647390129233	0.102249488752556	0.00371650499869922	0.00380497072953906	c12
RSL24D1	0.00523546714249704	0.054069619564819	48.8752556237219	50.8232058572119	0.0381113604503889	c12
DYX1C1	1.8648520120723e-08	0.0172156114181727	1.73824130879346	0.453413609841305	5.09192250362755e-07	c12
RP11-317G6.1	5.25994055134667e-06	0.00330620551384343	0.306748466257669	0.0260155349908946	8.87029213899273e-05	c12
RPL4	9.8114843742873e-46	0.267838772200399	96.8302658486708	96.8223882261122	2.09233009181795e-43	c12
C15orf61	0.000286566806879276	0.0732312622657739	22.0858895705521	18.8575463633999	0.00320996741721753	c12
RPLP1	1.91872253302254e-06	0.0647599078740155	100	100	3.56588179965039e-05	c12
RP11-307C19.1	1.56266168099112e-07	0.0010920019071471	0.102249488752556	0	3.58422890941557e-06	c12
HYKK	7.33146905594747e-06	0.0133602296471603	1.73824130879346	0.587207789794477	0.000120441988479324	c12
RPS17	1.46260876781798e-08	0.10494130239381	79.1411042944785	79.1504069572974	4.05272531437985e-07	c12
RP11-90B9.3	0.00498238822424993	0.00122103802359039	0.102249488752556	0.00743300999739845	0.036511520423403	c12
PDE8A	3.51257387584855e-08	0.0538759268501964	8.28220858895705	4.61961571338313	9.13920186662864e-07	c12
ISG20	0.000996884397583059	0.0561806008459618	73.4151329243354	73.4604378042888	0.00929156926477555	c12
HAPLN3	4.09669758616637e-06	0.0783874382168469	17.1779141104294	12.8405247705058	7.09687035826683e-05	c12
MFGE8	5.10362906311158e-06	0.0443162268482528	6.74846625766871	3.95064481361727	8.64563487443345e-05	c12
CRTC3	1.50182967696948e-13	0.139244524738651	28.118609406953	20.3329988478835	7.50781144448217e-12	c12
CTD-3065B20.3	0.00456553003051263	0.00256396041391558	0.204498977505113	0.0297320399895938	0.034283701548494	c12
SV2B	9.17587422847411e-06	0.00168456590192727	0.204498977505113	0.0111495149960977	0.000147468883899932	c12
IGF1R	8.9239214272885e-09	0.0163726185637718	1.84049079754601	0.483145649830899	2.53740597950261e-07	c12
NHLRC4	0.000778145935813587	0.0176839374941208	2.76073619631902	1.4494369494927	0.00754933750685372	c12
LA16c-360A4.1	1.56266168099112e-07	0.00106970161644699	0.102249488752556	0	3.58422890941557e-06	c12
RPS2	1.95188318492597e-21	0.139155083664243	99.7955010224949	99.9145203850299	1.69501938229112e-19	c12
LINC00921	0.00491215282037868	0.0194006420370728	3.47648261758691	2.15557289924555	0.0363758411274372	c12
TFAP4	0.000197152864221544	0.0351824995546513	6.23721881390593	3.95064481361727	0.00230575099169757	c12
SNN	8.51898084742072e-09	0.0462710435959912	6.13496932515337	2.97692050395808	2.44496201595395e-07	c12
RP11-486I11.2	3.48232681607394e-16	0.0788318947710276	9.71370143149284	4.35574385847549	2.1568661717058e-14	c12
RSL1D1	3.83590536781959e-05	0.0909152739951072	46.2167689161554	44.7578696993347	0.000539428194755063	c12
SNX29	0.000511198068595119	0.0489903376470405	11.8609406952965	8.98279258185602	0.0052719303019154	c12
NDE1	0.000491287765383894	0.0752523883463677	28.7321063394683	25.79997770097	0.00509493689345796	c12
ABCC1	8.01555789802351e-08	0.088350825235829	17.9959100204499	12.9185713754785	1.97279918054057e-06	c12
MIR3180-3	1.56266168099112e-07	0.00136575548500182	0.102249488752556	0	3.58422890941557e-06	c12
RPS15A	3.89988072463148e-07	0.0593420648560308	100	99.9814174750065	8.23840634079832e-06	c12
FUS	7.8676576190888e-09	0.128257773641684	68.8139059304703	67.0754822165236	2.26575090442374e-07	c12
AC026471.6	0.000736362555804528	0.00649600850610503	0.81799591002045	0.249005834912848	0.00719576564828241	c12
SNX20	0.000144481325272025	0.0804015159980321	27.19836400818	24.2910766714981	0.00175365769946528	c12
CYLD	0.000722731822923089	0.0841444158100633	39.2638036809816	38.0235626416918	0.00707899012836354	c12
CTD-2012K14.4	0.0022726738085735	0.00185013986657205	0.204498977505113	0.0260155349908946	0.0189496340772273	c12
DPEP2	1.56044378076622e-08	0.06511385976734	10.3271983640082	6.08763518786933	4.30610915226348e-07	c12
SMPD3	8.67813034376953e-09	0.0281350438570546	3.57873210633947	1.36024082952392	2.48007568959262e-07	c12
GLG1	0.00714992705135988	0.0615656460869032	34.1513292433538	33.3519158583268	0.0495189397879794	c12
RP11-486L19.2	0.000430540801763095	0.00567577695086009	0.613496932515337	0.148660199947969	0.00454468727274616	c12
C16orf74	9.76718578708811e-17	0.0523134800361371	5.72597137014315	1.9251495893262	6.28044957843792e-15	c12
ZCCHC14	3.71287383081061e-08	0.0253332898980215	3.06748466257669	1.12981751960456	9.63060591649983e-07	c12
RPL13	2.4393553248893e-98	0.274822940958917	100	99.9925669900026	1.74875826206e-95	c12
DBNDD1	8.84949466329273e-20	0.0385388364117975	3.98773006134969	0.9588582896644	7.01587936905848e-18	c12
RP11-676J12.9	0.00498238822424993	0.00100159403658959	0.102249488752556	0.00743300999739845	0.036511520423403	c12
RAP1GAP2	4.28885981295007e-07	0.0270156423932505	3.68098159509202	1.59438064444197	8.98128294204722e-06	c12
TM4SF5	0.000351326412681752	0.00124402190455448	0.102249488752556	0.00371650499869922	0.00380497072953906	c12
HS3ST3B1	0.000585681864890516	0.0633828686579525	14.7239263803681	11.7776043408778	0.00591723081128067	c12
AC022816.2	0.000351326412681752	0.00140989359856559	0.102249488752556	0.00371650499869922	0.00380497072953906	c12
RP11-385D13.1	2.73259185282542e-09	0.00317999870716911	0.204498977505113	0.00371650499869922	8.40072535484485e-08	c12
FBXW10	1.56266168099112e-07	0.00102536525739083	0.102249488752556	0	3.58422890941557e-06	c12
RNF112	0.00456905693317387	0.00202908253677928	0.204498977505113	0.0297320399895938	0.0343025410664796	c12
CRLF3	0.00105678410867984	0.0723050618874048	30.5725971370143	28.3309176050842	0.00979298233164425	c12
RP11-799D4.4	0.000170818640719277	0.0487269998564747	10.2249488752556	7.32894785743487	0.00203376794360258	c12
RPL19	8.93841766525968e-109	0.266625758784031	100	99.9925669900026	8.60488699466456e-106	c12
THRA	1.48862096401634e-05	0.0440121181790705	8.48670756646217	5.38521574311517	0.000228196518478465	c12
NR1D1	5.40013944778334e-10	0.0428640123037587	5.8282208588957	2.60155349908946	1.82375976511014e-08	c12
CCR7	2.56388294476096e-29	0.301279650665122	55.9304703476483	40.3612442858736	3.19953599780651e-27	c12
EIF1	0.00378373778060893	0.0311711064364832	99.1820040899795	99.4425242501951	0.0290805795574447	c12
HAP1	3.63222291789358e-10	0.016642860786316	1.53374233128834	0.315902924889434	1.26560619436925e-08	c12
ATP6V0A1	0.000163670619681332	0.0202257258180359	2.55623721881391	1.20786412457725	0.0019569616251039	c12
LINC01180	0.000351696726055276	0.00102121711732457	0.102249488752556	0.00371650499869922	0.00380497072953906	c12
EFCAB13	7.35436963675352e-06	0.0134846203060037	1.73824130879346	0.587207789794477	0.000120759322875621	c12
SKAP1	0.000106170248986384	0.077757289013494	62.9856850715746	64.2249228825213	0.00133680880767833	c12
HOXB2	6.39754864850862e-05	0.0846461923068027	22.0858895705521	18.2814880886015	0.000855713845770998	c12
NOG	2.44631709083301e-45	0.0382670340338258	3.57873210633947	0.375367004868622	5.088037534477e-43	c12
YPEL2	1.32523217024871e-13	0.127115566853432	23.6196319018405	15.8954918794366	6.66453324542686e-12	c12
CTD-2319I12.2	0.00497890644194292	0.00124915765440279	0.102249488752556	0.00743300999739845	0.036511520423403	c12
LIMD2	1.22960530308754e-10	0.138827966675536	92.6380368098159	91.5412346229606	4.51802847134477e-09	c12
ICAM2	9.09384337950016e-28	0.227063584490335	44.7852760736196	31.8467313338536	1.06023515165702e-25	c12
RPL38	2.11874172895366e-07	0.0689728059438197	97.4437627811861	98.2755416806036	4.74344742959233e-06	c12
TTYH2	1.78023962890627e-06	0.019453577363724	2.24948875255624	0.817631099713829	3.33611757821845e-05	c12
RP11-666A8.9	1.56266168099112e-07	0.00110157509603404	0.102249488752556	0	3.58422890941557e-06	c12
CTD-2526A2.2	0.000678719582393466	0.00385732193954086	0.408997955010225	0.0780466049726837	0.0067044202899928	c12
DCXR	0.000574663453619565	0.0787405174260366	35.480572597137	33.4076634333073	0.0058356571447431	c12
ENOSF1	0.0047680305100888	0.0526157791781042	16.6666666666667	14.1710335600401	0.0355114986752723	c12
SMCHD1	7.27981075484303e-20	0.230461004280678	64.3149284253579	58.4866391645297	5.81246311785974e-18	c12
DLGAP1	0.000103407592366328	0.0240342081075968	3.2719836400818	1.65384472442115	0.00130592781753787	c12
NDUFV2-AS1	9.2823588732662e-13	0.105679037541794	19.0184049079755	12.0191771657933	4.30206052098805e-11	c12
ANKRD12	0.00296518746729259	0.0580664701472948	69.3251533742331	71.2528338350615	0.0237313602192295	c12
RP11-474N24.6	0.00498587220819128	0.000577281184928326	0.102249488752556	0.00743300999739845	0.036511520423403	c12
RP11-78A19.4	1.56266168099112e-07	0.00110301385239435	0.102249488752556	0	3.58422890941557e-06	c12
RP11-403A21.3	1.56266168099112e-07	0.00117639810524938	0.102249488752556	0	3.58422890941557e-06	c12
SLC14A1	9.64764582146183e-12	0.0260254341321425	2.55623721881391	0.66897089976586	4.01941204845155e-10	c12
SNHG22	2.72125662673306e-06	0.0306459072498171	4.29447852760736	2.09982532426506	4.87712876495445e-05	c12
RP11-126O1.4	0.000351696726055276	0.000700472319862872	0.102249488752556	0.00371650499869922	0.00380497072953906	c12
BCL2	6.67858155549302e-31	0.250981675965516	38.4458077709611	25.5881369160442	9.1104504830276e-29	c12
GTSCR1	2.53845718529094e-65	0.0842088216460709	6.95296523517382	0.970007804660497	9.29682352186881e-63	c12
HSBP1L1	9.65069254822018e-12	0.075577380716383	12.7811860940695	7.21001969747649	4.01941204845155e-10	c12
OXT	0.00350791921700945	0.00898790363994652	1.02249488752556	0.405099044858215	0.027385502803039	c12
AVP	0.000351696726055276	0.00124912665902045	0.102249488752556	0.00371650499869922	0.00380497072953906	c12
CDC25B	1.09987415757941e-05	0.0931845470764482	25.7668711656442	21.3773367525179	0.000173823451526645	c12
PRND	4.30101419897809e-07	0.00300066904552628	0.204498977505113	0.00743300999739845	8.98997347520892e-06	c12
RP5-1116H23.5	0.00498238822424993	0.00129068798917205	0.102249488752556	0.00743300999739845	0.036511520423403	c12
RP1-167O22.1	4.18050104789403e-10	0.0344666487650821	4.19222903885481	1.59809714944067	1.44173799700861e-08	c12
RP11-243J16.7	0.00158988509806462	0.0105992167322697	1.6359918200409	0.739584494741145	0.0139941453746576	c12
GGT7	0.00481720532470128	0.0433780659021132	11.5541922290389	9.25781395175976	0.0357986140737726	c12
ACSS2	2.66247820496336e-05	0.0256393756480504	3.2719836400818	1.56836510945107	0.000388689517495821	c12
SAMHD1	1.32296104940776e-48	0.339832043222056	56.1349693251534	39.2462927862638	3.16140777296064e-46	c12
SGK2	9.16102941158608e-06	0.00234375524338952	0.204498977505113	0.0111495149960977	0.000147337338899275	c12
OSER1-AS1	1.00886835487652e-10	0.067942663782375	11.0429447852761	6.12851674285502	3.76860425157532e-09	c12
STK4	1.8882907145266e-14	0.169154443571547	76.278118609407	74.7463485338388	1.04644847590887e-12	c12
DBNDD2	1.05266929267491e-09	0.0743599086435948	12.1676891615542	7.25833426245958	3.4236138173155e-08	c12
ZFAS1	3.26449508520558e-16	0.168311746746069	81.9018404907976	79.8007953320697	2.02940770112392e-14	c12
BCAS1	4.96725146574367e-12	0.0299224886835361	2.55623721881391	0.657821384769762	2.14023747937042e-10	c12
RP5-907D15.4	0.00498238822424993	0.00104951332451309	0.102249488752556	0.00743300999739845	0.036511520423403	c12
RPS21	3.10962157980474e-30	0.160774795254353	99.8977505112474	99.8736388300442	4.07687118715723e-28	c12
KCNQ2	3.37463680881299e-10	0.00503519058009344	0.511247443762781	0.0371650499869922	1.18073741055187e-08	c12
R3HDM4	6.9357365266388e-12	0.146997857274493	49.7955010224949	44.4642658044375	2.95066548647181e-10	c12
GPX4	0.00392691833656077	0.0506464562024025	71.881390593047	71.8883561898391	0.0300186767015079	c12
CIRBP	1.28451835774269e-16	0.164296833670517	89.2638036809816	88.0737354591742	8.18158063247303e-15	c12
RPS15	1.41420087787981e-91	0.232667544651477	100	99.9925669900026	8.99058195835516e-89	c12
LLfos-48D6.2	0.000351326412681752	0.00122501197022593	0.102249488752556	0.00371650499869922	0.00380497072953906	c12
GADD45B	0.000884702729425681	0.0806128292282883	27.5051124744376	24.2241795815215	0.00841591580047117	c12
AES	2.05411586658213e-58	0.404634099297689	80.4703476482618	68.9448842308693	6.34966789069892e-56	c12
S1PR4	0.000571491329202686	0.086682641503341	33.3333333333333	31.2520905340618	0.00581395798495027	c12
TJP3	6.66408733388173e-12	0.0442131770127813	5.01022494887526	1.9102835693314	2.8422754256685e-10	c12
EEF2	3.73776306473237e-69	0.348252908747105	96.6257668711656	94.9381201917717	1.55481714448262e-66	c12
RPL36	5.43901241158542e-108	0.301855629151337	99.8977505112474	99.9182368900286	4.95302930259349e-105	c12
CTB-133G6.1	6.00542551675686e-59	0.282231664909229	35.1738241308793	16.9212472590776	1.8910916575851e-56	c12
RPS28	6.69431384880859e-45	0.177700944164565	100	99.9962834950013	1.3670194595258e-42	c12
EIF3G	5.59904805161933e-06	0.0659349245273861	76.1758691206544	78.6263797524808	9.39981689343606e-05	c12
SLC44A2	8.44241941452015e-07	0.113422898983987	33.640081799591	29.6391273646263	1.67525842021697e-05	c12
ILF3-AS1	5.5334175530095e-08	0.117552974732924	31.1860940695297	26.0304010108894	1.39762347099777e-06	c12
ZNF563	3.55275320377403e-07	0.0482977812398569	7.77096114519427	4.44493997844427	7.5859611183753e-06	c12
JUNB	4.4210392296129e-06	0.183241339651142	87.0143149284254	85.6505742000223	7.58851226706964e-05	c12
PRDX2	0.00607723796106318	0.0536147372282771	56.1349693251534	56.1303749953544	0.0431996742320808	c12
DNAJB1	1.39752211540636e-17	0.314586150245006	82.6175869120654	77.7121195228008	9.57075409684995e-16	c12
TECR	6.2880963883915e-13	0.15231562712495	62.7811860940695	59.3079867692422	2.94505997208382e-11	c12
CTD-2562J15.6	3.47574284910298e-13	0.085706167336332	12.678936605317	6.89783327758576	1.67302399368108e-11	c12
KLF2	1.00096932589097e-59	0.644008530756262	81.2883435582822	57.988627494704	3.21206290157814e-57	c12
USHBP1	0.000351326412681752	0.00102176680447741	0.102249488752556	0.00371650499869922	0.00380497072953906	c12
RPL18A	4.37425795057091e-90	0.249870403671593	100	99.9777009700078	2.72937495160252e-87	c12
GDF15	0.000351326412681752	0.000958764861131152	0.102249488752556	0.00371650499869922	0.00380497072953906	c12
UBA52	6.88638035675855e-05	0.0558840194934498	99.6932515337423	99.4425242501951	0.000912425087458209	c12
ZNF101	3.59887529105076e-15	0.145605612094209	27.19836400818	18.8798453933921	2.09793259613606e-13	c12
ZNF14	0.00327130766689335	0.0351540883278951	8.1799591002045	6.06905266287583	0.0258316007800104	c12
AC005780.1	4.38473966982343e-06	0.0079687333414761	0.81799591002045	0.167242724941465	7.53772543035871e-05	c12
ZNF536	1.21364432292013e-14	0.00405558659140469	0.408997955010225	0.0111495149960977	6.80408183302342e-13	c12
CTC-523E23.5	0.00498587220819128	0.000593517455309129	0.102249488752556	0.00743300999739845	0.036511520423403	c12
CTC-523E23.11	9.48354636558986e-15	0.100823161339017	15.3374233128834	8.71520422194968	5.39761167638826e-13	c12
FXYD1	4.99255191420598e-05	0.0529685336254611	9.61145194274029	6.53361578771323	0.000684373654179236	c12
FXYD7	8.61591067498556e-09	0.0781495411562517	13.9059304703476	8.83784888690675	2.46857563165785e-07	c12
FXYD5	1.3961365933466e-49	0.317932926236746	97.6482617586912	94.4847065819304	3.43368075738833e-47	c12
LSR	7.70558005993268e-06	0.082165049089578	21.881390593047	17.3412123239306	0.000125973709140889	c12
TMEM147-AS1	0.000210283130545038	0.0184362953917191	2.55623721881391	1.21901363957335	0.00244151612701051	c12
ZNF566	0.00222213317852434	0.0280102154832654	5.31697341513292	3.53439625376296	0.018611124861347	c12
SPINT2	1.30122673532863e-05	0.0723212919931661	19.9386503067485	15.4866763295797	0.000201579464920289	c12
EIF3K	1.00702114305112e-06	0.0718345151927404	88.0368098159509	89.2704500687554	1.9681305332926e-05	c12
RPS16	3.43677715217999e-22	0.129569331515915	99.7955010224949	99.8439067900546	3.12969646933926e-20	c12
FBL	0.00225202436764251	0.0681143549309749	38.3435582822086	37.291411156948	0.0188007992578702	c12
CTC-492K19.4	1.56266168099112e-07	0.001818139407781	0.102249488752556	0	3.58422890941557e-06	c12
AC006129.2	1.76863213447045e-39	0.2847688615278	45.7055214723926	30.4418924443453	3.12001524287159e-37	c12
CEACAM4	0	0.225815090373381	15.3374233128834	0.252722339911547	0	c12
RPS19	5.94229427320402e-09	0.0831725601431916	100	99.9851339800052	1.73500574732527e-07	c12
GRIK5	1.56266168099112e-07	0.0013523890688629	0.102249488752556	0	3.58422890941557e-06	c12
POU2F2	5.94922548143072e-17	0.147077945136659	24.8466257668712	16.0255695543911	3.86975296083642e-15	c12
CEACAM1	1.28757319792868e-16	0.0547904264694249	6.13496932515337	2.16300590924295	8.18556440207716e-15	c12
CEACAM8	1.56266168099112e-07	0.00135466512135143	0.102249488752556	0	3.58422890941557e-06	c12
LYPD3	1.59743543811307e-09	0.044705111625075	6.33946830265849	2.98435351395548	5.03027940670857e-08	c12
PHLDB3	2.322663339621e-07	0.0687176426852525	13.0879345603272	8.71892072694838	5.14528721664629e-06	c12
GLTSCR2	1.45656874726431e-28	0.242172899030222	89.7750511247444	86.531385884714	1.74034139611076e-26	c12
GRIN2D	0.00498238822424993	0.00121965891809837	0.102249488752556	0.00743300999739845	0.036511520423403	c12
RPL18	8.6929400371162e-62	0.206291479084437	100	99.9293864050247	2.98877471031217e-59	c12
DBP	0.00459585176389861	0.0321423787043513	6.33946830265849	4.53041959341435	0.0344346518418501	c12
FTL	2.31173376819083e-108	0.448597051740263	99.3865030674847	97.9447727357193	2.16365437737283e-105	c12
CD37	0.00605790213081097	0.0299813651650918	92.3312883435583	93.4032036273089	0.0430894985002206	c12
PIH1D1	9.21374383397941e-05	0.0903253001875549	32.0040899795501	29.6837254246107	0.00118041020814488	c12
FLT3LG	3.32960248833503e-18	0.21117560369131	56.9529652351738	49.1136135578102	2.38190289261062e-16	c12
RPL13A	0.00143419595229686	0.0545091889159184	99.4887525562372	99.5391533801613	0.0127908412961065	c12
RPS11	0.0010431997002272	0.0561443504907788	95.9100204498977	95.9452930464191	0.00968307732767364	c12
AC006942.4	0.000291353083019246	0.0135184462227853	1.53374233128834	0.602073809789274	0.00324953683523683	c12
CTD-2525I3.3	1.56266168099112e-07	0.00112729444719342	0.102249488752556	0	3.58422890941557e-06	c12
ZNF888	0.000188583884172711	0.00877036407088069	0.920245398773006	0.267588359906344	0.00221940111537384	c12
RPS9	6.60755475774917e-28	0.150222861762277	99.1820040899795	99.4016426952094	7.81175263184563e-26	c12
LAIR2	1.5154427289731e-32	0.136391801716432	17.1779141104294	7.13568959750251	2.16361556398388e-30	c12
TNNI3	1.56266168099112e-07	0.00148840462692629	0.102249488752556	0	3.58422890941557e-06	c12
RPL28	8.10662257115221e-12	0.0817194286863652	100	99.9925669900026	3.41004420614735e-10	c12
CTD-2583A14.9	1.56266168099112e-07	0.00111925175833664	0.102249488752556	0	3.58422890941557e-06	c12
ZSCAN18	0.000587069008854782	0.0408318843626776	8.48670756646217	6.01330508789534	0.00592769049576057	c12
RPS5	2.87899501150264e-54	0.240327267058823	99.5910020449898	99.4165087152042	8.22075067098051e-52	c12
CECR3	0.000351326412681752	0.00119057646928558	0.102249488752556	0.00371650499869922	0.00380497072953906	c12
GGT2	0.000351326412681752	0.00131968592969674	0.102249488752556	0.00371650499869922	0.00380497072953906	c12
LL22NC03-2H8.4	0.00497890644194292	0.0012208991960672	0.102249488752556	0.00743300999739845	0.036511520423403	c12
CTA-407F11.8	0.000351326412681752	0.00117792414338434	0.102249488752556	0.00371650499869922	0.00380497072953906	c12
KREMEN1	0.00498238822424993	0.00128217919732862	0.102249488752556	0.00743300999739845	0.036511520423403	c12
HORMAD2	0.00497890644194292	0.00128763738734522	0.102249488752556	0.00743300999739845	0.036511520423403	c12
SELM	3.34158635356766e-10	0.129418078639263	42.9447852760736	36.5927082171926	1.17038888354583e-08	c12
LIMK2	4.0216439130627e-05	0.0518980808178591	9.8159509202454	6.74174006764039	0.00056272952660604	c12
PIK3IP1	7.33732953980048e-37	0.316950064094935	76.9938650306748	68.1644181811425	1.17725705482875e-34	c12
PIK3IP1-AS1	1.2677786173769e-06	0.0136464669342804	1.43149284253579	0.397666034860817	2.44513639003419e-05	c12
SFI1	0.00250250936753235	0.0573994816348078	22.2903885480573	19.5488162931579	0.0205908548546117	c12
RFPL3	1.56266168099112e-07	0.00126138364185046	0.102249488752556	0	3.58422890941557e-06	c12
CTA-833B7.2	0.00497890644194292	0.00129708751401519	0.102249488752556	0.00743300999739845	0.036511520423403	c12
NCF4	1.17269164250359e-12	0.139400098360737	28.9366053169734	21.154346452596	5.34677567016456e-11	c12
CSF2RB	2.12371604529636e-06	0.0208817267366673	2.14723926380368	0.769316534730739	3.89953615423518e-05	c12
EIF3L	5.6475752253717e-18	0.189938576176514	71.4723926380368	67.8559482662504	3.97263882345875e-16	c12
SOX10	0.000351326412681752	0.00128156916530951	0.102249488752556	0.00371650499869922	0.00380497072953906	c12
DDX17	5.0988814996338e-05	0.0874724736943318	65.0306748466258	64.9422083472702	0.000697530301456196	c12
RPL3	2.01097195500577e-77	0.315064878365397	99.6932515337423	99.7695766900807	9.67966986456632e-75	c12
ST13	1.76277836707144e-08	0.119562891189669	62.2699386503067	59.7614003790835	4.82494348498011e-07	c12
C22orf46	0.00233809798520152	0.0362220022481187	7.97546012269939	5.81261381796559	0.0194230457380129	c12
TNFRSF13C	4.12676469599449e-09	0.0222593433864284	2.35173824130879	0.698702939755454	1.22941829944154e-07	c12
CENPM	0.000907646402522522	0.0499115468482834	11.2474437627812	8.56654402200171	0.00859776156496875	c12
RP4-566L20.1	0.00497890644194292	0.00159647777850531	0.102249488752556	0.00743300999739845	0.036511520423403	c12
MOV10L1	0.00497890644194292	0.00121157355716885	0.102249488752556	0.00743300999739845	0.036511520423403	c12
CHODL-AS1	1.56266168099112e-07	0.00127802980757117	0.102249488752556	0	3.58422890941557e-06	c12
BACH1	1.06273568331047e-10	0.0839161563027238	13.7014314928425	8.29523915709667	3.95229758426743e-09	c12
TIAM1	1.6738736996882e-23	0.167506940083802	24.9488752556237	14.568699594901	1.63476812861722e-21	c12
SOD1	1.47325639459029e-17	0.175391985208315	84.3558282208589	80.9083138216821	1.0068945427855e-15	c12
TCP10L	0.00497890644194292	0.00121423428708273	0.102249488752556	0.00743300999739845	0.036511520423403	c12
IFNAR2	1.43900136483381e-08	0.118011694397504	33.640081799591	27.8366224402572	3.99059357915312e-07	c12
IFNGR2	1.44275416301323e-68	0.145283563812831	13.59918200409	3.22964284386962	5.5876044561572e-66	c12
TMEM50B	0.00175381585154217	0.0731594775805475	27.6073619631902	25.4097446761066	0.0152853262550083	c12
MORC3	0.00102276887717317	0.0685867268970222	23.9263803680982	21.2955736425466	0.00951703246270996	c12
SIM2	0.000351326412681752	0.00128975139439549	0.102249488752556	0.00371650499869922	0.00380497072953906	c12
TTC3	4.53162935824925e-09	0.139504381341115	40.3885480572597	35.3476790426283	1.34290870357828e-07	c12
PDE9A	1.98617479893455e-13	0.0447558763141092	5.21472392638037	1.8991340543353	9.79826847368973e-12	c12
ICOSLG	0.00120780645285347	0.00593003349386732	0.715746421267894	0.211840784925856	0.0110197212625087	c12
MT-ND4L	0.000177625370262387	0.0707173293153605	99.8977505112474	99.8401902850559	0.0021066206355582	c12
