p_val	avg_log2FC	pct.1	pct.2	p_val_adj	cluster	gene
2.95402647521008e-184	1.65777849016453	0.882	0.398	9.95329680557284e-180	c25	CCR7
9.60675651020088e-176	0.656993668068254	1	0.999	3.23690053854708e-171	c25	TPT1
4.2082231499738e-174	1.69521446078629	0.75	0.257	1.41791870815217e-169	c25	CD40LG
3.10161509759392e-171	1.44880089392426	0.945	0.511	1.0450581909833e-166	c25	SELL
5.25558523847666e-171	1.68497765240877	0.782	0.297	1.77081689025233e-166	c25	PASK
5.2501972040716e-169	2.0255478882224	0.523	0.135	1.76900144593988e-164	c25	CMTM8
1.43247645293863e-160	0.61980647504179	1	0.998	4.82658616053143e-156	c25	RPS6
5.45291405175446e-157	1.72847060813655	0.584	0.169	1.83730486059815e-152	c25	TXK
3.94755865491063e-152	0.510279794748584	1	1	1.33009041318559e-147	c25	RPL32
1.73961134711052e-148	1.6819441986321	0.641	0.214	5.86144647295419e-144	c25	SERINC5
1.23512531706358e-143	0.501426170623678	1	1	4.16163124331402e-139	c25	RPS12
3.43876545449606e-139	0.5489441822458	1	0.999	1.1586576322379e-134	c25	RPS18
5.78347742949356e-135	2.25612477374241	0.27	0.048	1.94868488509356e-130	c25	ANKRD55
1.57874027916664e-129	1.33308991126577	0.817	0.385	5.31940749662406e-125	c25	TCF7
1.86778771689607e-128	0.480867304955287	1	1	6.2933239333096e-124	c25	RPS8
1.21347183823043e-123	0.550431096678832	1	0.998	4.0886720117336e-119	c25	RPL3
2.24441793131408e-123	0.818529073028432	0.992	0.878	7.56234177776965e-119	c25	LDHB
2.20923070016003e-122	0.416281348222475	1	1	7.44378192111921e-118	c25	RPL13
3.4746151743977e-122	0.467048806612092	1	0.999	1.17073683686156e-117	c25	RPS3A
2.06560665757536e-121	0.61464158802838	1	0.994	6.95985507203443e-117	c25	RPL21
2.7022994337049e-121	0.407527879675422	1	1	9.1051277119253e-117	c25	EEF1A1
2.36035159973206e-120	0.457681570323537	1	0.999	7.95296868013719e-116	c25	RPL39
7.58231345299e-120	0.449018249371044	1	1	2.55478469485045e-115	c25	RPL37
2.42190903999306e-119	0.865003610099779	0.994	0.763	8.16038031935262e-115	c25	LTB
2.10903852134872e-118	0.555011237824093	1	0.996	7.10619439383239e-114	c25	RPL9
5.05349896514405e-116	0.408538836288966	1	1	1.70272594131564e-111	c25	RPL11
3.9043740162836e-115	0.497957942205198	1	0.994	1.31553978104659e-110	c25	RPS9
4.85216531082863e-115	0.895990946889234	1	0.794	1.6348885798306e-110	c25	IL7R
6.9990585042832e-112	1.29146136964247	0.606	0.214	2.35826277243318e-107	c25	MAL
2.9884419152276e-110	0.426049173811734	1	1	1.00692561891679e-105	c25	RPL34
3.39267247155311e-110	1.87561060554616	0.367	0.096	1.14312706256511e-105	c25	SCML1
4.77287735619635e-105	0.412848345405008	1	0.999	1.6081732963968e-100	c25	RPS13
1.85080049475728e-104	0.63310137536258	0.998	0.968	6.23608718703519e-100	c25	PABPC1
4.11854576703168e-102	2.11881317925804	0.245	0.05	1.38770281074365e-97	c25	SLC40A1
6.28812417343049e-100	0.353615787295096	1	1	2.11872055899567e-95	c25	RPL19
4.47007761422539e-98	0.466828402647207	1	0.992	1.5061479513371e-93	c25	RPL22
2.12409262408288e-97	0.563066926747213	1	0.973	7.15691768758485e-93	c25	EEF1B2
2.77746185303499e-97	0.375607187758919	1	1	9.35837996761609e-93	c25	RPS27A
1.11012164931792e-95	1.59241468511702	0.35	0.095	3.7404438852118e-91	c25	ACTN1
3.86867451261769e-95	0.596410606135754	0.998	0.968	1.3035111902814e-90	c25	RPL4
8.52461471413433e-94	0.401051414345727	1	0.999	2.87228368178042e-89	c25	RPL36
2.5544131886526e-93	1.60866526267873	0.351	0.097	8.60683979784607e-89	c25	LINC00402
2.12159865260959e-92	1.4857555107494	0.488	0.173	7.14851450010277e-88	c25	C1orf162
2.21360580881738e-92	1.46109355423299	0.477	0.163	7.45852341222927e-88	c25	PLAC8
2.69237863357171e-90	1.32561513236828	0.724	0.395	9.0717005679565e-86	c25	HSPA1B
1.01513009827708e-87	1.03695425227934	0.949	0.775	3.42037935313479e-83	c25	DNAJB1
1.52183771773311e-87	1.46215517682917	0.5	0.184	5.12768000612993e-83	c25	LPAR6
3.24758520084085e-87	0.444219478823424	1	0.997	1.09424135757132e-82	c25	RPSA
1.99882614980044e-85	0.427389073715715	1	0.994	6.7348448291376e-81	c25	RPS5
7.55168057700172e-85	0.421144309694968	1	0.999	2.54446325361496e-80	c25	RPS2
8.30528161108009e-85	2.017650081217	0.227	0.05	2.79838158603732e-80	c25	GCSAM
9.73420715058122e-84	0.348856329850473	1	1	3.27984375731683e-79	c25	RPL18A
1.34261256448473e-83	0.3498975592656	1	1	4.52379877477485e-79	c25	RPS14
1.51840064549326e-83	0.339600450227884	1	1	5.116099134925e-79	c25	RPS23
7.66653658275539e-83	0.724376107305346	0.994	0.937	2.5831628361936e-78	c25	TXNIP
7.97722033953626e-83	0.30725130909146	1	1	2.68784462120335e-78	c25	RPL30
2.76901758496943e-81	1.68332315589381	0.448	0.164	9.32992785079601e-77	c25	AREG
3.16658355034417e-81	0.327519639256442	1	1	1.06694866145297e-76	c25	RPS28
1.44749778627443e-80	2.06567391255453	0.239	0.058	4.87719904107307e-76	c25	ADGRE1
4.82606350707701e-78	0.534051366479791	0.998	0.945	1.62609383807453e-73	c25	FXYD5
7.24839372087211e-77	0.341044463498997	1	0.999	2.44227378031065e-72	c25	RPL29
7.7543288857655e-77	1.74746304818082	0.271	0.072	2.61274357476983e-72	c25	APP
3.02228147911012e-76	0.316433399778528	1	1	1.01832752157136e-71	c25	RPS25
5.34385258122706e-76	0.40409819142139	1	0.995	1.80055768871865e-71	c25	RPL5
1.40969552807782e-73	0.360931071364883	1	1	4.74982811230541e-69	c25	RPS4X
2.50545203782293e-73	1.59797003637054	0.374	0.128	8.44187009624057e-69	c25	FAAH2
1.4129703419207e-72	2.47044728811245	0.132	0.022	4.7608622700676e-68	c25	PTK2
4.77343870887146e-72	0.325753951165507	1	1	1.60836243856715e-67	c25	RPLP2
1.9197022332185e-70	0.835467459447852	0.9	0.581	6.46824470460642e-66	c25	KLF2
1.266817316308e-67	0.950500140565739	0.817	0.502	4.26841426556819e-63	c25	BIRC3
4.30375321487873e-67	1.49461352066227	0.34	0.114	1.45010660822124e-62	c25	TRABD2A
3.21860765325321e-66	0.294194270718865	1	0.999	1.08447766268714e-61	c25	RPL35A
3.6833638572435e-66	0.979721425340333	0.684	0.338	1.24107261805963e-61	c25	TNFSF8
1.94166757397112e-64	2.28271889579534	0.129	0.023	6.54225472373828e-60	c25	TCEA3
6.92677670375923e-63	1.50996531248387	0.281	0.086	2.33390814256463e-58	c25	FXYD7
9.33813984903092e-63	0.302062077164991	1	0.999	3.14639284073248e-58	c25	RPL14
3.76138021519445e-62	1.27307013771553	0.4	0.151	1.26735944970762e-57	c25	SPINT2
2.07536306242973e-60	0.961580202305438	0.715	0.389	6.99272830255074e-56	c25	GPR183
3.1141596619211e-60	1.20125831961179	0.471	0.201	1.0492849564877e-55	c25	RP11-18H21.1
7.72086536423604e-60	1.24893967560566	0.382	0.144	2.60146837582569e-55	c25	IL6R
8.98547167239105e-60	1.28623991534285	0.325	0.112	3.02756482529544e-55	c25	NGFRAP1
1.67394258420833e-59	0.291795445990145	1	0.999	5.64018214323156e-55	c25	RPL18
6.47933769710545e-59	0.384700313456548	1	0.982	2.18314804366271e-54	c25	RPL38
1.76655851358603e-57	0.313329544399328	1	1	5.95224225567678e-53	c25	RPLP1
2.23066849918288e-57	0.349829633611042	1	0.994	7.5160144411468e-53	c25	RPL10A
4.72081682570858e-57	0.938564165812041	0.653	0.348	1.59063202125425e-52	c25	IL6ST
1.33029274946706e-56	1.41893094137719	0.339	0.124	4.48228839005431e-52	c25	RIPK2
1.33964841701247e-56	0.30129510986056	1	0.999	4.51381137628182e-52	c25	RPS21
7.7656398344098e-56	1.05791967054718	0.581	0.292	2.61655468580604e-51	c25	CHMP7
1.75808566647033e-54	1.79553663767886	0.184	0.047	5.92369384460514e-50	c25	SPG20
2.35454906319696e-54	0.390624107460885	1	0.989	7.93341761353584e-50	c25	SARAF
4.92633857831892e-54	0.890574987708825	0.679	0.366	1.65988052057878e-49	c25	LEF1
1.92964471546186e-53	0.71724693063356	0.985	0.897	6.5017449042772e-49	c25	HSP90AA1
2.08818521231147e-53	0.406780223132156	0.994	0.961	7.03593125436225e-49	c25	RPL7
2.22067142129783e-53	0.339350011701869	1	0.995	7.48233028692093e-49	c25	RPL13A
2.81073936066937e-53	0.289717834233576	1	0.998	9.47050520183939e-49	c25	RPS16
5.93738046373313e-53	0.272999153092908	1	1	2.00054097345024e-48	c25	RPS3
2.80371201557298e-52	0.502983230010754	0.98	0.915	9.4468272652716e-48	c25	RPS20
3.256248798888e-52	0.340018794267708	1	0.997	1.09716047029732e-47	c25	RPLP0
8.31052149360091e-51	0.237355696272312	1	1	2.80014711205389e-46	c25	RPL10
5.91493729005842e-49	0.77062445850756	0.693	0.399	1.99297897051228e-44	c25	FKBP5
1.01638293799857e-48	0.347555785069793	0.997	0.987	3.42460067129237e-44	c25	RPL27
3.17818653813624e-48	1.76826171860495	0.163	0.042	1.07085817215963e-43	c25	MDS2
4.51314625412114e-48	1.4232060659051	0.244	0.08	1.52065949886358e-43	c25	PRKCA
1.12925093490096e-47	1.51440864176003	0.316	0.123	3.80489810005531e-43	c25	DNAJB4
7.27358591294306e-47	1.57776885097372	0.186	0.052	2.45076203750703e-42	c25	RNF144A
5.57246122841975e-46	0.402649117303662	0.992	0.949	1.87758508630375e-41	c25	EEF2
1.15201375147579e-45	1.24740293189585	0.293	0.109	3.88159513422253e-41	c25	SH3YL1
1.66458882834983e-45	0.498205725376708	0.979	0.876	5.60866559824193e-41	c25	FYB
5.941933642622e-45	0.630847017999184	0.913	0.679	2.00207512154506e-40	c25	PIK3IP1
6.2625815480541e-45	0.239252700031465	1	1	2.11011422680135e-40	c25	RPL12
3.95721831648618e-44	1.50177045598525	0.233	0.079	1.33334513955686e-39	c25	BAG3
4.53431960864322e-44	0.278638445083724	1	0.994	1.52779364893625e-39	c25	UBA52
7.3958809550702e-44	2.39678139156964	0.078	0.013	2.49196812900135e-39	c25	PLAG1
2.71228079520029e-43	1.68177310159456	0.137	0.034	9.13875891134785e-39	c25	IFNGR2
5.45060155917414e-43	1.17385861113955	0.617	0.415	1.83652568934814e-38	c25	HSPA1A
1.30303213388772e-42	1.60510738749598	0.179	0.053	4.39043647192127e-38	c25	LMO7
1.34766269975787e-42	0.982361399297011	0.391	0.17	4.54081470056418e-38	c25	CTB-133G6.1
1.33117285078992e-41	2.12684328305402	0.106	0.023	4.48525380345157e-37	c25	RP11-664D1.1
7.02314279958979e-41	0.273831305443113	1	0.997	2.36637773489378e-36	c25	RPS29
7.40243676496311e-41	2.38175490625311	0.066	0.01	2.49417704358667e-36	c25	ABO
3.48044737682161e-40	0.878174941194237	0.532	0.273	1.17270193914627e-35	c25	LDLRAP1
3.54915045677562e-40	0.87052392277768	0.505	0.26	1.19585075490598e-35	c25	AQP3
1.77123830884854e-39	1.1645091125188	0.308	0.126	5.96801035783427e-35	c25	ADPRM
2.49647245665654e-39	0.930578950045513	0.416	0.192	8.41161429545854e-35	c25	RASGRP2
7.84521088862455e-39	0.239794276948945	1	0.998	2.64336535681316e-34	c25	RPL15
1.43179301799382e-38	1.98768352263384	0.092	0.019	4.82428339482837e-34	c25	KLF5
1.6950133413829e-38	0.276205646151546	1	0.994	5.71117795245554e-34	c25	RPL37A
2.66763372251203e-38	0.249446702824834	1	0.997	8.98832506463202e-34	c25	GNB2L1
2.69829296485678e-38	2.41054607432247	0.058	0.008	9.09162831578842e-34	c25	TMEM45B
3.10045082357466e-38	0.374833848659531	0.997	0.96	1.04466590049525e-33	c25	RPL27A
3.43730419501981e-38	1.20019242824312	0.278	0.109	1.15816527546997e-33	c25	FBLN5
4.99551394454039e-38	0.842482602252941	0.765	0.533	1.68318846847344e-33	c25	HSPB1
4.11247573681129e-37	0.21948101574369	1	0.999	1.3856575747612e-32	c25	RPL8
4.6888541463822e-37	3.7016080384287	0.026	0.002	1.57986251608202e-32	c25	EPGN
5.12817655228449e-37	0.200209219902385	1	1	1.72788780752674e-32	c25	RPS15
5.24837025833666e-37	0.185508522557869	1	1	1.76838587484395e-32	c25	RPL28
8.78544329248191e-37	1.01507598326057	0.371	0.17	2.96016726296886e-32	c25	LSR
1.2671759467022e-36	1.87554165524288	0.126	0.033	4.2696226348184e-32	c25	AC022182.3
1.75206194652248e-36	0.273414782703887	1	0.993	5.90339752261284e-32	c25	RPL35
2.31649643581615e-36	0.328827980161324	1	0.993	7.80520309083895e-32	c25	MT-ATP6
2.71388002707263e-36	1.85672413879671	0.14	0.04	9.14414736321851e-32	c25	HSPA6
3.30243545766361e-36	0.286072013653325	1	0.999	1.11272260310518e-31	c25	RPL41
1.83999564648112e-35	1.64383167081707	0.144	0.042	6.19968133125347e-31	c25	LINC01215
2.02374565758194e-35	2.8043374409364	0.037	0.004	6.81880861865659e-31	c25	NEFL
4.30147639413754e-35	1.57942435462366	0.14	0.04	1.4493394562407e-30	c25	CDK5R1
5.19817532998617e-35	0.412388487503768	0.982	0.864	1.75147319568554e-30	c25	GLTSCR2
7.12279954188193e-35	0.692037336434418	0.771	0.548	2.3999560776417e-30	c25	ITK
2.85845098270908e-33	1.25479007047546	0.215	0.08	9.63126474113999e-29	c25	COL18A1
3.35607917490104e-33	2.82670367693073	0.052	0.008	1.13079731719116e-28	c25	RP11-356J5.12
4.94215833835492e-33	0.723141742677045	0.656	0.416	1.66521083052531e-28	c25	SCML4
5.13422311540409e-33	0.71751692285359	0.683	0.448	1.72992513650425e-28	c25	C10orf54
4.93577547696873e-32	1.03343935788165	0.284	0.121	1.66306018920984e-27	c25	DHRS3
5.14257768918839e-32	0.413125082894893	0.933	0.783	1.73274012659514e-27	c25	NFKBIA
5.21833537074643e-32	0.905941233689738	0.353	0.167	1.7582659198193e-27	c25	RIC3
5.75957211770131e-32	1.8348984052442	0.115	0.031	1.94063022933828e-27	c25	NLRP6
7.96749112052909e-32	1.14107476644729	0.239	0.095	2.68456645815107e-27	c25	PLEKHB1
1.01213801128831e-31	0.754092032400938	0.678	0.47	3.41029781523482e-27	c25	NOSIP
1.45608215400032e-31	0.32216012219499	0.994	0.959	4.90612320968869e-27	c25	RPS11
2.6871627835797e-31	0.999196242410585	0.336	0.159	9.05412628299344e-27	c25	CDC37L1
3.50775673175231e-31	1.84017942839648	0.095	0.023	1.18190355319662e-26	c25	RP4-575N6.4
4.48080935767064e-31	1.7154163878396	0.121	0.035	1.50976390497354e-26	c25	RP11-223C24.1
4.52745586030747e-31	0.600493814091903	0.779	0.538	1.525480977572e-26	c25	RNASET2
5.68345522258085e-31	1.85278060527333	0.1	0.025	1.91498340269639e-26	c25	ACVR2A
6.63908363284717e-31	1.43054679677423	0.143	0.044	2.23697283925152e-26	c25	LINC00243
4.1321269954323e-30	0.471610436923135	0.933	0.77	1.39227886984096e-25	c25	EIF3E
6.77372397423857e-30	0.608130741745501	0.287	0.128	2.28233855587994e-25	c25	CTSL
9.1118876672397e-30	1.20270608225948	0.158	0.053	3.07015943059974e-25	c25	TMIGD2
4.19607582717202e-29	0.699046227649313	0.583	0.352	1.41382578920734e-24	c25	FAM65B
7.14607808481737e-29	0.215291216137417	1	0.996	2.40779954989836e-24	c25	NACA
1.60218586994548e-28	0.32942710048391	0.992	0.939	5.39840507019431e-24	c25	TSC22D3
1.6094164996452e-28	3.01252455135763	0.034	0.004	5.42276795390452e-24	c25	TCEAL2
1.92905843911432e-28	0.804589945975664	0.371	0.184	6.49976950475178e-24	c25	S1PR1
1.99947822189911e-28	0.783573953307648	0.391	0.203	6.73704192086685e-24	c25	FBLN7
2.70102554347951e-28	0.848596581715459	0.308	0.141	9.10083546619985e-24	c25	BEX2
2.99817553473652e-28	1.42578638914384	0.158	0.055	1.01020526467412e-23	c25	TAF4B
8.21622240133031e-28	0.193610651296163	1	1	2.76837397590423e-23	c25	RPS27
9.6009468157439e-28	2.09927545967589	0.066	0.014	3.23494302009675e-23	c25	RP11-61J19.5
1.45906388238933e-27	0.655394247463823	0.804	0.629	4.9161698453226e-23	c25	HSPE1
1.54650076802443e-27	0.655536894072086	0.385	0.198	5.2107796877815e-23	c25	C1orf228
1.59231324225561e-27	0.248692088277668	0.998	0.983	5.36514023845606e-23	c25	PFDN5
1.95611562711945e-27	1.75090356904407	0.101	0.028	6.59093599401626e-23	c25	TTC39C-AS1
4.94747227069484e-27	0.997422750419595	0.216	0.088	1.66700130688792e-22	c25	LINC00239
6.93181742127847e-27	0.370095133585797	0.81	0.547	2.33560656192557e-22	c25	MTRNR2L12
9.5531212860634e-27	0.794267324223979	0.403	0.217	3.2188286861262e-22	c25	PABPC4
9.80797584252882e-27	0.396437845659435	0.923	0.779	3.30469938038166e-22	c25	FOS
1.06425877596189e-26	1.16903383550131	0.181	0.068	3.58591351972599e-22	c25	CTD-2562J15.6
1.45611822325683e-26	1.65645289267861	0.084	0.021	4.90624474144156e-22	c25	AC097713.4
1.5189787489169e-26	0.389157632786549	0.928	0.778	5.11804699660061e-22	c25	GPSM3
1.60009098348438e-26	0.272988205198076	0.998	0.967	5.39134655975229e-22	c25	TOMM7
2.58847819557469e-26	2.13218087767151	0.067	0.015	8.72161843216936e-22	c25	FMN1
3.00156809615502e-26	0.655808204545191	0.537	0.318	1.01134835431847e-21	c25	ICAM2
1.37425073080488e-25	1.03712349217745	0.248	0.113	4.63040041237396e-21	c25	LGALS3BP
1.95059455664724e-25	1.16482673018546	0.155	0.056	6.57233329916723e-21	c25	CXCR5
3.99386498443104e-25	0.698471924650227	0.529	0.323	1.34569286785419e-20	c25	AIM1
6.77431059143357e-25	0.378514068434673	0.942	0.808	2.28253621067763e-20	c25	HSP90AB1
7.2341880861465e-25	0.99242537154967	0.201	0.082	2.4374873337462e-20	c25	APBA2
9.02055100342165e-25	0.387952797390877	0.923	0.764	3.03938445509289e-20	c25	GIMAP7
1.01157373812072e-24	0.738377951187256	0.354	0.182	3.40839655322397e-20	c25	KLF3
1.60092047720114e-24	0.539503723426499	0.753	0.542	5.39414145588151e-20	c25	TMEM123
1.72917179944129e-24	0.182870482082113	1	0.997	5.82627146103747e-20	c25	RPL24
1.78990426435584e-24	1.09547197571475	0.235	0.106	6.03090342832057e-20	c25	LY96
2.37097757104264e-24	1.01834180470707	0.236	0.107	7.98877182787107e-20	c25	MYC
3.24953044066634e-24	1.31292997177705	0.107	0.033	1.09489678667812e-19	c25	SVIL
3.66195487485961e-24	2.18991197417572	0.038	0.006	1.2338590755352e-19	c25	ADAM23
7.84028291516394e-24	1.71136070337907	0.095	0.028	2.64170492543534e-19	c25	ALPK1
3.03298550122589e-23	2.03369662025705	0.061	0.014	1.02193413478305e-18	c25	GAS6
4.90831605267301e-23	0.618719631738689	0.454	0.26	1.65380801078764e-18	c25	ABLIM1
5.5656949760377e-23	0.243533194547565	0.994	0.974	1.87530526522614e-18	c25	RPL31
8.27935802845945e-23	1.06586739883083	0.279	0.141	2.78964689410913e-18	c25	AP3M2
9.00776698602268e-23	0.227398548794554	0.998	0.996	3.03507700827048e-18	c25	MT-CYB
9.09253454906445e-23	0.744616292829957	0.333	0.173	3.06363859096178e-18	c25	SATB1
1.28050022100624e-22	3.60825532623302	0.015	0.001	4.31451744465844e-18	c25	PTRF
1.33679399068743e-22	1.95950747492742	0.051	0.01	4.50419367222223e-18	c25	PELI2
1.78894125798887e-22	0.761378031065271	0.426	0.248	6.02765867466771e-18	c25	TESPA1
1.92445897661092e-22	0.634211562321321	0.492	0.294	6.48427207579284e-18	c25	SORL1
1.95805605994837e-22	2.26378489264031	0.044	0.008	6.59747408839005e-18	c25	RAB20
3.17601336687135e-22	0.849099334065738	0.288	0.146	1.07012594383363e-17	c25	TIAM1
3.35611342480642e-22	0.506866935588996	0.813	0.659	1.13080885735427e-17	c25	NDFIP1
4.71820457014815e-22	0.916019196544562	0.219	0.098	1.58975184786572e-17	c25	ANK3
5.11897219261488e-22	0.427150821196462	0.811	0.633	1.72478649057966e-17	c25	SNHG8
6.68130706474089e-22	2.62573578945082	0.028	0.003	2.25119960239379e-17	c25	RAB25
1.9566576212716e-21	1.99985685815615	0.06	0.014	6.59276218911253e-17	c25	EDA
1.96424241510328e-21	2.23201991905837	0.04	0.007	6.618318393449e-17	c25	RBM11
2.65650269332027e-21	0.529664051619652	0.61	0.401	8.95082017487331e-17	c25	INPP4B
2.81246594108608e-21	1.43780620462551	0.097	0.03	9.47632274189543e-17	c25	CFP
3.10895706079271e-21	0.720210874523519	0.436	0.261	1.0475319920635e-16	c25	HSPH1
3.34610101869295e-21	0.279552830179246	0.974	0.871	1.1274352772384e-16	c25	PCBP2
3.82310697130206e-21	1.00803414729304	0.172	0.072	1.28815766291052e-16	c25	ADTRP
4.07444281494714e-21	1.75929024586242	0.063	0.015	1.37284276206829e-16	c25	RP11-44F14.2
5.3415430685298e-21	0.946954519685735	0.222	0.103	1.79977952151043e-16	c25	ITGA6
9.9166313789618e-21	1.42936262331632	0.1	0.032	3.34130977682739e-16	c25	RP11-37B2.1
1.96509926958651e-20	1.43606691218525	0.098	0.032	6.62120547894479e-16	c25	HRH2
2.02269354510009e-20	0.353242209782157	0.934	0.803	6.81526363086025e-16	c25	CD48
2.34368802390248e-20	2.9881804429586	0.02	0.002	7.89682242773701e-16	c25	ACSM1
2.7400819240396e-20	2.63746801331101	0.025	0.003	9.23243203485903e-16	c25	RP11-6F2.5
2.96728932482604e-20	0.470406199828998	0.626	0.411	9.99798465106887e-16	c25	TRAT1
3.63061715943004e-20	0.793073155760342	0.385	0.228	1.22330014569836e-15	c25	RHOB
6.67384330829104e-20	0.789536423930018	0.452	0.29	2.24868476429558e-15	c25	GPR171
7.10613156029121e-20	0.822379182853203	0.225	0.108	2.39433996792452e-15	c25	EPHX2
8.9058433471103e-20	1.09714399658966	0.161	0.067	3.00073485737534e-15	c25	AC013264.2
1.13387649275044e-19	2.90874107282623	0.02	0.002	3.82048345467335e-15	c25	RASSF6
1.70921655600985e-19	0.958952302195962	0.186	0.082	5.75903426381957e-15	c25	ZBTB10
4.00312067440779e-19	1.05986580728676	0.192	0.089	1.34881148003496e-14	c25	CYSLTR1
5.94128908109594e-19	1.34114285121922	0.113	0.041	2.00185794298447e-14	c25	IGFBP3
7.84637931073385e-19	1.83922021793593	0.048	0.01	2.64375904495866e-14	c25	AK5
8.45571631065251e-19	0.633425971350134	0.396	0.231	2.84906905371126e-14	c25	ATXN7
9.18906437693424e-19	1.85452405817091	0.052	0.012	3.09616335116422e-14	c25	SLC22A17
1.1232672842147e-18	0.22765961828808	0.991	0.942	3.784736787433e-14	c25	NPM1
1.51424482369118e-18	0.951952297939134	0.176	0.078	5.10209650894505e-14	c25	RCBTB2
1.85490721422577e-18	0.998911988626887	0.178	0.08	6.24992436761232e-14	c25	CHD7
2.11550205260458e-18	1.4456616179455	0.08	0.024	7.12797261604589e-14	c25	VIPR1
2.32289063227561e-18	0.786867942576539	0.261	0.134	7.82674769638945e-14	c25	TMEM63A
2.44088132310115e-18	0.415279864117096	0.67	0.472	8.22430553005701e-14	c25	TGFBR2
2.44279847294335e-18	0.38846709352495	0.836	0.676	8.23076517473533e-14	c25	EIF3L
2.64843563499591e-18	1.79842119833958	0.049	0.011	8.92363902855523e-14	c25	SAMD12
4.85725444847166e-18	0.676383376209673	0.357	0.206	1.63660331386804e-13	c25	RNF138
5.67799973787676e-18	0.582793390331872	0.377	0.221	1.91314523168019e-13	c25	FBXO32
7.52658316805879e-18	0.416487561060882	0.887	0.746	2.53600693264573e-13	c25	PPP1R2
7.88087487021329e-18	2.91745325078306	0.02	0.002	2.65538197876967e-13	c25	SDK2
7.89430597044573e-18	0.127367352468156	1	1	2.65990745368199e-13	c25	RPS19
8.43702199116005e-18	1.12188013318597	0.123	0.048	2.84277018970147e-13	c25	PCSK1N
9.36421243705978e-18	1.42485941303321	0.098	0.034	3.15517773854292e-13	c25	AC020571.3
1.00758817409983e-17	0.464646414523716	0.702	0.506	3.39496759381197e-13	c25	TMEM243
1.09987339076e-17	2.65510124476015	0.028	0.004	3.70591340282676e-13	c25	GREM2
1.11856084483369e-17	1.21841483800981	0.117	0.044	3.76887891058263e-13	c25	LDOC1
1.14687886615613e-17	0.471665731276704	0.609	0.416	3.86429365162647e-13	c25	FOXP1
1.2200723204621e-17	0.694160551662599	0.333	0.19	4.11091167656499e-13	c25	GIMAP5
1.33450291294758e-17	0.542469590658105	0.635	0.449	4.49647411488557e-13	c25	HSPD1
1.3384032155716e-17	1.89729812618364	0.057	0.015	4.50961579454695e-13	c25	RALGPS2
1.53694349757276e-17	0.392211189672188	0.773	0.578	5.17857742072165e-13	c25	DENND2D
4.55718443195207e-17	0.459311226578663	0.646	0.453	1.53549772250193e-12	c25	CAMK4
4.65202429924295e-17	0.514237077280583	0.563	0.373	1.56745306738692e-12	c25	DGKA
5.69763198710647e-17	0.524406033836178	0.595	0.412	1.91976012173565e-12	c25	C6orf48
6.99391991802329e-17	0.514207907229179	0.466	0.289	2.35653137717877e-12	c25	THEM4
7.86542652602103e-17	2.08247423353341	0.034	0.006	2.65017681367753e-12	c25	RP11-161M6.2
1.0307071219114e-16	2.10259442835222	0.098	0.036	3.47286457656827e-12	c25	CH25H
1.39940048046713e-16	1.71107801175423	0.043	0.01	4.71513997888593e-12	c25	RGMB
1.48687007874806e-16	0.4607832862403	0.494	0.315	5.00986004333373e-12	c25	PDE3B
1.78487052042888e-16	1.07303548633041	0.121	0.048	6.01394273153307e-12	c25	RP11-108M9.4
1.80727180777591e-16	0.648949723829885	0.296	0.163	6.08942162912016e-12	c25	APBB1
1.86869735756605e-16	0.357113948027597	0.923	0.855	6.29638887658304e-12	c25	JUNB
2.16075217415377e-16	0.121510006391513	1	1	7.2804383755937e-12	c25	RPS15A
2.43547603101513e-16	0.279166569173704	0.962	0.899	8.20609293890238e-12	c25	DUSP1
2.82803133771562e-16	2.67404261443552	0.025	0.004	9.528768789299e-12	c25	CTD-2015H6.3
3.31296280495701e-16	0.399465305448358	0.732	0.532	1.11626968750221e-11	c25	CCDC109B
3.84067281130961e-16	1.34552067288064	0.078	0.026	1.29407629704266e-11	c25	ATG9B
3.86180817701194e-16	0.912796451005379	0.189	0.092	1.3011976471624e-11	c25	UBASH3B
3.93036955917902e-16	0.448518300766372	0.518	0.339	1.32429871926978e-11	c25	NELL2
4.05213074666961e-16	0.331608358170067	0.917	0.773	1.36532493378286e-11	c25	LEPROTL1
4.15070237008412e-16	0.142787096743391	1	0.999	1.39853765657614e-11	c25	RPL23A
4.39246083268258e-16	1.21357605341142	0.09	0.032	1.47999575296407e-11	c25	VSIG1
4.68528971079587e-16	2.54203715060564	0.021	0.003	1.57866151515556e-11	c25	C3orf52
6.88532313791441e-16	1.75883767568595	0.04	0.009	2.31994077808888e-11	c25	HPCAL4
8.56795876470513e-16	1.19469831939136	0.123	0.051	2.88688802617975e-11	c25	GNAQ
9.41743202791376e-16	2.79681971467993	0.025	0.004	3.17310954748526e-11	c25	RP11-466A19.1
1.09336751077241e-15	0.182634685377119	1	0.99	3.68399249079657e-11	c25	MT-ATP8
1.24662117773101e-15	0.296739796881301	0.917	0.823	4.20036539624686e-11	c25	JUN
1.45174762354771e-15	0.78675827038747	0.161	0.073	4.89151844278164e-11	c25	NME4
1.53501505868397e-15	2.77395810166623	0.018	0.002	5.17207973872977e-11	c25	C14orf132
1.76613136551864e-15	0.490177476362831	0.469	0.302	5.9508030229785e-11	c25	NPC2
3.21664178201527e-15	0.529808371401596	0.514	0.344	1.08381528203222e-10	c25	SFXN1
3.22670165873179e-15	1.31463337704177	0.074	0.024	1.08720485689309e-10	c25	C6orf99
3.4191752080291e-15	2.04314800070135	0.037	0.008	1.15205689459332e-10	c25	ALS2CL
3.79447584182111e-15	0.626066047280891	0.278	0.154	1.27851069014321e-10	c25	PLEKHA1
3.90318121879286e-15	0.662587932352261	0.322	0.191	1.31513787986006e-10	c25	SH3BP5
4.37356507131966e-15	0.448441143126342	0.586	0.405	1.47362901513044e-10	c25	ADD3
4.63781262868925e-15	1.27745614740063	0.097	0.037	1.56266458711056e-10	c25	EEPD1
4.85805410715468e-15	0.164394618170954	1	0.996	1.6368727508647e-10	c25	MT-CO3
6.27846301787712e-15	0.58908092746802	0.471	0.317	2.11546532924352e-10	c25	TRADD
6.64791253097108e-15	0.860315344666765	0.184	0.091	2.2399476481854e-10	c25	SLC39A8
7.81589002833012e-15	1.80297006776438	0.04	0.009	2.63348598614555e-10	c25	HEMGN
7.89084429152228e-15	3.36851017221851	0.011	0.001	2.65874107558552e-10	c25	LINC01036
9.8988216635257e-15	0.430378915774287	0.546	0.369	3.33530897130835e-10	c25	FBL
1.0988340548421e-14	0.418563998120911	0.603	0.428	3.70241146438499e-10	c25	ATM
1.10624053524548e-14	0.567232131838183	0.288	0.163	3.72736685945614e-10	c25	MARCKSL1
1.24068902973718e-14	0.314591170490659	0.894	0.738	4.18037761679644e-10	c25	SEPT6
1.26001936537582e-14	0.498042460091801	0.196	0.097	4.24550924969727e-10	c25	MTRNR2L8
1.29884966324723e-14	0.956860157067303	0.144	0.065	4.37634405534521e-10	c25	FHL1
1.38206230902677e-14	2.42637389648889	0.023	0.004	4.65672074403481e-10	c25	CELA1
1.65061679581864e-14	0.497417287469151	0.521	0.358	5.56158823183132e-10	c25	SMAP2
1.90967110677588e-14	0.749420035115523	0.199	0.102	6.43444582717065e-10	c25	RP11-596C23.2
2.03864563421465e-14	0.151683189519183	1	0.991	6.86901259992284e-10	c25	EEF1D
2.3184013049294e-14	0.358929442360197	0.73	0.544	7.81162135682913e-10	c25	EIF2S3
2.80673655089183e-14	0.657112979265364	0.236	0.128	9.45701813457493e-10	c25	ABCC1
3.86379774558459e-14	0.614886272779351	0.325	0.195	1.30186801239727e-09	c25	LINC01550
4.48489744491299e-14	0.857315582745992	0.153	0.072	1.51114134508898e-09	c25	AIG1
6.18908892438801e-14	0.145007205035117	1	1	2.0853516221833e-09	c25	MALAT1
6.72964035222416e-14	0.625159101362959	0.259	0.145	2.26748502027841e-09	c25	CASP6
6.80350389261239e-14	0.961709791166299	0.13	0.059	2.29237260157682e-09	c25	CHRM3-AS2
7.57331837499525e-14	0.342165848076658	0.744	0.578	2.5517538932709e-09	c25	CD6
7.66841911787127e-14	2.08653522970288	0.035	0.008	2.58379713757554e-09	c25	FAM171A1
1.13772552838208e-13	0.890826178197975	0.14	0.065	3.83345239533059e-09	c25	FXYD1
1.26120832771719e-13	1.12559665926223	0.087	0.033	4.24951533941029e-09	c25	FAM117B
1.4963278056689e-13	0.428667665348801	0.486	0.322	5.0417269084208e-09	c25	ST3GAL1
1.99933864968099e-13	0.733747502482192	0.126	0.056	6.73657164623511e-09	c25	AIF1
2.07202255745186e-13	0.502020883367208	0.284	0.165	6.9814728050783e-09	c25	CD55
2.74027756316251e-13	0.243964412427035	0.744	0.545	9.23309122131976e-09	c25	FCMR
4.19661530130712e-13	2.01239121018199	0.032	0.007	1.41400755962242e-08	c25	MMRN1
6.9466171248381e-13	0.371579917957954	0.719	0.545	2.34059317404295e-08	c25	TNFAIP8
8.69717212580372e-13	0.851961991710328	0.127	0.058	2.9304251760683e-08	c25	ARHGAP5
1.00088187570927e-12	0.727974474773037	0.207	0.114	3.3723713920148e-08	c25	LRRC8D
1.07042933312845e-12	2.38876594891533	0.021	0.004	3.60670459504302e-08	c25	SEPT10
1.17123355945925e-12	0.33102577934498	0.784	0.613	3.94635435524201e-08	c25	IKZF1
1.17974996245435e-12	1.48954309902457	0.066	0.023	3.97504952349369e-08	c25	CERS6
1.99336240703673e-12	2.47329025665904	0.021	0.004	6.71643529426956e-08	c25	PLEK2
2.14285027168271e-12	0.667473048739879	0.235	0.134	7.22011970540773e-08	c25	KLF9
2.47482641028424e-12	0.731539212313422	0.179	0.095	8.33868010681173e-08	c25	SMCO4
2.73756746604913e-12	1.63688951996266	0.049	0.015	9.22395982010593e-08	c25	RP11-330A16.1
3.26255963016314e-12	1.61500447744991	0.048	0.014	1.09928684178717e-07	c25	RP11-161M6.3
3.91579297925288e-12	0.495796219827083	0.367	0.231	1.31938728642947e-07	c25	TMEM106B
5.16596299664636e-12	2.15799550794807	0.025	0.005	1.74061957209003e-07	c25	SULT1B1
5.75539595141799e-12	1.46932947158983	0.052	0.016	1.93922311187078e-07	c25	PFN2
7.7465219130803e-12	0.272526974028561	0.854	0.698	2.61011309339328e-07	c25	EIF4B
8.47047934990031e-12	0.254167689562055	0.887	0.763	2.85404331215541e-07	c25	RPL36A
8.97960873300704e-12	0.299726147137397	0.443	0.291	3.02558936649939e-07	c25	CD4
1.08101027950128e-11	3.33680632272783	0.011	0.001	3.64235603575163e-07	c25	DTX1
1.20547152797718e-11	0.802125259451653	0.164	0.086	4.06171576636632e-07	c25	SFMBT1
1.30017600905478e-11	1.51573109219898	0.038	0.01	4.38081304490919e-07	c25	ACVR1C
1.33400306680732e-11	0.140253469401154	0.998	0.993	4.49478993330057e-07	c25	MT-ND3
1.40902008798583e-11	1.43328672458278	0.052	0.017	4.74755228445947e-07	c25	TLR1
1.49370008477482e-11	1.85532765496657	0.035	0.009	5.03287306564028e-07	c25	RASL11A
1.52526158633703e-11	0.672806941845918	0.179	0.096	5.13921638900398e-07	c25	CEP68
1.53621179972716e-11	1.32951549746221	0.09	0.039	5.17611203800069e-07	c25	IL2
1.73813171300824e-11	0.494497970700634	0.271	0.162	5.85646099380995e-07	c25	FAM159A
1.78195948013674e-11	0.169009548125845	0.997	0.96	6.00413427237273e-07	c25	MT-ND4
1.82794750213134e-11	0.770211132343178	0.147	0.074	6.15908631368134e-07	c25	SLC8B1
2.45348886857989e-11	1.91431129234939	0.026	0.006	8.26678539379308e-07	c25	C11orf74
2.45589642967615e-11	0.339253045919839	0.598	0.428	8.27489743015083e-07	c25	C1QBP
2.53362033420396e-11	0.15591707629648	0.992	0.956	8.53678035406683e-07	c25	COX4I1
2.83061811839533e-11	0.691711962853183	0.161	0.084	9.53748468812121e-07	c25	BACH2
3.33644002539962e-11	0.460350052726064	0.302	0.187	1.12418010215815e-06	c25	MAML2
3.73226327741276e-11	1.49504866242655	0.032	0.008	1.25754878869146e-06	c25	FAM153A
3.95743410894217e-11	1.1751064458167	0.061	0.022	1.33341784866697e-06	c25	TEC
3.99428096187349e-11	0.695573710086597	0.245	0.148	1.34583302729365e-06	c25	ARRDC2
4.0319061072306e-11	0.465665489248794	0.321	0.203	1.35851044377028e-06	c25	CRTC3
4.1706279398558e-11	1.46496345120817	0.046	0.014	1.40525137805501e-06	c25	FAM153B
4.18996946979644e-11	0.988665383809856	0.049	0.016	1.41176831315321e-06	c25	LGMN
4.25103850256813e-11	0.103487056969506	1	1	1.4323449130553e-06	c25	RPL7A
4.52756922376425e-11	0.377242578285989	0.526	0.368	1.52551917425513e-06	c25	EPB41
6.13668165974527e-11	1.81916724273756	0.031	0.007	2.06769351843457e-06	c25	RP11-475O6.1
6.32135182854895e-11	2.09886636471496	0.02	0.004	2.12991628511128e-06	c25	CNN3
6.38912055976178e-11	1.60468207004422	0.029	0.007	2.15275028140613e-06	c25	C2orf40
6.80054755724498e-11	1.15278189865843	0.075	0.03	2.29137649393812e-06	c25	LYPD3
7.04079995894183e-11	0.387774063218968	0.494	0.342	2.37232713816586e-06	c25	SYPL1
7.79086949887859e-11	0.525805284344127	0.288	0.18	2.62505556895215e-06	c25	FBXO34
1.03675381278773e-10	0.565258420609211	0.275	0.17	3.49323829680698e-06	c25	CFAP36
1.10731841664312e-10	1.37024918882432	0.048	0.015	3.73099867303731e-06	c25	DENND5A
1.21476659448741e-10	1.94355844175897	0.028	0.006	4.09303456346588e-06	c25	NUDT12
1.32512830954048e-10	1.08851724205031	0.097	0.044	4.4648873261657e-06	c25	CLUAP1
1.4110212837141e-10	2.36676752034803	0.02	0.004	4.7542951133463e-06	c25	KLHL34
1.45608419997852e-10	0.494043325517863	0.4	0.279	4.90613010340764e-06	c25	RELB
1.50177051888014e-10	0.857812405864292	0.112	0.053	5.06006558631473e-06	c25	MXI1
1.88817378539994e-10	2.74014583263481	0.017	0.003	6.36201275252655e-06	c25	WBP5
2.2277823817481e-10	0.490803693288639	0.264	0.161	7.50628995706203e-06	c25	CAMK1D
2.23557746786944e-10	0.414077370996489	0.344	0.22	7.53255472023929e-06	c25	KCNA3
2.26187675252778e-10	0.292502259447009	0.73	0.583	7.62116752996711e-06	c25	SMCHD1
2.42596742910208e-10	0.261304172651004	0.135	0.068	8.17405465561654e-06	c25	RP11-290D2.6
2.74791909855441e-10	1.36951674851128	0.041	0.013	9.25883861066924e-06	c25	FAM213A
2.74960898558455e-10	1.06555433524498	0.075	0.031	9.26453251602859e-06	c25	RP11-342D11.3
2.89380425168998e-10	0.383009520551787	0.598	0.446	9.75038404564422e-06	c25	JAK3
2.99604434311961e-10	1.74795565381536	0.038	0.011	1.00948718097072e-05	c25	MTUS1
3.02118278577615e-10	0.811592299099653	0.129	0.065	1.01795732783942e-05	c25	NAF1
3.51502153381192e-10	0.44313186326381	0.354	0.235	1.18435135560259e-05	c25	CDC14A
3.70208152890839e-10	0.408600908101239	0.477	0.343	1.24737935035039e-05	c25	HIF1A
3.79645238026616e-10	0.202891856920656	0.936	0.865	1.27917666500688e-05	c25	RPL23
3.93941568403103e-10	0.468450196158233	0.304	0.193	1.32734672057741e-05	c25	WDR74
4.08021088885087e-10	2.01230431005929	0.023	0.005	1.37478625688941e-05	c25	AC006994.2
4.31875485636479e-10	0.463803970164846	0.264	0.163	1.45516126130355e-05	c25	BCL2A1
4.39511591186616e-10	0.921462927308292	0.183	0.106	1.48089035534418e-05	c25	SGK1
4.63253829206728e-10	0.21947030007486	0.6	0.453	1.56088745212915e-05	c25	IFITM3
4.65705193059293e-10	2.90995655519318	0.012	0.002	1.56914707749398e-05	c25	RAI2
6.08801193393872e-10	0.435938082319108	0.363	0.241	2.05129474102131e-05	c25	IPCEF1
6.18992256745414e-10	0.525090890127832	0.284	0.181	2.085632509878e-05	c25	KIAA0922
6.23607470479273e-10	0.503175333733462	0.255	0.156	2.10118301103286e-05	c25	BEX4
6.7141988548151e-10	1.53063375188601	0.034	0.009	2.2622821621414e-05	c25	SYDE2
7.0533730103641e-10	0.165893343656216	0.986	0.943	2.37656350211208e-05	c25	ITM2B
7.13927832326307e-10	0.260475838614651	0.842	0.683	2.40550843824026e-05	c25	ABRACL
7.13957291356402e-10	0.199977824191711	0.939	0.84	2.40560769749626e-05	c25	GSTK1
7.27283250847319e-10	1.4254799745101	0.035	0.01	2.45050818540496e-05	c25	DBNDD1
7.42809842694369e-10	0.785759081096725	0.1	0.046	2.50282348397441e-05	c25	PDE8A
7.65858809002915e-10	0.584267076657166	0.172	0.095	2.58048467105442e-05	c25	GIMAP8
8.17550309618471e-10	0.401216313792125	0.425	0.295	2.75465401322847e-05	c25	MTERF4
8.53217084562706e-10	0.53608738163656	0.259	0.162	2.87482964472558e-05	c25	SGTB
9.5302523583221e-10	2.04399358952793	0.018	0.003	3.21112322961305e-05	c25	GAL3ST4
9.59489341713884e-10	0.909251592105282	0.078	0.033	3.23290338797076e-05	c25	METAP1D
1.15254215748078e-09	0.387785448236078	0.425	0.296	3.88337554541574e-05	c25	EIF2A
1.1737016575289e-09	1.35275104257371	0.048	0.016	3.95467036487788e-05	c25	KRT18
1.80426877245645e-09	2.23483609657	0.015	0.003	6.07930320191476e-05	c25	PPP4R4
1.84933206967803e-09	0.58763558227193	0.189	0.109	6.23113947557315e-05	c25	HIVEP2
1.929715889958e-09	1.8586417758635	0.021	0.005	6.50198471962449e-05	c25	GPR15
2.03555279150249e-09	0.786820150741795	0.121	0.062	6.85859157568851e-05	c25	OSER1-AS1
2.18835798853685e-09	0.369917526516214	0.403	0.277	7.37345340657607e-05	c25	RCAN3
3.00814546458014e-09	0.363934792977318	0.483	0.346	0.000101356453283563	c25	AKIRIN1
3.12166170189438e-09	0.283149047876639	0.617	0.467	0.000105181269383629	c25	CD5
3.8217007741567e-09	0.583362364414203	0.135	0.071	0.000128768385884436	c25	KIAA0355
4.05587919296111e-09	0.204248379144313	0.902	0.794	0.000136658793527632	c25	RAN
4.16522025285458e-09	0.636869289844045	0.132	0.07	0.000140342931199682	c25	EPHB6
4.19818052342209e-09	1.81704371987137	0.034	0.01	0.000141453494556184	c25	LINC00309
4.33978474157482e-09	1.45860275414067	0.035	0.011	0.000146224707082622	c25	KLHL3
4.47972470451162e-09	1.88676477407951	0.018	0.004	0.000150939844193815	c25	SPATA6
4.57883734749479e-09	0.377764670930796	0.291	0.187	0.000154279345586489	c25	CA5B
5.00880235835588e-09	0.50214788185844	0.311	0.212	0.000168766586662443	c25	NABP1
5.0975287471748e-09	2.47048647048777	0.012	0.002	0.000171756133607308	c25	CEBPE
5.9331574684781e-09	0.612174450700656	0.17	0.099	0.000199911807742901	c25	TRIB2
6.16250873535674e-09	0.273912725192477	0.62	0.464	0.00020763956932911	c25	AAK1
6.20066864401701e-09	0.151754526031242	0.979	0.933	0.000208925329291509	c25	CD37
7.32220373863886e-09	0.477463867082759	0.337	0.233	0.000246714332769698	c25	IMPDH2
8.57547192287492e-09	0.568329195996153	0.227	0.143	0.000288941950969348	c25	NFATC1
9.17489895715293e-09	0.210967724325485	0.894	0.732	0.000309139045462311	c25	ANP32B
9.46008788664711e-09	0.157492312591929	0.979	0.936	0.000318748201252688	c25	CCNI
9.46568364924684e-09	0.298590020963232	0.393	0.266	0.000318936744877723	c25	UQCRHL
9.54140427398084e-09	1.71885456109677	0.032	0.01	0.00032148807560751	c25	WNT7A
1.02927436730941e-08	0.287773877072635	0.692	0.557	0.000346803705321232	c25	STAT1
1.08397879462488e-08	0.107595460167643	0.998	0.986	0.000365235815060908	c25	MT-ND1
1.26284944639046e-08	0.698763508469544	0.133	0.073	0.000425504492466802	c25	HSBP1L1
1.2958701135087e-08	0.321453719926601	0.618	0.477	0.000436630476045623	c25	CCNH
1.41860274971949e-08	0.903129513550422	0.061	0.025	0.000477984010490486	c25	TMEM238
1.4247357676664e-08	0.296497468627919	0.748	0.595	0.000480050469557516	c25	NDUFB9
1.53581558670245e-08	0.842212302345053	0.245	0.159	0.000517477703783522	c25	ANKRD37
1.58640816865621e-08	0.726108705532889	0.107	0.054	0.000534524368347023	c25	RNF130
1.60911395872322e-08	2.08508877986468	0.017	0.003	0.000542174857252201	c25	PLEKHH2
1.64234693455815e-08	0.150093404290535	0.979	0.931	0.000553372376130024	c25	HINT1
1.66897333996969e-08	0.825365393104585	0.097	0.047	0.000562343877169387	c25	CTBP1-AS2
1.6804133076259e-08	0.411389375590935	0.365	0.252	0.000566198459871472	c25	USP3
1.68564087356748e-08	0.975377805590345	0.074	0.033	0.000567959835939826	c25	GSTM2
1.69388651520671e-08	0.360238307792507	0.317	0.21	0.000570738122433749	c25	STMN3
1.77463214237454e-08	0.503320222093165	0.213	0.132	0.000597944554051676	c25	KLHL36
1.88757592632729e-08	1.40589542447944	0.032	0.01	0.000635999832616717	c25	RP11-11N9.4
1.93454461829366e-08	2.78817978383933	0.011	0.002	0.000651825463687865	c25	ZNF711
2.0313068680867e-08	0.639705192450415	0.124	0.066	0.000684428536133133	c25	NT5C3B
2.05553374951548e-08	0.47854567487624	0.29	0.194	0.000692591541561747	c25	SLC7A6
2.13002562982978e-08	0.914872695394414	0.066	0.028	0.000717690835714846	c25	RP11-589C21.5
2.16940349201928e-08	0.612268978822793	0.143	0.079	0.000730958812600977	c25	PLA2G12A
2.1844466450252e-08	0.696232002474412	0.135	0.075	0.000736027452574792	c25	EFCAB2
2.23686462228879e-08	0.249380736934304	0.422	0.291	0.000753689165833984	c25	MGAT4A
2.32129037685176e-08	0.227933756384929	0.578	0.429	0.000782135579576432	c25	LINC00861
2.38305260079872e-08	0.550623122200904	0.179	0.107	0.000802945743313121	c25	MANBA
2.65359426663448e-08	0.286823467923434	0.709	0.558	0.00089410205219982	c25	PRDX2
2.7308625800071e-08	0.383903954837262	0.327	0.222	0.000920136837707591	c25	MAPKAPK5-AS1
2.81481038148377e-08	1.50143097421507	0.029	0.008	0.000948422209937141	c25	NACA2
2.84681451088296e-08	1.43936800603123	0.031	0.009	0.000959205681296905	c25	TRPC1
3.26250933036917e-08	0.252773969874725	0.653	0.501	0.00109926989377459	c25	DUT
4.00707438638841e-08	2.51047099252234	0.014	0.002	0.00135014364374971	c25	ST6GALNAC1
4.05797648576063e-08	0.945810732312592	0.075	0.034	0.00136729459711219	c25	TNFRSF10D
4.44688799460166e-08	0.321800877208435	0.583	0.429	0.00149833444090108	c25	HAX1
4.53241907764939e-08	0.436762954018487	0.325	0.223	0.00152715328402319	c25	FLOT1
4.63784090185462e-08	2.15073523722384	0.015	0.003	0.00156267411347089	c25	CACNA1I
4.83965943343801e-08	0.499166560725963	0.222	0.141	0.0016306748495026	c25	ENOSF1
4.85129459965213e-08	0.250903996668032	0.54	0.405	0.00163459520240679	c25	ARID5B
5.12768575906788e-08	1.2919301029693	0.034	0.011	0.00172772243966033	c25	F2RL1
5.7528533098915e-08	0.503490992974928	0.167	0.099	0.00193836639423484	c25	PER1
5.94907367419537e-08	0.880461336953692	0.071	0.032	0.00200448088378339	c25	EIF4EBP3
6.16307955822596e-08	0.602569319497632	0.144	0.082	0.00207658802634865	c25	ATP8B2
6.324357570474e-08	2.3021086746526	0.017	0.004	0.00213092903979551	c25	CBLN3
6.44924805491587e-08	0.538828743783815	0.209	0.131	0.00217300963962335	c25	FAM134B
6.76141038837089e-08	0.334854379860687	0.304	0.203	0.00227818961625769	c25	PXN
6.85317131001941e-08	1.18238389343633	0.054	0.022	0.00230910754119794	c25	GPRASP1
7.00198208593473e-08	0.538991342898206	0.196	0.121	0.00235924784403485	c25	NDUFV2-AS1
7.19671039431572e-08	2.74809697682492	0.011	0.002	0.00242485960026074	c25	CCSER1
7.35523471587901e-08	0.372486235798087	0.311	0.207	0.00247827278516827	c25	RGL4
7.81904554701372e-08	0.664255110270282	0.118	0.063	0.0026345492066108	c25	IL18BP
8.70602557033625e-08	1.29056698238875	0.032	0.01	0.0029334082556691	c25	PWAR6
8.77895733739369e-08	1.54099993849101	0.029	0.009	0.00295798188526143	c25	RP11-395A13.2
9.0701650217905e-08	0.359289353025285	0.321	0.22	0.00305610140244209	c25	SUCLG2
9.10050402305709e-08	1.36648298385346	0.034	0.011	0.00306632382552885	c25	SPATA6L
9.14168314847853e-08	0.369935485139133	0.33	0.226	0.00308019872004836	c25	MED30
9.37496680322087e-08	0.372788115220142	0.245	0.158	0.00315880131467724	c25	SLC16A7
9.46863857988009e-08	1.00183879792368	0.046	0.017	0.0031903630831048	c25	SDR42E2
9.48344228687436e-08	1.24594809165479	0.037	0.013	0.00319535104413945	c25	RP11-348F1.3
9.68814463742723e-08	1.18157020762928	0.051	0.02	0.00326432345413473	c25	KRTCAP3
1.13304625134137e-07	0.797074290909006	0.061	0.026	0.00381768603926962	c25	RASGRF2
1.21668824167698e-07	0.646107741981498	0.123	0.068	0.00409950936150642	c25	RP11-138A9.2
1.21910430933817e-07	0.823284757715469	0.058	0.025	0.00410765005988402	c25	NR3C2
1.38017930666524e-07	0.420985980861112	0.294	0.202	0.00465037615587786	c25	MSL3
1.49768504589649e-07	0.423449383059678	0.342	0.242	0.00504629999364363	c25	MRPS33
1.51726242861785e-07	0.437817827092956	0.258	0.172	0.00511226402698498	c25	PPA2
1.70103243671804e-07	0.544363198863408	0.13	0.073	0.00573145869227775	c25	DBNDD2
1.82366895561873e-07	1.31594686192805	0.041	0.015	0.00614467017906175	c25	MICU3
1.8529606565856e-07	0.513284872243621	0.169	0.102	0.00624336563629952	c25	CDR2
1.95183282336758e-07	0.253263857318064	0.698	0.544	0.00657650551505474	c25	NAP1L1
1.9610679075092e-07	1.69000950878081	0.017	0.004	0.00660762220756149	c25	ALOX5
2.17439402604865e-07	0.434501461622252	0.181	0.111	0.00732640323136832	c25	SC5D
2.19970238863899e-07	0.568291089492196	0.173	0.107	0.00741167722828023	c25	PDCD4-AS1
2.39437556467807e-07	0.470448305400399	0.163	0.098	0.00806760902762628	c25	RP3-492J12.2
2.54030145111972e-07	0.257479848459506	0.388	0.272	0.00855929170940279	c25	AC245100.1
2.67622669485874e-07	0.527549280260469	0.172	0.105	0.00901727822565703	c25	TECPR1
2.81334320588025e-07	0.264645217503213	0.474	0.344	0.00947927859789292	c25	LSM5
2.81844052485757e-07	0.477025321884741	0.212	0.137	0.00949645350445509	c25	AFF1
3.07020381205984e-07	0.590429143337622	0.118	0.065	0.0103447447243544	c25	RP11-284N8.3
3.10243539092059e-07	1.66651976212266	0.021	0.006	0.0104533458061678	c25	FAM201A
3.16999539549577e-07	1.37580177825803	0.031	0.01	0.0106809824855834	c25	PNMA5
3.42177548886675e-07	2.16562362213613	0.011	0.002	0.0115293303321876	c25	RHOBTB3
3.54158189406714e-07	2.44068130197771	0.012	0.002	0.0119330060338698	c25	PTPRO
3.55821760792003e-07	0.986636582563054	0.063	0.029	0.0119890584081257	c25	FAM65A
3.67177086024845e-07	0.618434957050261	0.127	0.073	0.0123716647365211	c25	NFRKB
3.84144761827469e-07	1.75030556634967	0.02	0.005	0.0129433736050147	c25	WWC2
3.89257743586143e-07	0.886298307003107	0.063	0.028	0.0131156504123915	c25	MORC2
3.90955535778075e-07	0.413685069202843	0.262	0.176	0.0131728558225065	c25	MAN2A1
3.93716351467283e-07	1.64244673284587	0.025	0.007	0.0132658787463386	c25	USP44
4.26899891885666e-07	1.56392587953552	0.028	0.009	0.0143839649571956	c25	PLB1
4.2720509682899e-07	0.947257425200004	0.054	0.023	0.014394248532556	c25	GPA33
4.65823083841371e-07	2.13945163005022	0.014	0.003	0.0156954429869512	c25	ARHGEF10
4.75180667847356e-07	0.306003194592312	0.304	0.207	0.0160107374224488	c25	TNFRSF10A
4.79811357241203e-07	0.43915413670548	0.198	0.125	0.0161667638708851	c25	TMEM116
4.83038709562417e-07	2.32473508701903	0.011	0.002	0.0162755062799961	c25	PRG4
4.94803173434992e-07	0.664723077451042	0.112	0.062	0.0166718981257186	c25	ISYNA1
5.02815868611993e-07	0.473605049794871	0.247	0.167	0.0169418778770125	c25	MAP4K2
5.22640014355137e-07	0.343301051295158	0.388	0.282	0.017609832643682	c25	THOC3
5.34745240681177e-07	0.565183309955628	0.155	0.094	0.0180177061395116	c25	FAM175A
5.65605792294942e-07	0.627310863760825	0.117	0.066	0.0190575215655858	c25	RECK
6.03956589146693e-07	0.977849504118172	0.049	0.02	0.0203497133147087	c25	SLC35G1
6.49902987443046e-07	0.24649824501417	0.503	0.381	0.021897831258906	c25	GIMAP2
7.24837206861105e-07	0.335250211367875	0.222	0.144	0.0244226648479781	c25	SPON2
7.26549615796107e-07	1.55089923714058	0.021	0.006	0.024480362754634	c25	BCL7A
7.44588462378516e-07	0.137918895689645	0.994	0.952	0.0250881636513817	c25	HSPA8
8.19479111220825e-07	1.76218103823275	0.02	0.005	0.0276115291734745	c25	RP11-350G8.5
9.21713406114253e-07	0.492824278234028	0.156	0.095	0.0310562115056136	c25	TP53BP2
9.30505756002845e-07	0.318148072358891	0.288	0.197	0.0313524609427599	c25	ERAP2
9.6721181437695e-07	0.309928797962887	0.149	0.088	0.032589234873617	c25	DPP4
1.02296608212682e-06	0.319183229777168	0.457	0.353	0.0344678191711811	c25	TTC3
1.02635770496964e-06	0.636905242380225	0.103	0.056	0.034582096511247	c25	PARP3
1.03106697935658e-06	1.27324253807738	0.037	0.014	0.0347407708024405	c25	MID2
1.03168261697008e-06	0.212360782951401	0.63	0.491	0.03476151409619	c25	FLT3LG
1.03680208079283e-06	0.182675708140516	0.865	0.724	0.0349340093102334	c25	GIMAP4
1.04387901349214e-06	0.120449558800996	0.675	0.513	0.0351724594806041	c25	TC2N
1.04675379131946e-06	1.17844088739147	0.043	0.017	0.035269322244718	c25	ADAMTS10
1.05252278928305e-06	0.103944128017234	0.994	0.976	0.035463702862103	c25	HNRNPA1
1.05424545179463e-06	0.20514031471237	0.801	0.665	0.0355217462527683	c25	UXT
1.08099933016152e-06	0.777783722260492	0.074	0.036	0.0364231914304621	c25	IER3
1.08362367471274e-06	0.336876317747134	0.261	0.174	0.0365116160957709	c25	RP11-51J9.5
1.16330100187978e-06	0.720628525409472	0.104	0.058	0.0391962639573373	c25	LIMS2
1.18515677470562e-06	0.545156539832426	0.15	0.091	0.0399326723669313	c25	CPQ
1.21095393083978e-06	0.540644546984306	0.17	0.108	0.0408018817457155	c25	MOCS2
1.28557839962286e-06	0.271722751785366	0.4	0.291	0.0433162785968926	c25	MYLIP
1.30436012679967e-06	0.306877781981346	0.301	0.209	0.0439491101123879	c25	ADI1
1.32352807563643e-06	1.41764302561075	0.029	0.01	0.0445949549804939	c25	GPR146
1.42778061527022e-06	0.508239951366284	0.117	0.066	0.0481076400509148	c25	LRIG1
