p_val	avg_log2FC	pct.1	pct.2	p_val_adj	cluster	gene
0	1.89331658576043	0.984	0.423	0	c2	NKG7
0	1.30812263381855	0.895	0.358	0	c2	CCL4
0	1.52722347914639	0.914	0.395	0	c2	CD8A
0	1.69432785531809	0.798	0.328	0	c2	ITM2C
0	1.36510766926389	0.976	0.508	0	c2	GZMA
0	2.41924651216746	0.552	0.129	0	c2	GZMH
1.80488816377674e-307	1.18721680648391	0.989	0.607	6.08139017902934e-303	c2	CST7
1.59057574839649e-284	1.25087489125883	0.933	0.504	5.35928592664713e-280	c2	CTSW
2.42743383464857e-271	1.11855197261286	0.966	0.495	8.1789955624649e-267	c2	GZMK
3.7582321974991e-270	1.77654050016474	0.562	0.172	1.26629875662535e-265	c2	ZNF683
1.86736242665709e-267	1.00947533853869	0.998	0.631	6.29189096037841e-263	c2	CCL5
3.68687217810437e-237	1.22437587678904	0.826	0.363	1.24225471169049e-232	c2	CD8B
8.71306786839646e-237	1.33036871327017	0.861	0.488	2.9357810875775e-232	c2	APOBEC3G
1.462694071881e-223	1.5287327405836	0.56	0.188	4.92840140579584e-219	c2	EOMES
1.10744792857142e-197	1.1789964528877	0.863	0.542	3.73143505052853e-193	c2	CLEC2B
3.54665115629977e-187	2.06262224289637	0.324	0.083	1.19500864060364e-182	c2	FCRL6
4.99914056819759e-185	0.833884602665485	0.997	0.936	1.6844104230485e-180	c2	VIM
6.53792106174584e-179	0.90557047889025	0.885	0.497	2.20288712254464e-174	c2	HLA-DRB1
1.23773660565509e-178	0.7791595814378	0.991	0.908	4.17042971909427e-174	c2	S100A6
2.70972986213389e-178	1.49916307702089	0.662	0.316	9.13016379747394e-174	c2	LGALS1
5.85369657231115e-166	0.907008118990706	0.916	0.592	1.97234452307452e-161	c2	HLA-DPB1
2.06079484930283e-165	1.32562918769186	0.538	0.21	6.94364216524095e-161	c2	AOAH
1.29693404158653e-163	1.30922869804079	0.672	0.348	4.36988955972164e-159	c2	GLIPR2
3.00677359172772e-162	1.49347932371294	0.596	0.285	1.01310229399674e-157	c2	GYG1
9.40286870882198e-161	1.52373132044654	0.435	0.149	3.16820258275048e-156	c2	RP11-291B21.2
2.28981088834761e-153	1.71711399337286	0.379	0.124	7.71528880719843e-149	c2	KLRD1
9.79910995823406e-153	0.663408110567169	0.988	0.9	3.30171210932739e-148	c2	HCST
1.13623954216193e-149	0.995669591809124	0.38	0.121	3.82844551336041e-145	c2	GZMB
8.46071848340286e-149	1.36905528793933	0.538	0.231	2.85075448579776e-144	c2	MATK
1.67355502374997e-143	0.843264617793757	0.905	0.596	5.63887629702315e-139	c2	HLA-DPA1
3.04828347305893e-142	1.07790390847885	0.768	0.437	1.02708863341248e-137	c2	ANXA2
1.78778448761861e-141	1.22952833309388	0.497	0.199	6.02376105258214e-137	c2	HOPX
1.96116042988558e-140	1.76150471432787	0.447	0.179	6.60793395245646e-136	c2	PPP1R14B
4.39099434602771e-139	0.314924205078363	1	1	1.47950163495058e-134	c2	TMSB4X
4.68897657765028e-131	0.782195744464048	0.973	0.83	1.57990376807348e-126	c2	S100A10
7.42273928162817e-130	1.64400031477173	0.352	0.12	2.50101777355179e-125	c2	XCL2
4.77920387635485e-129	0.633436970725102	0.984	0.878	1.610304954099e-124	c2	CD99
2.64099276309184e-128	0.837523483374354	0.917	0.609	8.89856101596165e-124	c2	ANXA1
4.10775935342439e-127	0.923773772366358	0.882	0.687	1.38406843654282e-122	c2	PLP2
2.17267616070223e-126	0.448916452764776	1	0.989	7.3206150558701e-122	c2	SH3BGRL3
8.18926670916244e-125	1.08063504670267	0.5	0.213	2.75929152498519e-120	c2	HLA-DQA1
3.17274687722056e-122	1.20297378058792	0.621	0.321	1.0690253328107e-117	c2	PRF1
8.8740961005666e-121	0.350229425392713	1	0.999	2.99003794012491e-116	c2	HLA-B
1.86469667363358e-120	0.899508364707178	0.56	0.255	6.28290897214097e-116	c2	LAG3
2.48776692889222e-120	0.582195371735499	0.981	0.869	8.38228189020943e-116	c2	CLIC1
3.35153163880208e-120	1.47837260839078	0.349	0.122	1.12926507037797e-115	c2	PLEK
1.98832129818437e-115	1.10694962799219	0.428	0.17	6.69944978210243e-111	c2	CCL4L2
7.17161609855405e-114	0.566998584759435	0.988	0.949	2.4164043282468e-109	c2	CD74
9.91350456474398e-113	1.54178835607759	0.311	0.105	3.34025622804484e-108	c2	SLAMF7
1.06240726271718e-111	1.08407823289712	0.552	0.275	3.57967503099927e-107	c2	OASL
5.74014822929355e-110	0.794323421817398	0.835	0.577	1.93408554437817e-105	c2	GZMM
1.23584816467745e-109	0.895168062033758	0.799	0.526	4.16406680606421e-105	c2	CXCR3
5.12556185751411e-109	2.0527568826511	0.211	0.057	1.72700681227081e-104	c2	CLU
5.62725875049343e-109	0.676314551427585	0.946	0.788	1.89604856339126e-104	c2	LCP1
5.4412738329293e-107	2.74896318875233	0.109	0.018	1.8333828052672e-102	c2	RCAN2
2.23861136055021e-104	1.13525159056418	0.5	0.24	7.54277711823786e-100	c2	KLRG1
4.76866693467419e-102	0.865192769490392	0.875	0.687	1.60675463696912e-97	c2	DUSP2
3.28574932884641e-100	0.472746859173122	0.995	0.974	1.10710037886151e-95	c2	CD52
5.62813279646141e-100	1.26473769355876	0.45	0.209	1.89634306443971e-95	c2	GLUL
8.51090525749584e-99	1.59211823535519	0.297	0.107	2.86766441746065e-94	c2	FASLG
1.40221823967155e-98	1.31305080964974	0.44	0.205	4.72463413674934e-94	c2	ABI3
5.94636852851142e-98	1.31829639247528	0.409	0.182	2.00356941199664e-93	c2	CPNE7
3.16742973345233e-96	0.485794445533624	0.985	0.913	1.06723377438943e-91	c2	MYL12B
4.65297591192771e-96	0.867662537793126	0.744	0.49	1.56777370376492e-91	c2	GSTP1
9.94686242082084e-96	0.997799554144035	0.545	0.277	3.35149582407137e-91	c2	SAMD3
1.82745160270167e-95	0.854204435017053	0.572	0.295	6.15741543014301e-91	c2	HLA-DRB5
2.16331388878904e-93	1.82764320843347	0.211	0.064	7.28906981688579e-89	c2	TRAV12-2
7.81006053221813e-91	0.577311010394819	0.936	0.864	2.63152179572558e-86	c2	COTL1
1.1301940133438e-89	0.524703911266129	0.956	0.862	3.80807570856058e-85	c2	RARRES3
6.60151368957951e-89	0.765064733508562	0.566	0.293	2.22431402256692e-84	c2	HLA-DRA
5.89774100508569e-88	0.314219023742925	0.998	0.973	1.98718485425357e-83	c2	IL32
1.15853666414669e-86	2.11243974811643	0.148	0.036	3.90357343617586e-82	c2	IL9R
5.9579008485795e-86	0.966170357793167	0.603	0.347	2.00745511192038e-81	c2	C12orf75
1.54477042183224e-84	0.713365074982364	0.883	0.714	5.20494945932154e-80	c2	LDHA
2.95248776017419e-82	1.15574278233738	0.394	0.18	9.94811225913093e-78	c2	F2R
4.9416094924556e-82	0.926019021014834	0.395	0.173	1.66502590238799e-77	c2	CRTAM
9.41127587556248e-82	1.49947105290607	0.286	0.112	3.17103529351202e-77	c2	EPHA1
7.93303081601526e-81	0.289418870561953	1	0.996	2.67295540314818e-76	c2	HLA-C
3.64226712769237e-80	1.16606227599395	0.453	0.238	1.22722548600467e-75	c2	TBCD
2.89852280647792e-79	0.471220188925009	0.98	0.918	9.76628274414671e-75	c2	CYBA
3.48690472992036e-79	0.768112158869288	0.913	0.766	1.17487767969937e-74	c2	PTPRCAP
5.27127930973328e-79	1.04066168982653	0.712	0.524	1.77610485062153e-74	c2	RGCC
7.95127831293578e-79	1.99758426262187	0.119	0.026	2.67910371476058e-74	c2	PDLIM1
9.15706465912912e-78	1.801764893927	0.16	0.044	3.08538136624697e-73	c2	CD244
3.34049534928052e-76	0.812465158101023	0.702	0.493	1.12554650298658e-71	c2	ARPC5L
8.14166349042811e-75	0.897737307847746	0.596	0.364	2.74325209646485e-70	c2	APOBEC3C
3.73927651261391e-73	1.67884727371243	0.191	0.062	1.25991182816013e-68	c2	SMARCD3
2.70404296292513e-71	1.32200368363267	0.326	0.148	9.11100235927994e-67	c2	EIF4EBP1
4.15589548723841e-71	0.860285113837897	0.612	0.387	1.40028742547011e-66	c2	STOM
1.52539297991393e-68	0.638637233689746	0.819	0.635	5.13965910652198e-64	c2	ZYX
4.37105620604738e-68	0.430318848280986	0.975	0.914	1.47278367806561e-63	c2	PSME1
4.19387004674632e-67	0.498711312990365	0.977	0.92	1.41308257355071e-62	c2	CXCR4
8.45008657606208e-67	0.564824739977144	0.909	0.783	2.84717217093836e-62	c2	PSMA7
1.91762245237399e-66	1.12663171434638	0.376	0.186	6.46123709102892e-62	c2	PLA2G16
3.87700126636008e-66	1.35189500886146	0.22	0.081	1.30631680668736e-61	c2	PTGDR
5.14603739853786e-66	0.721840968894719	0.72	0.516	1.73390584106335e-61	c2	REEP5
5.1668688988962e-66	0.308461175971403	0.997	0.979	1.74092480679409e-61	c2	CFL1
3.66457976501059e-65	0.613786560308139	0.944	0.825	1.23474350602267e-60	c2	ZFP36
4.78906235071178e-65	1.44756595969289	0.246	0.099	1.61362666844883e-60	c2	ITGA1
2.95511487772353e-63	1.85842278498608	0.168	0.056	9.95696406900165e-59	c2	TRBV6-5
3.51415749610391e-63	1.56419203245231	0.189	0.066	1.18406022673725e-58	c2	KLRK1
4.08470221510127e-63	0.580960692894191	0.904	0.766	1.37629956435622e-58	c2	EMP3
1.95049334833981e-62	2.13376922496596	0.105	0.026	6.57199228789617e-58	c2	NXPH4
1.15172369749132e-61	0.775499871691581	0.632	0.423	3.88061782632725e-57	c2	ADGRE5
3.13164044011497e-61	1.07552385613165	0.375	0.192	1.05517492989234e-56	c2	SLF1
4.18281336779019e-61	0.430422793721183	0.954	0.861	1.40935713614323e-56	c2	PSMB9
1.82842166308559e-59	0.81607988720762	0.816	0.657	6.16068395160059e-55	c2	CRIP1
7.7828181860899e-59	1.88916317528281	0.129	0.037	2.62234275962113e-54	c2	TRGV4
1.86468992989525e-58	0.67835410374518	0.792	0.613	6.28288624978904e-54	c2	AHNAK
3.4907694442256e-58	0.34009929453314	0.988	0.952	1.17617985653737e-53	c2	CORO1A
7.14040982449253e-56	0.932569087522394	0.366	0.188	2.40588968626451e-51	c2	PTMS
1.2755081089872e-55	0.350444196412064	0.986	0.956	4.29769702242146e-51	c2	PPDPF
1.82648036843095e-55	0.350298022974992	0.992	0.965	6.15414295339124e-51	c2	MYL12A
7.28048095606995e-54	1.49990278270633	0.159	0.055	2.45308525333821e-49	c2	ADRB2
1.26440627180831e-53	2.0793820536685	0.079	0.017	4.26029049223093e-49	c2	FGR
2.41994563731741e-53	1.11114992380008	0.276	0.126	8.15376483037729e-49	c2	PPP2R2B
3.68290070725047e-53	1.63660033780439	0.145	0.048	1.24091656430097e-48	c2	YBX3
5.71658010494716e-53	0.566521288087028	0.71	0.509	1.92614450056089e-48	c2	CTSC
2.51634085568102e-52	0.430100494538735	0.954	0.87	8.47855887913164e-48	c2	IFITM2
5.64193064788892e-52	0.489088826666696	0.782	0.608	1.90099211249969e-47	c2	ALOX5AP
6.97800807645602e-52	2.82374464909659	0.045	0.006	2.35117004128109e-47	c2	LILRB1
1.00932591011968e-51	0.632501842379549	0.739	0.556	3.40082272155726e-47	c2	SELPLG
1.27407464330964e-51	0.470727989163846	0.875	0.761	4.29286710316749e-47	c2	GUK1
1.30873759518842e-51	1.10991608952575	0.309	0.154	4.40966045322786e-47	c2	MIAT
2.9970501696624e-51	0.826982914459054	0.569	0.389	1.00982608416605e-46	c2	HMGA1
5.36821773103311e-51	1.77422333562035	0.108	0.03	1.8087672822943e-46	c2	TRGV8
6.89524591791011e-51	1.08672178579876	0.289	0.14	2.32328415958063e-46	c2	JAKMIP1
2.12758096320293e-50	0.666539976556947	0.587	0.376	7.16867129741594e-46	c2	LINC00152
2.22160627604615e-50	0.608292386627456	0.755	0.595	7.48548018650991e-46	c2	RABAC1
4.61781400406937e-50	0.953411249624621	0.266	0.12	1.55592625053113e-45	c2	IGLV2-14
1.24219455601309e-49	0.910803794078161	0.428	0.254	4.18545033703052e-45	c2	TPST2
2.45804967748083e-49	0.248235591306525	1	0.996	8.28215258330392e-45	c2	HLA-A
1.99700375979268e-48	1.03052607518204	0.308	0.157	6.72870446824546e-44	c2	GABARAPL1
4.58567598445293e-48	1.05173329001614	0.314	0.162	1.54509766620157e-43	c2	ZFYVE28
7.23550340246816e-48	0.616761474271232	0.753	0.599	2.43793051642762e-43	c2	TUBA4A
2.98771479731921e-46	0.643385323672921	0.496	0.303	1.00668062380873e-41	c2	CHST12
1.20201638364042e-45	1.57753771056903	0.125	0.041	4.05007400303804e-41	c2	KLRC3
1.96427174571767e-45	0.714013934933342	0.517	0.341	6.61841722002113e-41	c2	ACTN4
3.71558983932367e-45	0.291373925958722	0.987	0.955	1.25193084046172e-40	c2	RAC2
9.98561890215003e-45	0.579001384501223	0.723	0.569	3.36455443289043e-40	c2	SLC9A3R1
3.48960300891569e-44	0.197655603045018	1	1	1.17578683782405e-39	c2	ACTB
3.98352534269459e-44	1.07487348455039	0.223	0.099	1.34220902896751e-39	c2	RP11-222K16.2
4.25461672089756e-44	0.593562709524222	0.607	0.425	1.43355055793922e-39	c2	IDH2
4.46815923495168e-44	1.25301825863242	0.258	0.128	1.50550157262462e-39	c2	APOBEC3H
8.7918744959315e-44	1.4838129485037	0.156	0.06	2.96233419265916e-39	c2	TP53I11
8.9937533928573e-44	0.807353688964706	0.428	0.26	3.03035526818934e-39	c2	SLA2
9.91168224472066e-44	1.85474384140697	0.101	0.031	3.33964221553618e-39	c2	TRBV11-2
1.36969440961978e-43	0.984349061626765	0.267	0.131	4.61504834377287e-39	c2	ZEB2
1.62490102715139e-43	0.697331988574091	0.651	0.479	5.47494152088388e-39	c2	IRF1
1.7492264569476e-43	1.47730821055521	0.152	0.057	5.89384362403924e-39	c2	MSC
3.05988194773542e-43	0.347428339725041	0.979	0.874	1.03099662346997e-38	c2	S100A4
1.69998231714006e-41	0.990018427800637	0.393	0.236	5.72792041937172e-37	c2	MYADM
1.8422355244096e-41	1.0675037786427	0.24	0.116	6.20722837594569e-37	c2	RP11-47L3.1
1.34182960041589e-40	0.788943858508596	0.503	0.337	4.5211606556413e-36	c2	CTD-3252C9.4
1.69332518044753e-40	0.119852519226529	1	1	5.7054898629999e-36	c2	B2M
2.45497367362127e-40	1.22660625113206	0.146	0.055	8.27178829589951e-36	c2	C1orf21
4.21501519237515e-40	1.34030138738123	0.165	0.068	1.42020721891888e-35	c2	TRGC2
6.66209472226838e-40	0.549996551045713	0.691	0.533	2.24472619572111e-35	c2	MBP
7.00925053500138e-40	0.466209170643172	0.763	0.598	2.36169687526337e-35	c2	PPP1R18
7.66002407608376e-40	0.583745423453916	0.491	0.311	2.58096851219566e-35	c2	HLA-DQB1
8.85354674753721e-40	0.20525147656888	0.99	0.966	2.98311404111519e-35	c2	IFITM1
2.15685732544079e-39	0.764964310307995	0.469	0.31	7.2673150723402e-35	c2	GRAP2
3.41682815907309e-39	0.796148994377552	0.414	0.257	1.15126607991809e-34	c2	MYO1F
4.16936671976895e-39	0.345444660171118	0.956	0.857	1.40482642255895e-34	c2	CD69
4.51935023932491e-39	0.879178745549256	0.395	0.249	1.52274986963813e-34	c2	TMEM43
6.65743784354457e-39	2.76405626313209	0.036	0.006	2.24315710700391e-34	c2	CES1
1.18938414447082e-38	1.21251159822674	0.186	0.082	4.00751093637999e-34	c2	HLA-DMB
1.85473465675892e-38	0.474117428095534	0.522	0.334	6.24934295248352e-34	c2	DUSP4
2.20053858610582e-38	0.392797517731509	0.913	0.838	7.41449471202495e-34	c2	CD44
3.67056860149971e-38	0.904574360074436	0.362	0.218	1.23676138458931e-33	c2	MAPK1
3.98364500896571e-38	0.427475971744716	0.809	0.662	1.34224934932091e-33	c2	SHISA5
2.5799790914297e-37	0.831841912040435	0.375	0.23	8.69298155066325e-33	c2	SKIL
4.39495756507462e-37	0.98374767885174	0.374	0.237	1.48083700197624e-32	c2	SRM
4.60591230371887e-37	0.54076004659227	0.516	0.337	1.55191609161504e-32	c2	LYAR
7.26131197146172e-37	0.380157244207541	0.998	0.987	2.44662645566431e-32	c2	H3F3B
1.04463083477679e-36	0.884815592927095	0.17	0.073	3.51977913469691e-32	c2	CEBPD
2.03135384896383e-36	0.432001521469359	0.806	0.679	6.84444365869873e-32	c2	C9orf142
3.68322472099988e-36	0.667810203257357	0.482	0.325	1.2410257374937e-31	c2	APMAP
3.81858265727852e-36	0.296051411413059	0.98	0.939	1.28663324054343e-31	c2	CALM1
7.25997196948473e-36	1.4334531588198	0.146	0.06	2.44617495539818e-31	c2	TNIP3
7.99726987191712e-36	0.422208287275741	0.84	0.721	2.69460011064375e-31	c2	GIMAP4
9.25702046168478e-36	1.18308242600827	0.182	0.082	3.11906047436007e-31	c2	GAB3
1.07017596810169e-35	2.11038337827745	0.056	0.013	3.60585090692182e-31	c2	PDGFD
1.99692619080693e-35	1.24399744039883	0.202	0.098	6.72844310730488e-31	c2	TRGV3
2.26503854567355e-35	0.575745474782322	0.635	0.492	7.63182087579246e-31	c2	FLNA
2.55109060122795e-35	0.564268982651075	0.636	0.478	8.59564467177746e-31	c2	IER2
3.33257786093053e-35	0.51021258180139	0.488	0.323	1.12287878446193e-30	c2	CD63
3.50991516186515e-35	0.514619034573225	0.675	0.509	1.18263081463885e-30	c2	TC2N
3.84825997212234e-35	2.28856354913221	0.052	0.012	1.2966327150069e-30	c2	IL5RA
4.55746385738832e-35	0.419780160920535	0.822	0.693	1.53559187210842e-30	c2	CAP1
5.0800410738737e-35	0.92711623579876	0.207	0.098	1.71166903943101e-30	c2	PECAM1
6.54866265148423e-35	1.07536395998967	0.258	0.138	2.2065063937911e-30	c2	IFNG
9.26821417087154e-35	0.484325078577378	0.737	0.594	3.12283208273346e-30	c2	LITAF
1.29061395341162e-34	0.592866087421855	0.601	0.457	4.34859465462512e-30	c2	PSTPIP1
1.29873628204807e-34	0.575790858412399	0.63	0.49	4.37596202873277e-30	c2	GNG2
1.68097132161336e-34	0.267910078628316	0.953	0.877	5.66386477104406e-30	c2	LSP1
1.70148285724422e-34	0.991362912594751	0.227	0.115	5.73297633919868e-30	c2	CCR5
3.00665713240783e-34	0.339954215250563	0.902	0.801	1.01306305419349e-29	c2	STK17A
1.76190210247761e-33	0.436659018491822	0.774	0.622	5.93655294408807e-29	c2	ARHGDIA
2.37684339212669e-33	0.372824163901814	0.868	0.747	8.00853612543168e-29	c2	PSME2
5.09691375363196e-33	0.90206022352165	0.295	0.17	1.71735412014875e-28	c2	TBX21
8.88408072124228e-33	0.514186981578015	0.575	0.411	2.99340215821537e-28	c2	CKLF
1.41491108073907e-32	1.23190422713337	0.143	0.06	4.76740139544221e-28	c2	MVB12B
2.79243067502806e-32	1.46226952309083	0.103	0.037	9.40881591643955e-28	c2	RP11-357H14.17
4.01286857104748e-32	0.415055535880069	0.811	0.702	1.35209593632874e-27	c2	PGK1
8.15238230993654e-32	2.97063987252647	0.035	0.006	2.74686369551002e-27	c2	PRSS23
8.33052797021996e-32	1.31246472527107	0.115	0.044	2.80688809428591e-27	c2	RP11-23P13.6
2.56988631736643e-31	0.50856230239765	0.617	0.459	8.65897495773444e-27	c2	NFATC2
4.77386803572567e-31	2.13900246445313	0.048	0.011	1.60850709595741e-26	c2	PAQR6
8.62517520570448e-31	0.612836671665775	0.5	0.357	2.90616653381007e-26	c2	LIME1
1.10190747868145e-30	2.88720422048463	0.031	0.005	3.71276705866928e-26	c2	CX3CR1
1.52339482548757e-30	0.741764871812759	0.35	0.218	5.13292652499782e-26	c2	ADAM8
2.40940067752292e-30	0.489377218363215	0.464	0.306	8.11823464284572e-26	c2	LGALS3
2.52761930460458e-30	0.956121980966115	0.233	0.125	8.51656048493466e-26	c2	TNFSF14
4.68563935648875e-30	1.74752026838582	0.074	0.023	1.57877932477532e-25	c2	N4BP3
6.17813056276586e-30	0.9769048366505	0.181	0.087	2.08165931181833e-25	c2	TPRG1
8.94821408292691e-30	0.335555429954864	0.746	0.592	3.01501125310139e-25	c2	CTSD
1.06029698599893e-29	0.331662335890097	0.902	0.814	3.5725646646248e-25	c2	CALM2
1.07357383304888e-29	0.178933513982328	0.994	0.965	3.61729967307489e-25	c2	MYL6
1.9382241224115e-29	0.446178466219971	0.737	0.614	6.5306523580533e-25	c2	ANXA6
2.08430874885603e-29	1.19699279819565	0.154	0.07	7.02286989839551e-25	c2	CD300A
3.88190025242341e-29	1.34723622381801	0.088	0.03	1.30796747105154e-24	c2	PLCG2
4.70559341706112e-29	1.02394651768001	0.194	0.098	1.58550264594458e-24	c2	ITGA5
6.15450162029704e-29	0.600223873663052	0.516	0.378	2.07369777594289e-24	c2	XBP1
9.36157212963657e-29	0.625023216629907	0.447	0.308	3.15428811335975e-24	c2	CDC42EP3
1.11832794087145e-28	2.82760807652873	0.045	0.01	3.76809416397225e-24	c2	FGFBP2
1.44085155800155e-28	0.422464456949199	0.815	0.705	4.85480523953044e-24	c2	CALR
1.63412951576478e-28	0.621764681914701	0.364	0.23	5.50603599041786e-24	c2	HLA-DMA
1.77574821094745e-28	1.10700068482802	0.138	0.06	5.98320602196635e-24	c2	MS4A1
1.82041238650318e-28	0.629538088188184	0.461	0.324	6.13369749508381e-24	c2	HSPB11
2.44646186988237e-28	0.603383077909297	0.409	0.27	8.24310862438164e-24	c2	RUNX3
3.3922916030482e-28	0.399772296815919	0.596	0.436	1.14299873273106e-23	c2	ID2
3.81665575150264e-28	0.376057349397114	0.793	0.673	1.2859839889113e-23	c2	PSMB10
6.92763964039356e-28	1.45856371778376	0.112	0.046	2.33419890043421e-23	c2	TRGV9
7.73156455200538e-28	0.408730727906547	0.738	0.6	2.60507336015269e-23	c2	EZR
1.22692203738325e-27	0.760540996536029	0.35	0.228	4.13399111275911e-23	c2	TUBB4B
1.27767305904462e-27	1.24998213172426	0.131	0.057	4.30499160514493e-23	c2	TNFSF9
3.35695358606431e-27	0.465976909522156	0.643	0.51	1.13109194128851e-22	c2	RHOF
4.37095717501706e-27	0.368898954844697	0.789	0.666	1.47275031055025e-22	c2	PPP1CA
9.48612695635201e-27	0.552196503732841	0.52	0.385	3.19625561667325e-22	c2	FERMT3
9.83167231199432e-27	0.298314898309696	0.908	0.838	3.31268366880337e-22	c2	PPIB
1.76461841594535e-26	0.653434140472847	0.411	0.282	5.94570529068625e-22	c2	MYO1G
2.01861071670637e-26	0.917838802431753	0.235	0.134	6.80150694887044e-22	c2	CISH
2.22144047909208e-26	2.03534161264863	0.043	0.01	7.48492155025287e-22	c2	GAS7
2.44640726706572e-26	0.375092009642972	0.748	0.641	8.24292464565123e-22	c2	TBC1D10C
3.1524778324028e-26	0.279213769085672	0.968	0.906	1.0621958808498e-21	c2	KLF6
3.86706290373363e-26	0.15762448745989	1	0.999	1.30296817478401e-21	c2	RPL23A
4.05970112740686e-26	0.205640534530927	0.989	0.974	1.36787569786847e-21	c2	PPIA
4.17051442067091e-26	0.380771502265369	0.803	0.703	1.40521312890086e-21	c2	ITGB2
4.36434073027128e-26	0.806960968398002	0.177	0.089	1.47052096565761e-21	c2	XCL1
5.12192093268824e-26	0.389105547723763	0.785	0.667	1.72578003905997e-21	c2	SEPT7
5.25741300216019e-26	0.556873534203556	0.289	0.17	1.77143273694785e-21	c2	AC092580.4
6.5846573781051e-26	0.969282773979776	0.179	0.091	2.21863445697873e-21	c2	PRR5L
8.66269819259325e-26	0.453229691981562	0.596	0.453	2.91880952901237e-21	c2	SASH3
1.65660701980325e-25	0.206282170148604	0.998	0.991	5.58177169252508e-21	c2	ACTG1
1.69077815584299e-25	0.37733860266818	0.273	0.156	5.69690791829735e-21	c2	CLIC3
1.82458893314694e-25	1.48977606182498	0.077	0.027	6.14776995134529e-21	c2	PIK3AP1
1.95647932723787e-25	0.424006387085598	0.665	0.539	6.59216144519528e-21	c2	IDS
4.48794262257277e-25	0.17118022720098	0.816	0.665	1.51216738724967e-20	c2	MT2A
5.12216431546967e-25	1.1243802843747	0.149	0.072	1.72586204445435e-20	c2	EPHA1-AS1
6.28060844589289e-25	0.879054664700033	0.246	0.145	2.11618820975915e-20	c2	STARD3NL
8.55665207094984e-25	0.961149679499857	0.146	0.069	2.88307834878584e-20	c2	USP28
1.34460084280967e-24	1.00758986898398	0.188	0.1	4.53049807976289e-20	c2	LPCAT1
1.37263038960897e-24	0.62740696745114	0.441	0.318	4.62494083474845e-20	c2	SPN
1.55387268325043e-24	0.654677733366375	0.325	0.207	5.23561861894401e-20	c2	TNFRSF1A
1.74678362364305e-24	0.662775727223844	0.358	0.238	5.8856127415029e-20	c2	CYTH4
2.48935128366297e-24	0.351956606996404	0.833	0.746	8.38762021517401e-20	c2	TRMT112
2.77087468806212e-24	0.576810159223317	0.443	0.322	9.33618517395651e-20	c2	RNF166
3.28897098963167e-24	0.439776800734067	0.663	0.544	1.1081858852465e-19	c2	BTN3A2
4.52304090879987e-24	2.47779362928079	0.036	0.008	1.52399340381103e-19	c2	FCGR3A
5.1378509062818e-24	0.644631175177146	0.407	0.291	1.73114748436259e-19	c2	MAGED2
5.24949147310477e-24	0.414665000561275	0.709	0.594	1.76876365694792e-19	c2	TMEM50A
5.75890145873995e-24	0.363906619488817	0.995	0.991	1.94040425750784e-19	c2	AC090498.1
5.80443856811905e-24	0.377648173048023	0.771	0.661	1.95574753114203e-19	c2	CSTB
7.27617733307209e-24	0.772838546532863	0.29	0.183	2.45163519060531e-19	c2	JMJD6
7.6549151806915e-24	1.79850908878563	0.062	0.02	2.57924712098219e-19	c2	TYROBP
8.43274628585805e-24	0.805205775135464	0.158	0.079	2.84132953355701e-19	c2	GNLY
1.16271333659335e-23	0.38823798229725	0.627	0.488	3.91764631631762e-19	c2	TXN
1.84251830650437e-23	0.477094528974858	0.541	0.42	6.20818118193582e-19	c2	MGST3
2.05509130997302e-23	2.68395824452925	0.025	0.004	6.92442465982308e-19	c2	KIR2DL3
2.14911515061777e-23	0.693496995107415	0.338	0.227	7.2412285884915e-19	c2	PLEKHF1
2.33059299549589e-23	0.220828578625788	0.968	0.893	7.85270003902384e-19	c2	ARPC2
4.14015760244612e-23	0.712249362194264	0.346	0.234	1.3949847025682e-18	c2	RAB29
5.1205682322426e-23	0.44463804798539	0.577	0.456	1.72532426017182e-18	c2	MRPL41
5.36666334411128e-23	0.506181777043218	0.507	0.387	1.80824354716485e-18	c2	HERPUD2
7.62643560327509e-23	0.12911864160853	1	1	2.56965121216751e-18	c2	TMSB10
7.71391436493069e-23	0.653022526780965	0.332	0.22	2.59912630611975e-18	c2	MT1F
1.01796898483483e-22	0.674233033158794	0.312	0.203	3.42994469750246e-18	c2	SLC7A5
1.07881746972307e-22	0.556821729887078	0.499	0.38	3.63496758248492e-18	c2	PIM1
1.84690733292157e-22	0.260594171578294	0.905	0.79	6.22296956754594e-18	c2	S100A11
1.91022202012493e-22	1.4896899652839	0.086	0.034	6.43630207460894e-18	c2	RGS9
2.5989578177477e-22	0.17827809183888	1	0.985	8.75692847111908e-18	c2	ATP5E
5.62779160684295e-22	0.260311922873243	0.98	0.929	1.89622810400966e-17	c2	UBC
5.90454326076223e-22	1.21042308404615	0.146	0.075	1.98947680628123e-17	c2	TRAV19
9.73835800961894e-22	1.89490419758834	0.05	0.015	3.28124234776101e-17	c2	CD160
1.01906873719986e-21	0.332697026286444	0.826	0.737	3.4336502031212e-17	c2	MYH9
1.06576189920211e-21	0.555055147992111	0.336	0.22	3.59097814317161e-17	c2	FLOT1
1.15691586932144e-21	0.457346408690594	0.514	0.389	3.89811233009167e-17	c2	C5orf56
1.31681078955055e-21	0.578873390338859	0.445	0.331	4.43686227431164e-17	c2	FKBP2
1.6727656148638e-21	1.51645839034	0.064	0.022	5.63621646272209e-17	c2	GALNT3
1.75460284299037e-21	0.315851429650384	0.706	0.584	5.91195881917175e-17	c2	UBE2L6
2.41506382465343e-21	0.297524667413805	0.602	0.493	8.13731605078725e-17	c2	TUBA1B
3.07026692052243e-21	4.11347142471228	0.011	0.001	1.03449573620083e-16	c2	RP11-462L8.1
3.53439496183031e-21	0.340406328328903	0.579	0.434	1.19087903843911e-16	c2	IL2RB
4.93079282564188e-21	0.694997028140366	0.38	0.274	1.66138133467178e-16	c2	PTK2B
5.10937636825881e-21	1.0480373910622	0.187	0.108	1.72155327352112e-16	c2	ARL2
8.58502142365789e-21	0.213763218252877	0.956	0.895	2.89263711848729e-16	c2	ARPC3
9.62247019440831e-21	0.548635329226474	0.418	0.304	3.24219510730394e-16	c2	SYNE1
1.1992290927485e-20	0.66383025925745	0.367	0.257	4.04068250510678e-16	c2	MLLT3
1.26425481649102e-20	0.465540276628843	0.545	0.428	4.25978017868485e-16	c2	DOK2
1.48396071906792e-20	0.70196075240305	0.257	0.161	5.00005724682745e-16	c2	TRPV2
1.60824872417989e-20	0.783121655585164	0.242	0.15	5.41883325125171e-16	c2	ZNF276
2.25868057311096e-20	0.576317867522315	0.31	0.203	7.61039832304008e-16	c2	IFNGR1
2.97073202760533e-20	1.4905998057867	0.051	0.016	1.00095844938134e-15	c2	S1PR5
3.88479577272687e-20	0.231366728085317	0.938	0.883	1.30894308766259e-15	c2	YWHAZ
3.99124802662092e-20	0.460524134734097	0.541	0.419	1.34481111008965e-15	c2	CAPN2
5.05668267910197e-20	1.11643058052695	0.097	0.042	1.70379866189662e-15	c2	SMAGP
6.08646902750139e-20	0.897627713050822	0.165	0.09	2.05077487412632e-15	c2	MCOLN2
6.47298633847927e-20	0.395882845616768	0.671	0.569	2.1810080168872e-15	c2	PPP2R5C
7.2322497944457e-20	0.437239867956385	0.539	0.425	2.43683424574054e-15	c2	ARRB2
7.50237478601471e-20	0.159052056170365	0.119	0.056	2.5278501603998e-15	c2	TRAV12-1
9.47506613364191e-20	1.64922682173999	0.055	0.019	3.19252878306931e-15	c2	ADGRG5
1.00433717371466e-19	1.22246310799408	0.082	0.034	3.38401367311418e-15	c2	TTC16
1.05661573959098e-19	0.796131146736447	0.24	0.151	3.56016107297783e-15	c2	CARD19
1.17261564464117e-19	0.596313567957575	0.428	0.319	3.95101115305397e-15	c2	ATP2B4
1.37561610839509e-19	0.271134794600226	0.782	0.69	4.63500091562642e-15	c2	RNF213
1.58419642863859e-19	1.37220670391862	0.087	0.037	5.33779144665485e-15	c2	HIST2H2AA4
1.59612613403424e-19	0.706330371084877	0.215	0.127	5.37798739601497e-15	c2	PILRB
1.86016914759119e-19	0.592760205285476	0.397	0.289	6.26765392589376e-15	c2	THEMIS
1.89277001254223e-19	0.452591999487185	0.443	0.334	6.37749928025977e-15	c2	CMC1
1.93922956397726e-19	0.524819023212989	0.404	0.293	6.53404009286498e-15	c2	PDLIM2
2.17342120815643e-19	0.370592567977619	0.553	0.426	7.32312541876226e-15	c2	ANXA5
2.26009591133975e-19	0.646879491516511	0.305	0.205	7.61516716366816e-15	c2	SERTAD1
2.26107152000766e-19	0.61750509141876	0.311	0.207	7.6184543795138e-15	c2	UBL3
2.42149028962732e-19	0.276908699135496	0.852	0.75	8.15896938187028e-15	c2	CNN2
2.58863799989644e-19	0.510311858050885	0.428	0.317	8.72215687685108e-15	c2	MGAT1
3.11557792819024e-19	0.311473826609829	0.775	0.686	1.04976282712442e-14	c2	CD53
3.54894997169838e-19	0.884951855958902	0.185	0.107	1.19578320346405e-14	c2	LMNA
4.20880291305857e-19	0.343822255357215	0.741	0.623	1.41811405352595e-14	c2	GNB2
4.97919559370097e-19	1.58374728554754	0.047	0.015	1.67769016334161e-14	c2	RP11-81H14.2
6.86584731454996e-19	0.370919977641555	0.601	0.481	2.31337859416446e-14	c2	IQGAP1
7.03558020529429e-19	0.972200758385651	0.125	0.063	2.37056839437186e-14	c2	MCTP2
8.10442135651497e-19	3.31105747766033	0.011	0.001	2.73070373186415e-14	c2	TRAJ34
8.11033802626587e-19	0.533862155809439	0.409	0.303	2.73269729457002e-14	c2	PYCARD
8.59691273651073e-19	0.109608214255577	1	0.996	2.89664377743993e-14	c2	PFN1
9.99527428336364e-19	1.94282764330297	0.045	0.014	3.36780771703654e-14	c2	SYNGR1
1.40120548885505e-18	0.639402593915628	0.349	0.25	4.7212217741482e-14	c2	RASSF1
1.41416571107374e-18	0.825203594490243	0.193	0.114	4.76488994689186e-14	c2	NBEAL2
1.49317697091159e-18	0.556741731025755	0.382	0.279	5.03111048578951e-14	c2	CD58
2.4794045296328e-18	0.378982072206574	0.574	0.461	8.35410562214474e-14	c2	TUBA1A
3.15448914497649e-18	0.427268188874467	0.562	0.451	1.06287357250838e-13	c2	HSPA5
3.38935005589202e-18	0.346447572720446	0.618	0.501	1.14200760783226e-13	c2	MAP1LC3B
4.0288565452486e-18	0.411084974786271	0.526	0.408	1.35748292435606e-13	c2	CDK2AP2
4.93137091560254e-18	0.285429723873992	0.809	0.728	1.66157611630312e-13	c2	USMG5
5.18392235465045e-18	2.09477892633545	0.036	0.01	1.74667079817592e-13	c2	STYK1
7.31006114829418e-18	0.369528755961096	0.7	0.597	2.46305200330624e-13	c2	SLC2A3
7.75470514668894e-18	0.357157664868979	0.579	0.466	2.61287035212537e-13	c2	PTP4A2
8.9676300682017e-18	0.801435981245103	0.222	0.141	3.02155327517988e-13	c2	ADA
9.30391327920802e-18	0.648419404942755	0.319	0.226	3.13486054029635e-13	c2	PNP
9.82101692647077e-18	0.411559190377772	0.517	0.405	3.30909344320506e-13	c2	HERPUD1
1.01949960136186e-17	0.333960441353567	0.736	0.641	3.43510195682867e-13	c2	CD96
1.2332049283673e-17	0.326669632349678	0.685	0.581	4.15516068564076e-13	c2	NDUFB10
1.2744364760934e-17	0.659092772187466	0.222	0.138	4.2940862625491e-13	c2	PERP
1.72687624757446e-17	0.9276506214648	0.215	0.135	5.81853682857737e-13	c2	TNF
1.90272367056068e-17	0.467892590646376	0.451	0.344	6.41103713558717e-13	c2	TMEM109
2.11945876278607e-17	0.708279750347541	0.273	0.184	7.14130435533137e-13	c2	BTN3A3
2.29323313309632e-17	0.620124989065543	0.338	0.245	7.72681971865475e-13	c2	GNAI3
2.32132034096981e-17	0.76899464240977	0.194	0.116	7.82145675686367e-13	c2	AC006369.2
2.46388438580859e-17	0.332839086539355	0.724	0.629	8.30181204954346e-13	c2	SUN2
2.6438397203428e-17	0.410844753919286	0.565	0.464	8.90815355372304e-13	c2	RAB1B
2.97851540086113e-17	0.275949354673765	0.689	0.585	1.00358097916615e-12	c2	TUBB
3.21971596112316e-17	0.883510467338465	0.154	0.086	1.08485109594084e-12	c2	PIK3CG
4.44062864562328e-17	0.949825046159333	0.137	0.074	1.49622541585631e-12	c2	RHBDF2
5.72816711889706e-17	0.552305018293129	0.3	0.207	1.93004862904117e-12	c2	CAPG
6.48615879581252e-17	1.02084339900852	0.084	0.038	2.18544634466107e-12	c2	AUTS2
8.91904605057086e-17	1.05962382698226	0.098	0.047	3.00518337627935e-12	c2	TUBB2A
9.74978991295306e-17	0.470926499422611	0.466	0.363	3.2850942132704e-12	c2	PDE4B
9.82885619758556e-17	1.55775429557136	0.04	0.012	3.31173480721448e-12	c2	FAM49A
1.48101475646279e-16	0.273222314725845	0.782	0.7	4.99013112042572e-12	c2	WIPF1
1.62908447515426e-16	0.475578171158598	0.383	0.277	5.48903723058477e-12	c2	PITPNC1
1.73311443106284e-16	0.813451246318246	0.185	0.113	5.83955576402313e-12	c2	APOBEC3D
1.78119387999493e-16	0.576125355216469	0.311	0.219	6.00155465925493e-12	c2	NAA50
2.24445800961038e-16	0.374049314250468	0.573	0.463	7.56247681758121e-12	c2	PARP8
3.16290225226125e-16	1.55709152555507	0.04	0.012	1.06570828487691e-11	c2	GRAMD1C
3.16741753335419e-16	0.799130283838668	0.173	0.102	1.06722966368836e-11	c2	EPHA4
4.02417438447713e-16	0.551510485188558	0.352	0.259	1.35590531710573e-11	c2	MATR3.1
4.10138284290533e-16	0.508769079442251	0.346	0.252	1.38191993508852e-11	c2	TSEN54
4.29588187923146e-16	0.45939436373647	0.42	0.319	1.44745444038825e-11	c2	LY9
5.12213425801348e-16	0.716764960517375	0.199	0.123	1.72585191689506e-11	c2	KIF21A
6.40762446024975e-16	0.424372727229315	0.445	0.343	2.15898498563655e-11	c2	STK10
8.5938340799197e-16	0.1525351265957	0.954	0.89	2.89560645488815e-11	c2	CD2
8.83579425000733e-16	0.468336009292058	0.366	0.27	2.97713251459747e-11	c2	PTPN22
1.00624641051492e-15	0.200185743575735	0.907	0.851	3.39044665558899e-11	c2	UBB
1.06845136649461e-15	0.86922654465637	0.117	0.061	3.60004003426695e-11	c2	ARHGAP26
1.07794228490685e-15	0.661141264527079	0.253	0.17	3.63201873476516e-11	c2	GGA2
1.66077666121932e-15	0.271378183819306	0.789	0.713	5.59582088231239e-11	c2	TAPBP
1.87299511186435e-15	0.519190254626214	0.343	0.253	6.31086972991574e-11	c2	MRPL10
3.00405530890622e-15	0.330484522742375	0.629	0.523	1.01218639578286e-10	c2	MYEOV2
3.02162194195891e-15	0.177702256907385	0.906	0.831	1.01810529712364e-10	c2	SUB1
3.32626579932923e-15	1.6972314256231	0.031	0.009	1.12075199842599e-10	c2	SLC4A4
3.5133192314796e-15	0.432587887675675	0.406	0.307	1.18377778185474e-10	c2	GIMAP1
3.91951343825547e-15	0.387145852397092	0.544	0.452	1.3206408578858e-10	c2	FAM49B
3.94012727732768e-15	0.342610211309668	0.637	0.532	1.32758648482279e-10	c2	ARF6
4.45130113283909e-15	0.53186636968859	0.296	0.208	1.4998214036988e-10	c2	AGTRAP
4.46205379052355e-15	0.376504314162793	0.527	0.416	1.50344440417901e-10	c2	SCML4
5.33377616587618e-15	0.205083268327409	0.91	0.862	1.79716254133032e-10	c2	UBL5
5.57456200585502e-15	0.842233470350725	0.126	0.069	1.87829292225279e-10	c2	CPNE2
6.02252124785736e-15	2.16125955480766	0.025	0.006	2.02922830925306e-10	c2	PIK3R6
6.55929396242803e-15	0.553696971707578	0.328	0.24	2.2100885077005e-10	c2	CISD3
7.15585828453688e-15	0.427095339516803	0.482	0.383	2.41109489039186e-10	c2	NCF1
7.48582417044289e-15	0.694779152298223	0.21	0.135	2.52227359598903e-10	c2	PTPRE
8.10081873167129e-15	0.893539225380834	0.066	0.028	2.72948986344933e-10	c2	ENC1
9.58049841084986e-15	0.257007398626292	0.773	0.666	3.22805313455175e-10	c2	HNRNPF
9.8081479770846e-15	0.295277296879216	0.634	0.531	3.30475737939889e-10	c2	IL16
1.01979803809085e-14	0.897110833823489	0.13	0.073	3.43610750954331e-10	c2	KIAA1671
1.48203807632389e-14	0.456587468793661	0.392	0.296	4.99357909436571e-10	c2	FAM129A
1.91009178773581e-14	0.463376065130178	0.423	0.333	6.43586326959704e-10	c2	MFSD10
2.75288340673711e-14	0.427913940085913	0.42	0.324	9.27556535066003e-10	c2	ARAP2
3.19904766972913e-14	0.629281324958672	0.291	0.211	1.07788712183853e-09	c2	EFHD2
3.20976516447911e-14	2.69353701648648	0.012	0.002	1.08149827451959e-09	c2	KIR2DL1
3.21011662615488e-14	0.371608435684379	0.575	0.48	1.08161669601662e-09	c2	ARL4C
3.66498694478406e-14	0.380601348515893	0.538	0.447	1.23488070117554e-09	c2	UBE2L3
4.85807874330989e-14	0.314233533853988	0.657	0.566	1.63688105177083e-09	c2	NCOR1
5.08751914796467e-14	0.706264062754308	0.113	0.061	1.71418870171522e-09	c2	CCL3
5.32926494899187e-14	0.286782340965892	0.813	0.737	1.79564253191332e-09	c2	SRSF7
6.33605814228221e-14	0.276701069369703	0.722	0.631	2.13487143046057e-09	c2	POLR2L
6.38162875173435e-14	0.330523669561116	0.58	0.496	2.15022599160937e-09	c2	PIK3R1
7.54043715352448e-14	1.05983474472729	0.076	0.035	2.54067489450854e-09	c2	ENPP4
7.73840919092635e-14	0.781162972846659	0.172	0.107	2.60737959279072e-09	c2	SERPINB6
8.39862967052064e-14	0.580728210043442	0.144	0.083	2.82983428118523e-09	c2	DTHD1
8.96354832036028e-14	0.622232703183656	0.213	0.141	3.02017797106219e-09	c2	MAP3K8
9.48629330583504e-14	0.156334933662388	0.973	0.945	3.19631166646806e-09	c2	PTPRC
1.12930019228571e-13	0.12549922433161	0.995	0.983	3.80506406788747e-09	c2	ARHGDIB
1.13961690109309e-13	0.140765686698979	0.98	0.96	3.83982518654305e-09	c2	RPL27A
1.2075658315046e-13	0.314078379439587	0.628	0.536	4.06877231267159e-09	c2	NEDD8
1.37529847776423e-13	1.2180116228891	0.063	0.027	4.63393069097879e-09	c2	TRGC1
1.41860537129601e-13	0.364816173085604	0.498	0.407	4.77984893804476e-09	c2	MAGOH
1.55409421418332e-13	0.665675551010964	0.237	0.165	5.23636504526928e-09	c2	PSENEN
1.57615561643715e-13	0.635935833613185	0.204	0.133	5.31069873402332e-09	c2	KLHDC4
1.66964139208354e-13	0.287804294798227	0.596	0.492	5.62568970648627e-09	c2	RBCK1
1.71701186874306e-13	0.604163861310033	0.251	0.174	5.78529979054285e-09	c2	TRG-AS1
2.15806747148923e-13	0.248961246773518	0.764	0.671	7.2713925384358e-09	c2	TRAPPC1
2.35770304847387e-13	0.418780484387922	0.431	0.339	7.94404465152787e-09	c2	ITGB7
2.41789331352023e-13	1.13772672848802	0.064	0.029	8.14684973057508e-09	c2	NUGGC
2.67806827616836e-13	0.376898064318742	0.5	0.409	9.02348324972168e-09	c2	CHCHD10
3.15301411519876e-13	1.17249493236579	0.103	0.055	1.06237657597507e-08	c2	TRGV2
3.2787692965542e-13	0.79053114540185	0.146	0.087	1.10474852678097e-08	c2	CYSTM1
4.06793103521711e-13	0.741208558836064	0.159	0.098	1.37064868300605e-08	c2	GTDC1
4.12152218645404e-13	0.276474901935625	0.703	0.613	1.38870568550382e-08	c2	MSN
4.16830478457425e-13	0.443917993858679	0.473	0.393	1.40446861411445e-08	c2	DNAJB6
4.53569989782838e-13	0.455143880085583	0.364	0.279	1.52825872357429e-08	c2	SDF2L1
4.77400153004907e-13	0.323411550987562	0.564	0.473	1.60855207553473e-08	c2	BIN1
4.77715519470768e-13	0.213429769131216	0.873	0.795	1.60961467130481e-08	c2	UQCR11
5.16434311406075e-13	0.450412564775633	0.301	0.218	1.74007376885163e-08	c2	RAB9A
6.05947698639371e-13	0.291008247851467	0.655	0.559	2.0416801757955e-08	c2	FAM96B
6.83821653563432e-13	0.447988095577345	0.448	0.357	2.30406867951663e-08	c2	CLDND1
7.37691804196609e-13	0.813687866305661	0.126	0.073	2.48557876506005e-08	c2	GALNT6
7.50457006138773e-13	0.668838891939743	0.187	0.121	2.52858983648398e-08	c2	GCLM
7.54710377028133e-13	0.276172624394234	0.72	0.625	2.54292114435859e-08	c2	PDIA3
8.1268517857045e-13	1.09615161888047	0.071	0.034	2.73826144067528e-08	c2	TRBV4-2
9.0915935030551e-13	0.202519031131267	0.854	0.763	3.06332151491938e-08	c2	GIMAP7
9.71492180819629e-13	0.393386567877615	0.5	0.411	3.27334575405366e-08	c2	CMTM3
9.77955434124969e-13	0.474454345184787	0.356	0.272	3.29512303974067e-08	c2	DAXX
1.02489076879056e-12	0.891950693584752	0.103	0.056	3.4532669563629e-08	c2	SLC27A3
1.03423978554014e-12	0.465919755704728	0.354	0.271	3.48476753339895e-08	c2	C6orf1
1.08164383082488e-12	0.297457704512969	0.596	0.499	3.64449072358137e-08	c2	SRI
1.1173329688284e-12	0.543690233897904	0.366	0.288	3.7647417051704e-08	c2	LDLRAD4
1.16376898130923e-12	0.283560412168054	0.569	0.477	3.92120320562332e-08	c2	SELK
1.27156042379189e-12	1.07402975106899	0.074	0.035	4.28439569192441e-08	c2	CENPV
1.29464997486451e-12	0.328512698174947	0.597	0.517	4.3621936253085e-08	c2	SIGIRR
1.38004802633414e-12	0.596519237436206	0.188	0.121	4.64993381993025e-08	c2	CDKN2D
1.51450157783683e-12	0.321613552013197	0.587	0.499	5.10296161636343e-08	c2	BIN2
1.6103791259602e-12	0.597470469545742	0.247	0.175	5.42601142701031e-08	c2	C11orf98
1.77068614662831e-12	1.13127553508501	0.07	0.034	5.96614990244942e-08	c2	MSC-AS1
2.12611255130745e-12	0.237212960919929	0.663	0.566	7.16372363037531e-08	c2	TAP1
2.32243889728287e-12	0.704800856041815	0.244	0.173	7.82522562050489e-08	c2	TRMO
2.53972331537379e-12	0.325954049585252	0.493	0.391	8.55734373882044e-08	c2	RNASEK
2.56973716252725e-12	2.0682599386	0.021	0.005	8.65847239541931e-08	c2	KLRF1
2.59586178219173e-12	0.201583321662842	0.774	0.672	8.74649668891683e-08	c2	DRAP1
2.75490235439544e-12	1.05648591323432	0.074	0.036	9.28236799289999e-08	c2	TRGV7
2.82011156423362e-12	1.5402732827192	0.035	0.012	9.50208390452876e-08	c2	KLRC4
3.03646145414257e-12	0.521737574661443	0.235	0.162	1.0231053223588e-07	c2	LPGAT1
3.14094933268429e-12	1.88174139039601	0.037	0.013	1.05831146815465e-07	c2	IGHV1-3
3.23028376526376e-12	0.510153487289422	0.332	0.253	1.08841181186797e-07	c2	EVI2B
3.47178230836959e-12	1.44151840001367	0.043	0.017	1.16978233098205e-07	c2	TGFBR3L
3.50255084808163e-12	1.26151723236332	0.08	0.041	1.18014948275262e-07	c2	TRBV4-1
3.53001123294268e-12	0.333068128996322	0.486	0.393	1.18940198482771e-07	c2	SLC3A2
3.54668105034608e-12	0.210897263344811	0.658	0.552	1.19501871310361e-07	c2	YWHAQ
4.14698070748158e-12	0.64092918270865	0.156	0.097	1.39728367957885e-07	c2	TGFBR3
4.49317363870951e-12	0.269533286253665	0.687	0.616	1.51392992582678e-07	c2	RAP1B
4.61012553348536e-12	0.874789574691635	0.112	0.064	1.55333569725256e-07	c2	ITPRIPL1
4.7468439560769e-12	0.582620884007808	0.156	0.097	1.59940160256055e-07	c2	ATF3
4.78448653662949e-12	0.561146459240118	0.204	0.137	1.61208489365194e-07	c2	CD81
4.99638003996589e-12	0.233974061720125	0.83	0.751	1.68348029066611e-07	c2	ARF1
5.79096891752628e-12	0.759211332258209	0.114	0.065	1.9512090670713e-07	c2	VNN2
5.90440656222874e-12	0.633739010424889	0.181	0.117	1.98943074707735e-07	c2	SYTL2
6.01480631804602e-12	0.481848831893931	0.325	0.242	2.02662884080242e-07	c2	BTN3A1
6.49479478154257e-12	0.341882328006928	0.436	0.344	2.18835615369295e-07	c2	RAB27A
6.79440685163729e-12	0.278883772733651	0.685	0.614	2.28930744459067e-07	c2	TERF2IP
6.85166384570514e-12	0.730291680505629	0.183	0.121	2.30859961617189e-07	c2	MIDN
7.69358698614978e-12	0.8945908243097	0.088	0.046	2.59227719911331e-07	c2	SLC25A4
7.77035424815676e-12	0.464960442705725	0.343	0.265	2.61814316037394e-07	c2	ARHGAP25
7.85750285950916e-12	0.312694001703704	0.514	0.432	2.64750701348302e-07	c2	HMOX2
8.10362297490505e-12	0.321832465001767	0.591	0.508	2.73043472516451e-07	c2	TBCB
8.64083236629641e-12	0.855794222748677	0.125	0.074	2.91144205749991e-07	c2	STX11
8.9925861872608e-12	1.40192003847978	0.049	0.021	3.02996198993565e-07	c2	MXRA7
9.49589684735469e-12	0.447978998745781	0.407	0.329	3.19954748374769e-07	c2	PCMT1
1.01565907861198e-11	0.258654071558815	0.655	0.56	3.42216169947521e-07	c2	COPE
1.04580271400639e-11	0.446720249138125	0.373	0.291	3.52372766457315e-07	c2	PLEC
1.12093310350903e-11	0.586623158739194	0.246	0.177	3.77687199896333e-07	c2	AKTIP
1.14361669107796e-11	0.600517492098956	0.269	0.2	3.85330207891807e-07	c2	IER3IP1
1.23752320260982e-11	0.27577123282497	0.609	0.509	4.16971067887352e-07	c2	POMP
1.24322392623931e-11	0.912004012434303	0.087	0.046	4.18891869707073e-07	c2	JAKMIP2
1.29118281696291e-11	0.408729081743883	0.388	0.305	4.35051138347482e-07	c2	RAB5C
1.32069451976258e-11	0.593360101605964	0.241	0.172	4.44994811488802e-07	c2	GGA1
1.35918808894704e-11	0.253293468916261	0.736	0.671	4.57964834689814e-07	c2	SRSF2
1.3931042709585e-11	1.44896693421258	0.037	0.014	4.69392553056756e-07	c2	SLAMF8
1.55447082767047e-11	0.159903480286184	0.948	0.896	5.23763400675288e-07	c2	EVL
1.60481155814177e-11	0.40097046364371	0.393	0.312	5.40725206400287e-07	c2	LYSMD2
1.65372178137264e-11	0.37114208896483	0.457	0.372	5.57205017015697e-07	c2	TPM4
1.90889220006018e-11	1.92046401353184	0.02	0.005	6.43182137888278e-07	c2	OSBPL5
1.96892576303117e-11	0.526707724611005	0.263	0.191	6.63409846595723e-07	c2	SH3BP5
2.0355468609921e-11	0.274165835056869	0.646	0.561	6.85857159342677e-07	c2	BSG
2.08556546595497e-11	0.294934934444411	0.517	0.429	7.02710428098868e-07	c2	CTSA
2.09032089805908e-11	0.89302726285222	0.077	0.039	7.04312723392026e-07	c2	AC021188.4
2.25586610578316e-11	0.75455349669528	0.156	0.1	7.60091525682577e-07	c2	LLNLR-245B6.1
2.47938754005569e-11	0.25296033323468	0.699	0.618	8.35404837746363e-07	c2	ATP6V0C
2.61328946310698e-11	0.957466252444411	0.074	0.037	8.80521751699267e-07	c2	MYO6
2.8724500451474e-11	0.266558066163893	0.514	0.424	9.67843318211966e-07	c2	RBMS1
2.91877343413442e-11	0.727879595574694	0.136	0.083	9.83451520897253e-07	c2	FBXO6
2.9260066490273e-11	0.500821873934532	0.156	0.098	9.85888680323257e-07	c2	TRGV10
2.96678865586323e-11	0.394319567657219	0.331	0.252	9.99629769706557e-07	c2	ATP2A3
3.06036819375552e-11	1.77298690593274	0.022	0.006	1.03116045920399e-06	c2	SFTPB
3.16634868248375e-11	0.511907184318621	0.254	0.183	1.06686952507608e-06	c2	NMRAL1
3.20874518748599e-11	0.440910760828327	0.335	0.258	1.08115460347153e-06	c2	UBE2A
3.26989759034167e-11	0.467558191285934	0.293	0.218	1.10175929408972e-06	c2	MANF
3.32576331505439e-11	0.56206120641899	0.147	0.091	1.12058269137443e-06	c2	MYBL1
3.33995952017751e-11	0.45920836092123	0.29	0.215	1.12536596072861e-06	c2	SLFN12L
3.53123656421088e-11	0.731027105471113	0.131	0.08	1.18981484794521e-06	c2	CLIC5
3.7383708218756e-11	0.474444678049262	0.329	0.254	1.25960666472277e-06	c2	ORMDL2
3.77009692351328e-11	0.365127857472745	0.4	0.317	1.27029645740856e-06	c2	DGKZ
3.87572229856805e-11	0.150169306191641	0.307	0.218	1.30588587127952e-06	c2	MIR4435-2HG
4.09363854011537e-11	0.26462705727466	0.694	0.61	1.37931056970647e-06	c2	ATP5B
4.46929615928278e-11	0.356627408557395	0.421	0.337	1.50588464790874e-06	c2	PRKACB
4.52731285486874e-11	0.308022897441808	0.543	0.465	1.52543279331947e-06	c2	NDUFB7
5.05020589145575e-11	0.424288623031616	0.23	0.161	1.7016163730671e-06	c2	MT1E
5.16133155452694e-11	0.383963237649386	0.442	0.361	1.73905905398231e-06	c2	NDUFA13
5.30615895434142e-11	0.747849463701899	0.154	0.1	1.7878571980758e-06	c2	SLC1A5
6.44037815781959e-11	0.206125753144831	0.702	0.598	2.17002101649573e-06	c2	DBI
7.8576454212819e-11	0.754031961235693	0.133	0.082	2.64755504824672e-06	c2	DDAH2
7.92927815170973e-11	0.482598021378706	0.256	0.185	2.67169098043708e-06	c2	USP11
8.295640739537e-11	0.193643877597672	0.328	0.239	2.7951331907796e-06	c2	CXCR6
8.38363508268204e-11	0.221424654762102	0.796	0.737	2.82478200475889e-06	c2	KRTCAP2
8.41166183261835e-11	0.244075688263214	0.713	0.631	2.83422533788243e-06	c2	LRRFIP1
8.61147535245716e-11	0.111167033858418	0.961	0.931	2.90155050525691e-06	c2	HMGB1
9.02694689814384e-11	0.408606090529012	0.402	0.326	3.04153948786059e-06	c2	PDCD10
9.06892564637303e-11	0.208271467026847	0.868	0.799	3.05568380728893e-06	c2	COX6A1
1.03408624941474e-10	0.200672161724005	0.842	0.789	3.48425020877802e-06	c2	HLA-F
1.05823611805719e-10	0.276074808308991	0.596	0.511	3.56562077618188e-06	c2	DHRS7
1.05893337681349e-10	0.487460489568342	0.335	0.264	3.56797011983537e-06	c2	GCHFR
1.10345624545381e-10	0.399398328020828	0.429	0.354	3.71798547343207e-06	c2	CCSER2
1.26545069588178e-10	0.277721692797561	0.493	0.405	4.26380957470409e-06	c2	HN1
1.27071860800299e-10	0.623882101948392	0.134	0.083	4.28155927780529e-06	c2	APBA2
1.49522317901959e-10	0.870376948929178	0.1	0.057	5.0380049793886e-06	c2	GPR68
1.63534156139054e-10	1.49027843214249	0.04	0.016	5.51011985694929e-06	c2	KIR3DL2
1.64780636314612e-10	0.322295955880065	0.39	0.305	5.55211875998455e-06	c2	IFI27L2
1.71098899175501e-10	0.905450356696555	0.095	0.054	5.76500630881935e-06	c2	SLC2A1
1.88099224952454e-10	0.253358406859654	0.692	0.621	6.33781528554799e-06	c2	RBM8A
1.90140626543101e-10	0.343304913822888	0.475	0.393	6.40659827074326e-06	c2	PTPN6
1.95546583186238e-10	0.428976861008773	0.286	0.212	6.58874657387711e-06	c2	CDC25B
2.0071428414918e-10	0.149776806679728	0.977	0.953	6.76286709012248e-06	c2	LAPTM5
2.09269192947845e-10	0.315192741044857	0.505	0.43	7.05111618718467e-06	c2	C19orf70
2.09991405659535e-10	0.370000622921018	0.387	0.308	7.07545042229238e-06	c2	CHST11
2.14535352790532e-10	0.452207476036963	0.292	0.219	7.22855417692419e-06	c2	KCNA3
2.24493662975193e-10	0.290203164938114	0.553	0.474	7.56408948028615e-06	c2	C9orf78
2.27948526048828e-10	1.13768691192569	0.057	0.027	7.6804976366892e-06	c2	KIAA0825
2.33989306225045e-10	0.910134088921517	0.081	0.043	7.88403568394666e-06	c2	YPEL1
2.72600734443358e-10	1.01460289089148	0.067	0.034	9.18500914633452e-06	c2	CD9
2.74388993011251e-10	0.60339800299212	0.31	0.244	9.24526273052109e-06	c2	KDSR
2.83668798285193e-10	0.360711600634411	0.418	0.34	9.55793648942131e-06	c2	POLR2J
2.94860598839911e-10	0.256164798002133	0.641	0.56	9.93503301731194e-06	c2	RBX1
2.97943844931073e-10	1.22377777997595	0.054	0.025	1.00389199111076e-05	c2	FAM179A
3.00665632622474e-10	0.43860924622605	0.312	0.239	1.01306278255816e-05	c2	ZNF22
3.19523501220969e-10	1.48061965101053	0.039	0.016	1.07660248501393e-05	c2	CFD
3.29643155531766e-10	0.509038105910634	0.22	0.156	1.11069964824873e-05	c2	PARP15
3.62608074061216e-10	1.64664426953277	0.022	0.007	1.22177164474186e-05	c2	NMUR1
3.6955475205376e-10	0.329104470721513	0.308	0.232	1.24517778156994e-05	c2	JAML
4.15296347604689e-10	0.86690348726696	0.105	0.062	1.39929951361924e-05	c2	SLK
4.37535026517703e-10	0.288726936984119	0.828	0.797	1.47423051834875e-05	c2	RPS10
4.40610816826627e-10	1.56261545890236	0.026	0.008	1.48459408621564e-05	c2	SPRY2
4.88101330499017e-10	0.275893853258104	0.521	0.431	1.64460862298339e-05	c2	RASAL3
4.9432245107719e-10	0.30210886952254	0.493	0.411	1.66557006665948e-05	c2	BZW1
5.23100533806588e-10	0.195152773360303	0.802	0.737	1.76253493860792e-05	c2	CD3G
5.35633588151754e-10	0.433229033574394	0.306	0.237	1.80476381191852e-05	c2	ELOVL1
6.10551692332679e-10	0.523044007688044	0.208	0.145	2.05719287214573e-05	c2	KLF13
6.4175020626345e-10	0.389696635579031	0.388	0.313	2.16231314498407e-05	c2	CALCOCO2
6.88035955381292e-10	0.294795192575673	0.582	0.517	2.31826834806173e-05	c2	RNF167
7.03029558299652e-10	0.469328010815325	0.27	0.204	2.36878779373485e-05	c2	CALHM2
7.06875883291639e-10	0.654755892735376	0.18	0.125	2.38174760116285e-05	c2	BCAP29
7.18881536929866e-10	0.210226071947954	0.61	0.536	2.42219945053149e-05	c2	SYNE2
7.43333227702608e-10	0.343039584782425	0.41	0.334	2.50458697742117e-05	c2	CCDC88C
8.39631537077498e-10	0.559882851804889	0.193	0.134	2.82905450102892e-05	c2	ZBTB7A
8.60217491682677e-10	0.288837305657025	0.488	0.407	2.89841681647561e-05	c2	TWF2
8.78345376973116e-10	0.170378094970115	0.756	0.68	2.95949691317322e-05	c2	LCP2
9.35215439836266e-10	0.289957504775599	0.505	0.426	3.15111490298432e-05	c2	AKNA
9.46341736175975e-10	0.42798238287092	0.275	0.207	3.18860384587133e-05	c2	PREX1
9.79612980571169e-10	0.297408327945452	0.816	0.74	3.3007079767365e-05	c2	TAGLN2
9.89613235828904e-10	0.530190715478405	0.236	0.174	3.33440283680191e-05	c2	CLSTN3
1.06193817537882e-09	0.24413775655816	0.596	0.515	3.57809448812139e-05	c2	PSMA5
1.20859699653331e-09	1.49545158979167	0.022	0.007	4.07224672011932e-05	c2	TLR3
1.3204078398491e-09	0.137127942174144	0.978	0.942	4.44898217558757e-05	c2	ITM2B
1.59766207935258e-09	0.407927786534426	0.362	0.293	5.38316261017058e-05	c2	FDX1
1.69835490587459e-09	0.687944590901112	0.12	0.074	5.72243701985383e-05	c2	STRBP
1.78964253876015e-09	0.320582825930729	0.409	0.335	6.03002157009845e-05	c2	RGS19
1.87491368237497e-09	0.344839861741127	0.39	0.314	6.31733416139424e-05	c2	YWHAH
1.92283014600522e-09	0.220425367799712	0.6	0.499	6.47878389395e-05	c2	PSMA6
1.95910934282952e-09	0.355901356615696	0.384	0.313	6.60102301972979e-05	c2	ARL2BP
1.96055246923355e-09	0.691584498620779	0.166	0.114	6.60588548983552e-05	c2	RP5-1171I10.5
1.9652338727188e-09	0.361965173368075	0.364	0.296	6.62165901073874e-05	c2	PRMT1
1.96900582550275e-09	0.220988432500748	0.596	0.52	6.63436822844896e-05	c2	CYCS
2.01913210925363e-09	1.73214532047381	0.02	0.006	6.80326372891919e-05	c2	FAM131B
2.06207112226514e-09	0.980063136554634	0.077	0.043	6.94794243936015e-05	c2	ETS2
2.11170740722114e-09	0.256644544592038	0.541	0.458	7.11518693789092e-05	c2	SYNRG
2.15517739167174e-09	0.878913609855801	0.088	0.051	7.26165470349877e-05	c2	CAPN12
2.1825457757372e-09	0.2728844585551	0.581	0.513	7.35386973676893e-05	c2	OSTF1
2.2875521279104e-09	0.283376554685912	0.436	0.354	7.70767813978132e-05	c2	PYHIN1
2.70159950887788e-09	0.157062000948414	0.941	0.905	9.10276938521313e-05	c2	DDX5
2.7699313337245e-09	0.188206989296855	0.802	0.736	9.33300663585132e-05	c2	RBM3
2.90401939787416e-09	0.275339084663798	0.476	0.393	9.78480295919718e-05	c2	CCDC107
3.0976919241168e-09	0.802904203525365	0.125	0.08	0.000104373631691192	c2	APOBEC3F
3.16156315679294e-09	0.570397436074638	0.257	0.195	0.000106525709004981	c2	BCL3
3.30515328034842e-09	0.590843994556972	0.184	0.129	0.00011136383462806	c2	BID
3.33782693249006e-09	0.496083051456793	0.28	0.217	0.00011246474066332	c2	NAA10
3.61045147518863e-09	0.240733924825541	0.664	0.599	0.000121650552005006	c2	TBCA
3.6564467434117e-09	0.989683693347946	0.063	0.032	0.000123200316572514	c2	CHN2
3.88275071671128e-09	0.26293520711408	0.57	0.502	0.00013082540264887	c2	RNF7
3.92986635911194e-09	0.665305822497308	0.096	0.057	0.000132412917103918	c2	LINC00944
3.93098332878445e-09	0.22688677853562	0.692	0.623	0.000132450552280063	c2	PSMB1
4.00945171545814e-09	0.526171975803566	0.227	0.169	0.000135094466100647	c2	STXBP2
4.20920588687927e-09	0.472458229090213	0.258	0.194	0.00014182498315251	c2	PPP6R1
4.43168891960848e-09	0.519016812481585	0.208	0.15	0.000149321326457288	c2	MED11
4.77686428905728e-09	0.406418553329241	0.39	0.322	0.000160951665355496	c2	GLUD1
4.89871203443479e-09	0.408798390216863	0.355	0.29	0.000165057203288246	c2	AKIRIN2
4.98569783453328e-09	0.440039174067603	0.332	0.264	0.000167988102836764	c2	UPP1
5.05716045526209e-09	0.20909766412758	0.49	0.407	0.000170395964379601	c2	REL
5.51562190100916e-09	0.531229522676847	0.141	0.092	0.000185843364332603	c2	GPR18
5.60413000034094e-09	0.243918837833006	0.521	0.451	0.000188825556231488	c2	SCAMP2
5.61021818526058e-09	1.19828223408246	0.05	0.024	0.00018903069153417	c2	CIITA
5.63312494004817e-09	0.515592009081923	0.174	0.12	0.000189802511729983	c2	TBC1D2B
5.97290874594836e-09	0.280453287006765	0.423	0.343	0.000201251187285984	c2	TGFB1
6.62536387771922e-09	0.42442642156788	0.335	0.271	0.000223235010495871	c2	NMRK1
6.71122033305692e-09	0.18543229099105	0.576	0.49	0.00022612785790202	c2	IL10RA
6.72981736509223e-09	0.347720153454696	0.405	0.335	0.000226754466299417	c2	PHB
7.14749900814624e-09	0.639614108928638	0.132	0.085	0.000240827831580479	c2	AGTPBP1
7.16936601697723e-09	1.06771497771136	0.033	0.013	0.000241564618576031	c2	LGR6
7.26940369771606e-09	0.154404736068344	0.875	0.82	0.000244935288190845	c2	TCEB2
7.51063242881457e-09	0.14598701946463	0.876	0.811	0.000253063249056478	c2	COX7A2
7.81991352430563e-09	0.261205404716695	0.582	0.514	0.000263484166287954	c2	RNF149
7.91852377725892e-09	0.323830873408002	0.413	0.345	0.000266806740150962	c2	GSDMD
8.2384995471383e-09	2.48540560642003	0.01	0.002	0.000277588003741278	c2	GLB1L2
8.64029710916734e-09	0.586613540744199	0.17	0.118	0.000291126170796284	c2	AGAP2
8.66881180511609e-09	0.206644311265601	0.665	0.583	0.000292086944961581	c2	PSMB3
8.80353771232891e-09	0.824355554538924	0.077	0.043	0.00029662639967921	c2	HIP1
8.81662972281703e-09	0.608850103103816	0.168	0.117	0.000297067521880597	c2	SPNS3
9.32009467649283e-09	0.502790432365559	0.171	0.119	0.00031403127002975	c2	TESC
9.38348630230718e-09	0.158960719752838	0.876	0.804	0.000316167187469938	c2	TPM3
9.63206014251256e-09	0.246141820118732	0.653	0.581	0.000324542634441818	c2	PDCD4
9.88351333182923e-09	0.339795705453685	0.387	0.318	0.000333015098202654	c2	MED15
1.00251743162471e-08	1.03749786461255	0.065	0.035	0.000337788223411631	c2	SLC27A2
1.01030524440073e-08	2.59846981802523	0.012	0.003	0.000340412249048381	c2	RAB31
1.0294162616153e-08	0.347100772668476	0.347	0.277	0.00034685151518866	c2	ITGB1BP1
1.04258307701483e-08	0.136893293809613	0.991	0.988	0.000351287941969378	c2	RPL26
1.06748615295098e-08	0.662759180709177	0.154	0.106	0.000359678784375302	c2	SLC6A6
1.18195005279483e-08	0.269726763022728	0.504	0.432	0.00039824625078869	c2	TRABD
1.20089900305918e-08	0.176340435004204	0.727	0.651	0.000404630910090759	c2	ARPC5
1.24921277648732e-08	0.992213927097192	0.06	0.031	0.000420909752909638	c2	ATP1A3
1.27412793176076e-08	0.41908803169343	0.301	0.237	0.00042930466532747	c2	UBE2V1
1.29294891073085e-08	0.285832562171037	0.43	0.355	0.000435646205981651	c2	RNF187
1.32183431024129e-08	0.534854473684501	0.115	0.072	0.000445378852492699	c2	CCL3L3
1.326064226737e-08	0.938219560803178	0.053	0.026	0.000446804080556765	c2	RAB27B
1.52483160315906e-08	0.274528880577627	0.447	0.372	0.000513776760368412	c2	CCDC12
1.52722307413014e-08	0.213347401375292	0.543	0.463	0.000514582542597409	c2	C19orf66
1.55744848058341e-08	0.423571740244207	0.278	0.216	0.000524766691047775	c2	AP2B1
1.56944808591047e-08	0.264075503097862	0.486	0.413	0.000528809838066675	c2	ATP6V0B
1.6076754104215e-08	1.78821911051432	0.017	0.005	0.000541690152787419	c2	HOXC4
1.74438915538101e-08	0.22266114186492	0.698	0.643	0.000587754482014077	c2	C14orf2
1.80671316461671e-08	0.581774188059542	0.222	0.167	0.000608753933685955	c2	TUBA1C
1.8667519495479e-08	0.30571515769293	0.345	0.273	0.000628983401880669	c2	ANXA2R
1.97394085273694e-08	0.231265212858547	0.576	0.501	0.000665099630921186	c2	OPTN
2.11646366547254e-08	0.234003024159257	0.893	0.872	0.000713121267444318	c2	RPL17
2.51249736904834e-08	0.294119454517259	0.421	0.35	0.000846560863527148	c2	DNAJC1
2.53096934841355e-08	0.471573381703559	0.22	0.164	0.000852784812254462	c2	PAF1
2.54424703746623e-08	0.387131235063898	0.301	0.239	0.00085725859680387	c2	GPR65
2.54824935082943e-08	0.487574042259235	0.206	0.15	0.000858607136268469	c2	RDH14
2.68153299021071e-08	0.268776125257431	0.463	0.391	0.000903515725721598	c2	PPP3CC
2.79445293457377e-08	0.658692582636624	0.103	0.064	0.000941562971775287	c2	PMEPA1
2.98737090502276e-08	0.248605129780766	0.583	0.512	0.00100656475273837	c2	SRSF3
3.01688591269431e-08	0.318773032498975	0.349	0.281	0.00101650953942322	c2	SLAMF6
3.07298229487238e-08	0.719940660896271	0.119	0.078	0.0010354106544343	c2	UBE2S
3.07502353850305e-08	0.476980601533424	0.23	0.173	0.00103609843106322	c2	RB1
3.12686302671221e-08	0.344999561974209	0.377	0.31	0.00105356522822041	c2	S1PR4
3.18251093566905e-08	0.422981036910647	0.284	0.223	0.00107231523466433	c2	SLC4A7
3.23138021765769e-08	1.82182122359763	0.015	0.004	0.00108878125053758	c2	SPTBN5
3.42535359132532e-08	0.280196933329083	0.472	0.404	0.00115413863906115	c2	PIN1
3.48086239202403e-08	0.478056652023132	0.202	0.148	0.00117284177436858	c2	ANKRD13D
3.48196292800779e-08	0.376697780284086	0.342	0.276	0.00117321258896294	c2	CCT5
3.62321166742673e-08	1.92329649287496	0.013	0.003	0.00122080493922276	c2	KIR3DL1
3.6766409793072e-08	0.330928935708439	0.409	0.346	0.00123880741156777	c2	PDCD5
3.7885420269177e-08	0.541089079289488	0.172	0.122	0.00127651135054965	c2	MPHOSPH6
3.9283347288815e-08	1.95526711003993	0.012	0.003	0.00132361310354933	c2	STK33
4.31614763083976e-08	0.349009778342576	0.353	0.286	0.00145428278273515	c2	PARVG
4.33941416287459e-08	1.70701129121517	0.016	0.005	0.00146212220803896	c2	AC009495.2
4.4088562969108e-08	0.965557854479392	0.071	0.041	0.00148552004068112	c2	GNGT2
4.52482781248385e-08	0.949712824888969	0.064	0.035	0.00152459548313831	c2	SEMA4A
4.67148377722753e-08	1.50541352775208	0.022	0.008	0.00157400974389904	c2	ITGAM
4.7613850517314e-08	0.314863260795295	0.368	0.301	0.00160430107933038	c2	TIMM17B
4.79998464577949e-08	0.412186617745011	0.245	0.187	0.00161730682654894	c2	PSD4
4.95697362210894e-08	0.262608055278379	0.525	0.457	0.00167020269223339	c2	CHURC1
5.02584879827128e-08	0.196844855183271	0.704	0.642	0.00169340949408952	c2	VAMP8
5.11406471794064e-08	0.300753514841905	0.445	0.377	0.00172313296606292	c2	SURF4
5.38413259856756e-08	0.327334960215071	0.421	0.359	0.00181412963776135	c2	RAB11A
5.44520389990274e-08	1.13348379128793	0.04	0.019	0.00183470700203323	c2	ZNF296
5.50020335791059e-08	1.2933212830341	0.048	0.024	0.0018532385194144	c2	NETO2
5.66086758463762e-08	0.59518851457582	0.138	0.093	0.0019073727239678	c2	SKI
5.6621879958283e-08	0.267481873204021	0.483	0.418	0.00190781762331439	c2	FAM102A
5.86137542050889e-08	0.526067724841966	0.163	0.114	0.00197493183418627	c2	PPP3CA
6.94230285016543e-08	0.245946976467025	0.537	0.465	0.00233913952233474	c2	SPCS2
7.0902363563777e-08	0.807659400345782	0.096	0.06	0.0023889842379179	c2	TTC38
7.39966538093277e-08	0.175483768561786	0.798	0.74	0.00249324325345149	c2	SEPT1
7.41568020015979e-08	0.427561107742546	0.273	0.216	0.00249863928664184	c2	TACC1
7.72849328056224e-08	0.208720054318119	0.605	0.531	0.00260403852595264	c2	SH3KBP1
7.82432175207777e-08	0.666544044769251	0.13	0.088	0.00263632697114508	c2	PTRH1
8.04240315024638e-08	0.337842191250401	0.299	0.234	0.00270980731744402	c2	PTPN4
8.53814676020411e-08	0.537751861688676	0.208	0.156	0.00287684316938317	c2	NCBP3
9.11544045171903e-08	0.370450179981015	0.316	0.253	0.00307135650580221	c2	VIMP
9.32902550045269e-08	1.49786293953566	0.028	0.011	0.00314332185212253	c2	IGFBP6
9.41369649701555e-08	0.991869653784266	0.068	0.039	0.00317185089770442	c2	TRDV1
9.46668935270582e-08	0.457795742848358	0.204	0.152	0.0031897063105007	c2	MAP2K2
1.00547940568701e-07	0.251594960288569	0.517	0.453	0.0033878623095218	c2	IFITM3
1.03052547175533e-07	0.315636169111342	0.397	0.332	0.0034722525245324	c2	SH3BP1
1.03750809137227e-07	0.578243746490726	0.151	0.105	0.00349577976306972	c2	IVD
1.04160439413891e-07	1.23589555419733	0.05	0.026	0.00350958184561165	c2	TRDC
1.07407700690099e-07	0.213951498446389	0.595	0.535	0.00361899506705218	c2	PRMT2
1.13319595106067e-07	0.295755418181379	0.446	0.382	0.00381819043750381	c2	SRSF9
1.13325341181569e-07	1.39302027338359	0.019	0.007	0.00381838404577178	c2	TUBB4A
1.15821787860003e-07	0.86383162382301	0.062	0.034	0.00390249932015496	c2	CENPF
1.21843328114717e-07	0.156268421141328	0.516	0.429	0.00410538909749727	c2	LINC00861
1.23586957999889e-07	0.451433073120934	0.232	0.177	0.00416413896284827	c2	VPS26A
1.26701097581889e-07	0.625340923424369	0.158	0.113	0.00426906678192416	c2	ANXA4
1.27128928046028e-07	0.17517063768795	0.715	0.656	0.00428348210158285	c2	TMEM59
1.30325459349219e-07	0.387587469006733	0.256	0.198	0.0043911860273126	c2	HELZ
1.45779201404093e-07	0.449529974130753	0.234	0.18	0.00491188441210951	c2	CHD9
1.46600498780938e-07	0.605181914715982	0.151	0.106	0.00493955720592493	c2	BRAT1
1.50034451720277e-07	0.140280951067239	0.86	0.811	0.00505526081626301	c2	LCK
1.51600012466051e-07	0.39831243727518	0.314	0.26	0.00510801082003113	c2	SDHD
1.53651363336841e-07	0.561230908094884	0.193	0.144	0.00517712903627153	c2	ARHGAP18
1.61609889743683e-07	0.117640436234726	0.562	0.472	0.00544528362502366	c2	TGFBR2
1.6465024046768e-07	0.41311125290927	0.273	0.22	0.00554772520231802	c2	GTF2E2
1.66056418781714e-07	0.744377896667157	0.085	0.052	0.00559510497443107	c2	ARL8A
1.69272447645396e-07	0.212726039661477	0.555	0.479	0.00570346585096398	c2	DNAJA1
1.69280584670686e-07	0.809820479779957	0.081	0.049	0.00570374001989408	c2	CCDC102A
1.70233559088124e-07	0.202537440966843	0.689	0.622	0.00573584953991524	c2	CDC42
1.77995692124466e-07	0.325304136180621	0.382	0.318	0.00599738685044175	c2	SH3GLB1
1.80787298708268e-07	0.600899580245013	0.158	0.114	0.00609144724267637	c2	ISOC2
1.88455813002822e-07	0.779308332390427	0.067	0.038	0.00634983016331709	c2	PAFAH2
2.03904888969885e-07	0.463968725264689	0.201	0.149	0.00687037132895129	c2	SIRT2
2.07321323511548e-07	0.489946387795963	0.205	0.154	0.00698548467439811	c2	SLC10A3
2.08174834389183e-07	0.235123002225274	0.511	0.443	0.00701424286990914	c2	SCP2
2.11371286305474e-07	0.530282557759425	0.2	0.15	0.00712194412077665	c2	FAM46C
2.13247498927272e-07	0.378710799030304	0.294	0.237	0.00718516122885549	c2	PPT1
2.13374390938759e-07	0.376781034042015	0.249	0.193	0.00718943672829055	c2	XPO4
2.1913548845862e-07	0.51797147568504	0.185	0.137	0.00738355114812474	c2	SLC20A1
2.24235044046783e-07	0.487116151776415	0.191	0.141	0.00755537557411229	c2	DTNBP1
2.34236643541124e-07	0.32057561117701	0.318	0.258	0.00789236946747462	c2	OGFR
2.35981348337852e-07	0.808206709812543	0.088	0.054	0.00795115555089559	c2	EIF5A2
2.3986722087146e-07	0.3196127209714	0.281	0.219	0.00808208614004296	c2	TRANK1
2.66798495769286e-07	0.352009782104763	0.253	0.194	0.00898950851645033	c2	ATP8A1
2.6956906313041e-07	0.120824879326993	0.953	0.921	0.00908286001311603	c2	OST4
2.80547556909538e-07	0.252320812985513	0.485	0.428	0.00945276938250998	c2	TMC6
2.83667053355179e-07	0.494319604638644	0.191	0.141	0.0095578776957494	c2	PIP4K2A
2.84342076456728e-07	0.243780659773686	0.451	0.384	0.00958062192413298	c2	MEA1
2.85754643730169e-07	0.755419425597533	0.07	0.041	0.00962821696584433	c2	MAFF
2.89483624103154e-07	0.241731157914781	0.497	0.428	0.00975386123053166	c2	MRPS6
2.97745706535961e-07	0.201093044253479	0.475	0.4	0.0100322438360227	c2	VDAC1
3.03409626415949e-07	0.432463203475621	0.172	0.123	0.010223083952459	c2	KIF21B
3.13602840511322e-07	0.554098890956602	0.133	0.092	0.0105665341081885	c2	GPR132
3.18369618506062e-07	0.354611609599422	0.287	0.229	0.0107271459259433	c2	CABIN1
3.2263521953042e-07	0.317515302175879	0.359	0.298	0.010870871086858	c2	MAP4K1
3.2623091332073e-07	0.435133362261151	0.244	0.192	0.0109920243934287	c2	DTD1
3.2818363517787e-07	0.528456312272148	0.153	0.108	0.0110578194036832	c2	BCAS4
3.44341653912096e-07	0.600933623193761	0.159	0.115	0.0116022476869142	c2	MYCBP
3.50726308212669e-07	0.536265054162878	0.158	0.113	0.0118173722289177	c2	SH3BP2
3.55716164510249e-07	0.347143467827713	0.314	0.259	0.0119855004470083	c2	COMT
3.60706768621634e-07	0.127086602466469	0.898	0.84	0.0121536538619373	c2	COX6B1
3.63842459763626e-07	0.957030048495893	0.057	0.032	0.0122593078392756	c2	SLC15A4
3.64024615654088e-07	0.380473173930227	0.249	0.195	0.0122654453998488	c2	MRPL36
3.67326837734279e-07	0.607129554858975	0.153	0.11	0.0123767104706188	c2	SLC25A20
3.78897577220282e-07	0.254847992465027	0.325	0.267	0.0127665749668602	c2	TNFSF10
4.03491777245736e-07	0.437294744516717	0.196	0.146	0.0135952519425178	c2	MIB2
4.19536443930572e-07	0.475688700091809	0.216	0.167	0.0141358609417967	c2	TOR1A
4.23441396821556e-07	1.89512049467337	0.014	0.004	0.0142674344245055	c2	LINC00672
4.28100218935972e-07	0.10315443386681	0.951	0.919	0.0144244087768286	c2	RHOA
4.29143925043258e-07	0.318352341106337	0.335	0.273	0.0144595754104075	c2	CSNK2B
4.53802227190314e-07	0.274139446545222	0.455	0.388	0.0152904122429504	c2	GPI
4.60194732818647e-07	0.15609186443885	0.837	0.788	0.0155058013275915	c2	ATP6V0E1
4.66673590859664e-07	0.315983417330136	0.322	0.264	0.0157240999704255	c2	CHCHD7
4.67229221869002e-07	0.353578761928276	0.34	0.284	0.0157428214016541	c2	RHEB
4.68147252736084e-07	0.407880732650645	0.231	0.178	0.0157737535336896	c2	MYO9B
4.71383036564859e-07	0.243887879225238	0.545	0.482	0.0158827800340164	c2	TSC22D4
4.7228912230118e-07	0.445729868273325	0.149	0.105	0.0159133096868159	c2	KDM7A
4.93292115725547e-07	0.298529917275631	0.387	0.326	0.0166209845472566	c2	UTRN
4.94984409846683e-07	0.611550466209993	0.16	0.116	0.0166780047053741	c2	CDCA4
5.1217056970447e-07	0.306056791374717	0.346	0.284	0.0172570751756224	c2	ARL6IP1
5.13291319631815e-07	0.173974851668631	0.663	0.583	0.0172948377236744	c2	EMB
5.21370689811717e-07	0.264190323809966	0.533	0.478	0.017567064022516	c2	AURKAIP1
5.3019792945288e-07	0.247794686874555	0.482	0.415	0.0178644890349853	c2	CCT7
5.30325045573033e-07	0.464395990470948	0.203	0.153	0.0178687720855378	c2	XPNPEP1
5.37949242777991e-07	0.56244122191936	0.134	0.093	0.0181256617861616	c2	RPL39L
5.43397674028425e-07	0.255031534764901	0.405	0.342	0.0183092412287138	c2	PSMA3
5.50715457151048e-07	1.10839229971405	0.024	0.01	0.0185558066132474	c2	WDR63
5.6047160181782e-07	0.895412856144299	0.071	0.043	0.0188845301516496	c2	C9orf172
5.82384902201746e-07	0.563844676696114	0.105	0.068	0.0196228768947856	c2	SMURF2
5.92266492012824e-07	2.02582198502077	0.011	0.003	0.0199558271818801	c2	LAMB3
6.03896906715104e-07	0.636751016681351	0.125	0.086	0.0203477023748587	c2	AAED1
6.11305760924656e-07	0.999654406062611	0.045	0.023	0.0205973363085953	c2	CDC14B
6.51669661202989e-07	0.252820909295803	0.257	0.2	0.0219573575645735	c2	BHLHE40
6.52816400791518e-07	0.357134448830989	0.334	0.279	0.0219959958082694	c2	C18orf32
6.60748441511608e-07	0.265822933859481	0.44	0.379	0.0222632579882921	c2	PUF60
6.78347486787211e-07	0.827518139174741	0.064	0.037	0.0228562402198083	c2	PLXNC1
6.84966555181268e-07	0.240634843815251	0.496	0.431	0.0230792631102776	c2	CASP4
6.86893908747357e-07	0.391206594395679	0.277	0.223	0.0231442033613334	c2	ST8SIA4
6.9269780974677e-07	0.187724070454422	0.72	0.667	0.0233397600016077	c2	KIAA1551
6.97727061805342e-07	0.475838371978891	0.196	0.148	0.0235092156204692	c2	G6PD
7.05251895118112e-07	0.242761708004099	0.5	0.436	0.0237627573541097	c2	RNF181
7.05773023543226e-07	0.374198903864988	0.327	0.268	0.0237803162552655	c2	B4GALT1
7.54988521136137e-07	0.2572894618208	0.569	0.504	0.025438583231161	c2	CAPZA1
7.57844885962935e-07	0.280805187166984	0.384	0.324	0.0255348255876351	c2	OFD1
7.62838684235751e-07	0.426264108791148	0.24	0.19	0.0257030866266394	c2	TVP23B
7.62932576733585e-07	0.295540276504971	0.437	0.382	0.0257062502404614	c2	MRFAP1
7.88142284199044e-07	0.393893492316064	0.192	0.143	0.0265556661238026	c2	TBC1D20
7.95319722465438e-07	0.316740561971728	0.411	0.354	0.0267975027287505	c2	METTL23
8.09368674514642e-07	0.34666584199043	0.242	0.187	0.0272708681190963	c2	ADRBK1
8.1444463767688e-07	0.781933845824166	0.108	0.073	0.0274418976218848	c2	PRICKLE4
8.37179671666365e-07	0.849068783974255	0.058	0.033	0.0282079318571265	c2	RASGEF1A
9.14232953234159e-07	1.31230362875096	0.029	0.013	0.0308041651262718	c2	NCR1
9.23498092994806e-07	1.07222341417736	0.035	0.017	0.031116344745367	c2	EXTL3
9.67542204565068e-07	0.216613624832493	0.46	0.393	0.0326003670406154	c2	VASP
9.74986660480752e-07	0.107533448679475	0.937	0.907	0.0328512005382385	c2	CHCHD2
9.83027243457206e-07	0.461459661007499	0.212	0.164	0.0331221199410471	c2	ACTR6
9.92094881965711e-07	0.507706836404248	0.129	0.089	0.0334276449529527	c2	KIF13B
9.9964584141317e-07	0.504436869465028	0.125	0.085	0.0336820669805753	c2	SFMBT2
1.01925839675744e-06	1.35950079437007	0.027	0.012	0.0343428924203451	c2	GPR35
1.02163549835316e-06	0.207992738020397	0.441	0.376	0.0344229864815112	c2	NR4A2
1.06667987650547e-06	1.19226915865408	0.022	0.009	0.0359407117589754	c2	DUSP8
1.07408299665727e-06	0.566928042359208	0.136	0.096	0.03619015248937	c2	NCOR2
1.10087884041755e-06	0.234875011585082	0.545	0.49	0.0370930116490288	c2	ACTR2
1.15272467221926e-06	0.207523865480517	0.552	0.488	0.0388399051057557	c2	LMAN2
1.15363116869593e-06	1.21426056687277	0.026	0.011	0.0388704485980406	c2	ADAM22
1.15873608820885e-06	0.272877143513807	0.068	0.04	0.0390424537561091	c2	DKK3
1.2506134907081e-06	0.348112900786007	0.38	0.324	0.0421381709559188	c2	DSTN
1.25893920394526e-06	0.467238589298556	0.194	0.147	0.0424186975377316	c2	ZNF511
1.26589487634972e-06	0.156488539002082	0.728	0.666	0.0426530619637276	c2	WDR83OS
1.28897218376071e-06	0.112023257011844	0.584	0.503	0.0434306287596333	c2	TRBC1
1.34847533000275e-06	0.605964278898889	0.115	0.078	0.0454355277691126	c2	HLTF
1.3497570749595e-06	0.44098745535424	0.199	0.153	0.0454787148836853	c2	ME2
1.35226356592566e-06	1.11967606264314	0.042	0.022	0.0455631685902991	c2	SPECC1
