gene	p_val	avg_log2FC	pct.1	pct.2	p_val_adj	cluster
TNFRSF14	3.01926515931393e-08	0.15238727907987	63.3333333333333	52.1970116214721	1.09388301374111e-06	c19
SMIM1	0.00467251423358083	0.0146548061271932	2.82051282051282	1.54215089466888	0.0465923925972988	c19
RPL22	2.34817826543841e-130	0.431053621061513	99.6153846153846	99.2436819774949	2.82569708841721e-127	c19
TNFRSF25	0.00393671086223123	0.0537648373926106	30.3846153846154	25.5414130234274	0.0406010210566327	c19
NOL9	0.00129587627825388	0.0367867930272478	12.1794871794872	8.84707618520568	0.0163991118191582	c19
RP4-633I8.4	0.00133993187011502	0.00124213944712964	0.128205128205128	0.00737871241468364	0.016653509565347	c19
DHRS3	0.000467424535003921	0.0530454163218958	16.5384615384615	12.337207157351	0.00678561063439126	c19
UQCRHL	0.000243274253017487	0.0694743995868024	33.4615384615385	26.7515218594355	0.0038774279475739	c19
NECAP2	0.00144699172907915	0.0764697282406413	40.5128205128205	35.2923814794318	0.017780794791974	c19
RP4-798A10.7	0.00138700580740683	0.00662298081583345	0.769230769230769	0.213982660025825	0.0171374307571565	c19
RP11-108M9.4	0.000508798811165193	0.0305563472977341	7.69230769230769	4.93635860542335	0.00729509240144681	c19
HTR6	3.7483758917469e-05	0.00500832921077821	0.512820512820513	0.0737871241468364	0.000762207467088232	c19
TCEA3	4.49197857509658e-17	0.0522069897208631	7.17948717948718	2.3907028223575	4.14665003039189e-15	c19
MDS2	2.47874277510823e-21	0.0761282555815451	11.4102564102564	4.25013835085778	2.85046959264493e-19	c19
RPL11	1.97711287952017e-180	0.410723510000158	100	99.9778638627559	2.22056137875176e-176	c19
RCAN3	0.000130007386862862	0.0710680043257502	34.7435897435897	27.8288138719793	0.00223379341813222	c19
LDLRAP1	3.92706876086274e-21	0.195967917316723	43.4615384615385	27.4746356760745	4.45517356324946e-19	c19
MAN1C1	0.000227348467678375	0.0196801844988014	4.1025641025641	2.13613724405091	0.00365297056268725	c19
RP1-187B23.1	0.00150982455607835	0.00424901533115915	0.512820512820513	0.110680686220255	0.0183490520246637	c19
SEPN1	2.27890111374597e-05	0.0294922280693246	6.53846153846154	3.6081903707803	0.000486598822094783	c19
RP11-288L9.4	5.15571604416676e-05	0.00102638887994099	0.128205128205128	0.00368935620734182	0.000985524564670416	c19
MARCKSL1	1.01709299199721e-11	0.113631529645961	25.3846153846154	16.3069544364508	5.92905385334845e-10	c19
RP1-117O3.2	0.00133759407361105	0.00139715519268671	0.128205128205128	0.00737871241468364	0.016653509565347	c19
CSMD2	5.16249438073035e-05	0.000915096018950169	0.128205128205128	0.00368935620734182	0.000985524564670416	c19
AKIRIN1	4.13380378194881e-05	0.0907401553988298	41.4102564102564	34.7020844862571	0.000827595868264904	c19
PABPC4	5.14896907080917e-13	0.134730411971252	32.4358974358974	21.888950378159	3.38846413812196e-11	c19
HPCAL4	2.34471725154398e-06	0.0172005934948105	2.56410256410256	0.900202914591404	6.13988588310499e-05	c19
YBX1	6.32111346461677e-08	0.159323861412915	90.1282051282051	83.1138166389965	2.20479914158175e-06	c19
C1orf228	1.4360301682491e-17	0.162088249396004	32.4358974358974	19.9040767386091	1.3515530862845e-15	c19
RPS8	4.88450494051591e-174	0.447149930232828	100	99.9926212875853	3.29157018931486e-170	c19
LINC01144	0.00137077852136202	0.0047113387465807	0.641025641025641	0.158642316915698	0.0169742783898463	c19
CMPK1	2.43875639319068e-06	0.12606142410771	58.5897435897436	50.0830105146652	6.35510115329982e-05	c19
AL356289.1	3.75372763567557e-09	0.00111820948701531	0.128205128205128	0	1.55569617412611e-07	c19
RP4-784A16.1	3.75372763567557e-09	0.00134912454495414	0.128205128205128	0	1.55569617412611e-07	c19
RP11-117D22.2	1.59896927518919e-09	0.0244726442126219	3.71794871794872	1.22855561704483	7.32006396171531e-08	c19
AK5	2.4939883307656e-05	0.0170398874648606	2.69230769230769	1.07729201254381	0.000526519065268272	c19
RP11-475O6.1	7.75537120791603e-05	0.0125704968771371	2.05128205128205	0.767386091127098	0.00140715927560325	c19
COL24A1	0.00133876250106844	0.00135690055371144	0.128205128205128	0.00737871241468364	0.016653509565347	c19
CCBL2	0.00139445455807427	0.0385333174597705	13.8461538461538	10.2600996126176	0.0172168383582831	c19
LRRC8D	0.000672379638606018	0.0453304737572077	15.3846153846154	11.4665190924184	0.00935004520973634	c19
RPL5	9.63471806427085e-133	0.451509164688499	100	99.5388304740823	1.20234144613904e-129	c19
FNBP1L	0.00392600981975858	0.00526545264817986	0.641025641025641	0.180778454159749	0.0405278722018828	c19
RP4-575N6.4	1.05235640679963e-07	0.03381999836324	5.38461538461539	2.3907028223575	3.54935903610677e-06	c19
S1PR1	5.60737077752476e-26	0.19295549020705	33.3333333333333	18.4283342556724	7.90521970618909e-24	c19
NBPF6	0.00133993187011502	0.00121230233209737	0.128205128205128	0.00737871241468364	0.016653509565347	c19
GNAT2	5.16249438073035e-05	0.00131410977143774	0.128205128205128	0.00368935620734182	0.000985524564670416	c19
GSTM2	5.11155723146531e-06	0.0311076168662336	6.28205128205128	3.28352702453422	0.000125075388058818	c19
KCNA3	0.004452301964822	0.0448565825175908	27.1794871794872	22.1066223943922	0.0448477914507362	c19
DENND2D	6.25484836285005e-09	0.166013997070001	68.7179487179487	57.9155137428519	2.51492673911539e-07	c19
PIFO	0.00120499896309247	0.00751282847104248	0.897435897435897	0.269323003135953	0.0154142881786021	c19
C1orf162	6.10835156271735e-85	0.383660799683062	43.8461538461538	17.2772551189817	3.02668819932645e-82	c19
MAB21L3	5.15571604416676e-05	0.00186333380579509	0.128205128205128	0.00368935620734182	0.000985524564670416	c19
ATP1A1	0.000285568699882847	0.0911310072522417	47.9487179487179	41.0367090942631	0.00443735561071037	c19
WARS2-IT1	5.15571604416676e-05	0.00165600383858163	0.128205128205128	0.00368935620734182	0.000985524564670416	c19
NBPF15	0.00113794191162572	0.0547660853553794	24.1025641025641	19.2252351964582	0.0146903504867115	c19
RP11-315I20.3	3.75372763567557e-09	0.00106899296160246	0.128205128205128	0	1.55569617412611e-07	c19
TXNIP	1.16510992800537e-51	0.584682241078069	98.974358974359	93.6985795978602	3.38424257881147e-49	c19
RP11-458D21.1	0.000970669755331567	0.0021421000796691	0.256410256410256	0.0295148496587346	0.0128207552866099	c19
BCL9	0.000383848885183703	0.0141401304876208	2.43589743589744	1.08098136875115	0.00574562609390479	c19
RP11-316M1.12	0.00133759407361105	0.0012269302876604	0.128205128205128	0.00737871241468364	0.016653509565347	c19
THEM4	1.30044704498377e-05	0.0905380212773305	36.6666666666667	29.0758162700609	0.000290565402743258	c19
LCE5A	3.75372763567557e-09	0.00121811389721077	0.128205128205128	0	1.55569617412611e-07	c19
S100A9	4.21507149799324e-06	0.0085375018488692	1.02564102564103	0.213982660025825	0.000104813740998807	c19
RPS27	7.73390090411779e-63	0.245667189609164	100	100	2.74301112698258e-60	c19
ATP8B2	0.000405328218275592	0.0370583972782196	11.9230769230769	8.26046854823833	0.00600313362047375	c19
RP11-350G8.5	2.94801253952817e-05	0.0122339299911684	1.66666666666667	0.531267293857222	0.000612771958709821	c19
IL6R	8.34648254870073e-71	0.284684933727162	37.0512820512821	14.3515956465597	3.30854568230497e-68	c19
PBXIP1	0.000346451489824367	0.0907441430549392	56.1538461538462	46.9138535325586	0.0052488023822582	c19
SSR2	0.00254533841370192	0.0823797909420088	86.6666666666667	82.9514849658735	0.0283419142469506	c19
RAB25	8.06316334118802e-05	0.00890960343816368	1.28205128205128	0.376314333148866	0.00145684737705198	c19
CD48	1.44119108605558e-28	0.309169930682528	91.1538461538461	80.269323003136	2.3123567835027e-26	c19
F11R	0.00371634371214856	0.0174014708027936	4.23076923076923	2.5493451392732	0.0388949039119098	c19
RP11-276E17.2	4.25327990657835e-06	0.00662408035069627	0.769230769230769	0.129127467256964	0.000105607968439389	c19
RCSD1	0.00333813420016289	0.0796381139513707	60.1282051282051	53.167312304003	0.0355371544203123	c19
SELL	3.73957028103336e-100	0.793566249040643	82.5641025641026	51.2488470761852	2.68087406487527e-97	c19
RP11-576I22.2	0.00133876250106844	0.00132827687482112	0.128205128205128	0.00737871241468364	0.016653509565347	c19
RP11-428K3.1	3.08306301077852e-06	0.00357610282344956	0.384615384615385	0.0332042058660764	7.89967491141989e-05	c19
ARPC5	0.00239921206535624	0.0952940602511497	72.1794871794872	65.235196458218	0.0269015145857282	c19
GS1-279B7.2	0.00245989870073723	0.0045451481660798	0.512820512820513	0.118059398634938	0.0275087377439894	c19
PRG4	0.000324089585685409	0.0062626437556566	0.769230769230769	0.184467810367091	0.00494783620302862	c19
RP11-295K2.3	5.16249438073035e-05	0.00107789785044891	0.128205128205128	0.00368935620734182	0.000985524564670416	c19
NUAK2	0.000744656591126831	0.0275764619953132	6.02564102564103	3.70411363217119	0.0102035214239233	c19
FCMR	8.68830073172783e-13	0.212485477026747	70.6410256410256	54.5471315255488	5.57606866390166e-11	c19
SUSD4	1.61702214125168e-07	0.0129860644086168	1.66666666666667	0.4058291828076	5.23380826391297e-06	c19
DEGS1	1.05656446535652e-05	0.0923164829105758	35.2564102564103	28.3158088913485	0.000240053156410806	c19
TMEM63A	1.35557245376786e-06	0.0658156843888073	19.8717948717949	13.5546947057738	3.73481737048843e-05	c19
TTC13	0.00280205177093351	0.0404988806308066	17.3076923076923	13.4071204574802	0.0307832841114554	c19
TOMM20	0.000313644310584449	0.107452351364177	70.6410256410256	63.2355653938388	0.0048167417506073	c19
CHRM3-AS2	4.56184116510124e-15	0.0723003245406357	12.6923076923077	5.84762958863678	3.61662767569227e-13	c19
RP11-11N7.5	0.00133759407361105	0.00175948628331526	0.128205128205128	0.00737871241468364	0.016653509565347	c19
CNST	0.00421882390621025	0.0538661264655096	27.0512820512821	22.5862387013466	0.0430332669297719	c19
SH3YL1	7.03070565876253e-16	0.101966141975131	20.5128205128205	11.0274857037447	5.95207528809911e-14	c19
ADI1	2.75181636582272e-06	0.0821007858153444	27.9487179487179	20.9444751890795	7.10495790268435e-05	c19
AC142528.1	0.00338117775015045	0.0138634842889297	2.69230769230769	1.41671278361926	0.0359454810177196	c19
RPS7	1.57055135678395e-48	0.196724377848879	100	99.9483490130972	4.16678404846287e-46	c19
RP11-439M11.1	0.00133759407361105	0.00189332384016827	0.128205128205128	0.00737871241468364	0.016653509565347	c19
RNF144A	1.07149763942578e-10	0.0604403273480345	10.7692307692308	5.37908135030437	5.64992824144164e-09	c19
AC062028.1	0.00182781608710661	0.00583094472106478	0.897435897435897	0.280391071757978	0.0214633028199754	c19
TRIB2	1.41947054204064e-10	0.0783624000253647	16.7948717948718	9.82844493635861	7.3922164518574e-09	c19
KLHL29	0.00165023119302997	0.00582241091847006	0.641025641025641	0.16233167312304	0.0196357636209671	c19
KRTCAP3	3.58744309047935e-08	0.0305236648436533	4.87179487179487	2.00700977679395	1.28317736189608e-06	c19
OXER1	0.00133759407361105	0.0017333628203996	0.128205128205128	0.00737871241468364	0.016653509565347	c19
RPS27A	7.23350160070513e-139	0.357859790773662	100	99.9815532189633	1.21862801467079e-135	c19
CFAP36	1.35122903376005e-09	0.0946019651200564	25.5128205128205	17.0190001844678	6.24531015960374e-08	c19
CEP68	0.000676497170674152	0.0388402643328856	13.4615384615385	9.67718133185759	0.0094034223055672	c19
AAK1	0.00018272035905921	0.0988335623408967	53.974358974359	46.5818114738978	0.00301349964666717	c19
RP11-434P11.2	0.00133759407361105	0.00144484277802032	0.128205128205128	0.00737871241468364	0.016653509565347	c19
TRABD2A	7.37930847083046e-18	0.119297201524843	21.7948717948718	11.6399188341634	7.0837156585801e-16	c19
TMSB10	1.50231461362072e-07	0.0865871503148155	100	99.9667957941339	4.90019250642173e-06	c19
MAL	6.24747926955287e-66	0.343051041040744	47.5641025641026	21.5458402508762	2.41956972998062e-63	c19
AC159540.2	0.00133993187011502	0.00124073542659838	0.128205128205128	0.00737871241468364	0.016653509565347	c19
MGAT4A	0.00136219297410199	0.062507321088869	35.3846153846154	29.2492160118059	0.0168741654666884	c19
RPL31	3.11502366236272e-57	0.309861361722769	99.4871794871795	97.4026932300314	9.80912217566818e-55	c19
NCK2	0.00204297794702172	0.0547941254136684	19.7435897435897	15.8088913484597	0.0235337090416923	c19
FBLN7	7.13951155076099e-26	0.197175486524594	35.6410256410256	20.2619442907213	9.9816888876075e-24	c19
AC110769.3	0.00133876250106844	0.00104945160535203	0.128205128205128	0.00737871241468364	0.016653509565347	c19
LIMS2	6.34664963004191e-12	0.0640857018970221	11.6666666666667	5.78491053311197	3.75164934446723e-10	c19
MZT2A	0.000534654156401169	0.0996945315020544	60.8974358974359	52.1416712783619	0.00762040488400211	c19
ARHGAP15	0.00263208250129243	0.0912038213919314	66.1538461538461	60.2619442907213	0.0292016423439404	c19
ACVR2A	1.81856272466442e-18	0.0560692853627068	7.69230769230769	2.54565578306585	1.78643301588463e-16	c19
RP11-546J1.1	0.00356556198635967	0.00243732865592928	0.256410256410256	0.0368935620734182	0.0375548751386067	c19
CERS6	0.000260579144072849	0.0201176582037318	4.35897435897436	2.33167312304003	0.0041066200563099	c19
SP5	0.00133993187011502	0.00136972077876969	0.128205128205128	0.00737871241468364	0.016653509565347	c19
ITGA6	1.46666926671557e-11	0.0816714352884765	18.0769230769231	10.3154399557277	8.43309799875675e-10	c19
SLC40A1	1.51441953536423e-31	0.113918246906904	14.7435897435897	5.16509869027855	2.74337913035282e-29	c19
AC020571.3	2.85048351070912e-11	0.050500479433027	7.94871794871795	3.46799483490131	1.60609015735507e-09	c19
AC013264.2	4.18982102124008e-13	0.0752900578887272	13.4615384615385	6.75890057185021	2.77897302145006e-11	c19
FAM117B	0.00140496480437306	0.0212513402209907	5.51282051282051	3.37576092971776	0.0173212162892593	c19
EEF1B2	1.90551516973003e-95	0.458491562338874	99.2307692307692	97.3325954620919	1.14650764515864e-92	c19
RPL37A	1.5126853262623e-71	0.314381067920088	100	99.428149787862	6.06766897417644e-69	c19
TUBA4A	5.90882139540218e-07	0.144064671175557	71.2820512820513	60.3135952776241	1.72373877139984e-05	c19
AC097713.4	2.09808906823309e-26	0.0620028967970459	7.82051282051282	2.08817561335547	3.02106893440367e-24	c19
PASK	5.3694540434956e-123	0.650638734128941	66.1538461538461	29.7915513742852	5.32112895710414e-120	c19
CRBN	1.75343927928679e-06	0.10007452635629	33.2051282051282	26.3051097583472	4.72643064610312e-05	c19
RPL32	2.9963013956114e-187	0.440177369012175	100	99.9778638627559	5.04786896118653e-183	c19
WNT7A	0.00292411923960562	0.0115587257877978	2.05128205128205	0.97399003873824	0.0318348774793214	c19
AC090952.5	5.16249438073035e-05	0.00118277346711268	0.128205128205128	0.00368935620734182	0.000985524564670416	c19
SH3BP5	3.26919419576939e-14	0.141457635133901	29.6153846153846	19.1440693598967	2.40507050725445e-12	c19
OXNAD1	1.61936674123635e-05	0.130307038379614	70	59.5203836930456	0.00035499637592204	c19
ZNF385D-AS1	3.75372763567557e-09	0.00165024858569538	0.128205128205128	0	1.55569617412611e-07	c19
RPL15	3.12845085068575e-68	0.245957716165341	100	99.8192215458403	1.2256979414303e-65	c19
ZCWPW2	0.00192251670179776	0.00857836819280236	1.02564102564103	0.346799483490131	0.0223524077813574	c19
TGFBR2	0.00221914032957394	0.0845053387574356	54.4871794871795	47.4229846891717	0.0252266242458382	c19
CMTM8	5.36583911303561e-72	0.275823459166241	36.6666666666667	13.7871241468364	2.17827208523641e-69	c19
DLEC1	0.00412248948118085	0.00886888922941864	1.53846153846154	0.671462829736211	0.0422069767787626	c19
RPSA	7.69656145736981e-114	0.381713024681468	100	99.6532005165099	6.48319854361546e-111	c19
RPL14	1.61825356941435e-84	0.277790300724687	99.8717948717949	99.9446596568899	7.78934796683531e-82	c19
CCK	0.00133876250106844	0.00107576720478867	0.128205128205128	0.00737871241468364	0.016653509565347	c19
VIPR1	1.0491378766558e-07	0.036211398282111	5.51282051282051	2.4792473713337	3.54204926012429e-06	c19
RP11-101C21.4	3.75372763567557e-09	0.00148187100138016	0.128205128205128	0	1.55569617412611e-07	c19
TGM4	5.15571604416676e-05	0.00145562364614301	0.128205128205128	0.00368935620734182	0.000985524564670416	c19
ALS2CL	5.27345464986656e-05	0.0138988278229656	2.17948717948718	0.822726434237226	0.00100273014092892	c19
IMPDH2	0.00228848572717423	0.0594823412179897	27.9487179487179	23.3831396421324	0.0258839335654275	c19
ABHD14B	4.98888038070181e-06	0.116238554215454	52.1794871794872	44.8588821250692	0.000122340127763731	c19
RPL29	1.7186775704424e-134	0.349537877047287	100	99.9299022320605	2.51778791558636e-131	c19
TKT	0.000949371123316735	0.0682240493100414	38.0769230769231	31.6288507655414	0.0125838358100055	c19
FHIT	1.27360403321339e-05	0.0403637901031341	8.2051282051282	4.80723113816639	0.000285134978704931	c19
ATXN7	6.86866144819426e-11	0.129226724831385	33.0769230769231	23.2577015310828	3.72677421635197e-09	c19
RP11-245J9.6	0.00392117989236255	0.00335913157787294	0.384615384615385	0.0774764803541782	0.0405028311751269	c19
FAM19A1	0.00431408393405108	0.00651164223826964	1.15384615384615	0.44641210108836	0.0437959457890681	c19
FOXP1	8.7504120349782e-08	0.129535906040893	52.6923076923077	41.7155506364139	2.9781452839046e-06	c19
MTRNR2L12	1.57489116276009e-10	0.230257077285583	70	54.8681055155875	8.15121088141914e-09	c19
RPL24	5.0825987646361e-49	0.21484582756921	100	99.6790260099613	1.37002466220519e-46	c19
RP11-49I4.3	3.75372763567557e-09	0.00112542585701231	0.128205128205128	0	1.55569617412611e-07	c19
LINC01215	3.26136631296617e-08	0.0429937745781959	8.46153846153846	4.29809998155322	1.17527782405435e-06	c19
TRAT1	6.54153410214252e-08	0.137395891477044	52.1794871794872	41.3355469470577	2.2722726807999e-06	c19
GCSAM	1.15037840476388e-20	0.0808554343734565	12.948717948718	5.19830289614462	1.27502795954323e-18	c19
RP11-757F18.5	2.34784574348312e-05	0.00341281510877997	0.384615384615385	0.04058291828076	0.000499421177278537	c19
C3orf17	0.00505568182510577	0.0442168413889043	19.8717948717949	16.1852056816086	0.0498671380020825	c19
IGSF11	0.00392560677388994	0.00321512505536783	0.384615384615385	0.0774764803541782	0.0405278722018828	c19
KALRN	2.0555203891711e-09	0.0165143991477049	2.05128205128205	0.479616306954436	9.28400857811406e-08	c19
PODXL2	3.08894513153625e-06	0.0144539421225287	2.17948717948718	0.712045748016971	7.9087323147403e-05	c19
ACKR4	0.000969718813065175	0.0019350538936306	0.256410256410256	0.0295148496587346	0.0128182446792538	c19
SLC9A9	0.000246026762368229	0.0588910668878517	20.3846153846154	15.6207341818853	0.00391574196090463	c19
CPB1	5.16249438073035e-05	0.00114421370050415	0.128205128205128	0.00368935620734182	0.000985524564670416	c19
SERP1	7.03444543154093e-09	0.161028112839418	83.974358974359	76.3180225050729	2.80495389787385e-07	c19
EIF2A	0.00114657396816092	0.0708341548898522	35	29.7657258808338	0.0147731296073468	c19
LINC01209	0.00133876250106844	0.00111173210536834	0.128205128205128	0.00737871241468364	0.016653509565347	c19
GP5	0.00014570716673563	0.00508558417772277	0.641025641025641	0.125438111049622	0.00246335036427011	c19
PPP1R2	1.03007097745069e-14	0.214702793944818	83.2051282051282	74.6541228555617	7.90597073216934e-13	c19
RPL35A	1.34140285520624e-95	0.284469659952197	100	99.9483490130972	8.21767778242166e-93	c19
CTBP1-AS2	5.54869255928002e-05	0.0327682015721706	7.94871794871795	4.77402693230031	0.0010467953364635	c19
SH3TC1	0.000519095117890237	0.0371829476065009	12.6923076923077	8.98727172108467	0.00742061557157133	c19
FAM200B	0.00161608040549772	0.06524331000658	30.7692307692308	25.9952038369305	0.0193229997100214	c19
FAM184B	0.000893667075374466	0.00482402359453182	0.641025641025641	0.151263604501015	0.0119252350248187	c19
KLF3	1.39990196313254e-05	0.0696538752815546	25.2564102564103	18.424644899465	0.000310931422187132	c19
TLR1	4.3484361793431e-07	0.0254372185212879	4.1025641025641	1.68972514296255	1.29545719387079e-05	c19
RPL9	3.58767807632297e-138	0.48847079349544	100	99.6015495296071	5.75634405255362e-135	c19
TXK	1.89576273604561e-72	0.319454946583985	42.6923076923077	17.1850212137982	7.88590489238528e-70	c19
USP46	0.00235016493747881	0.0192836376275614	4.61538461538462	2.77808522412839	0.0265014917682099	c19
RP11-646I6.5	0.00265010175485129	0.00538963938786795	0.897435897435897	0.291459140380004	0.0293532309427874	c19
STAP1	0.00243362371115445	0.0126237687071513	2.30769230769231	1.1289429994466	0.0272239433345412	c19
SULT1B1	0.00297137792922777	0.00746986458478076	1.28205128205128	0.501752444198487	0.0322231164857277	c19
RASSF6	0.00292338237667619	0.00659321994488914	0.769230769230769	0.232429441062535	0.0318348774793214	c19
NAAA	6.75557114237979e-06	0.0772888233058038	27.5641025641026	20.7673860911271	0.00016097752055965	c19
CCNI	1.65285920812596e-05	0.102969416611003	95.8974358974359	93.6247924737133	0.000361398041262791	c19
PLAC8	2.08902426841383e-27	0.182236535737317	31.6666666666667	16.5799667957941	3.12833705333046e-25	c19
HSD17B11	0.00044371392262018	0.0730674889248965	41.5384615384615	34.3183914406936	0.00648611579555937	c19
SNCA	1.03135216021994e-05	0.0114048520721266	1.41025641025641	0.383693045563549	0.000235276775128305	c19
MMRN1	8.0158538131616e-17	0.0319818780608563	3.33333333333333	0.693598966980262	7.18314304203901e-15	c19
SLC39A8	0.00289913515905447	0.0359520222260618	12.3076923076923	9.20863309352518	0.0316332448345795	c19
RP11-556I14.2	3.75372763567557e-09	0.00117746928066857	0.128205128205128	0	1.55569617412611e-07	c19
LEF1	1.11394975003261e-42	0.347136742663941	60.1282051282051	36.7127836192584	2.62471488654537e-40	c19
RPL34	2.66244844778098e-164	0.410944637122641	99.8717948717949	99.9852425751706	9.96761533328138e-161	c19
CCDC109B	9.09778806459152e-14	0.197582234801561	67.1794871794872	53.2410994281498	6.46710698414233e-12	c19
CASP6	4.45261161110069e-07	0.0778405190757993	21.025641025641	14.6282973621103	1.3241508881238e-05	c19
PLA2G12A	0.00503324759486347	0.0340400887706905	10.7692307692308	8.01328168234643	0.0496910177298262	c19
ARSJ	0.000643754829230343	0.0039427324233721	0.512820512820513	0.0996126175982291	0.00897421399093387	c19
SNHG8	5.55812547389641e-06	0.129921707581006	72.3076923076923	63.4901309721454	0.000135412494372716	c19
IL2	3.03532289739745e-09	0.051707147262494	8.07692307692308	3.86644530529423	1.3408837857726e-07	c19
INPP4B	1.18614409983888e-07	0.130964836001559	50.5128205128205	40.302527209002	3.94920348813944e-06	c19
RP11-223C24.1	2.40169029668557e-07	0.0412657096902262	7.05128205128205	3.55653938387751	7.51370035808017e-06	c19
RPS3A	7.2622034025978e-163	0.443091757175778	100	99.9409703006825	2.4469268144713e-159	c19
RP11-372K14.2	0.000408462328052305	0.00247234120185562	0.256410256410256	0.0258254934513927	0.006033638615254	c19
RP11-18H21.1	1.25938324997476e-43	0.258387297120142	40.8974358974359	20.1770890979524	3.00947937763473e-41	c19
TRIM2	0.000154678117104284	0.0136666195981539	1.92307692307692	0.73049252905368	0.00259677353149564	c19
KIAA0922	3.30353182497114e-08	0.0982677403318787	25.5128205128205	18.1073602656336	1.1866652591746e-06	c19
RP11-9N12.2	3.75372763567557e-09	0.00190496017911625	0.128205128205128	0	1.55569617412611e-07	c19
HAND2	0.00133993187011502	0.00147208622116691	0.128205128205128	0.00737871241468364	0.016653509565347	c19
WDR17	0.00286936894390753	0.00337364088278841	0.384615384615385	0.0737871241468364	0.0313490652386577	c19
C5orf17	0.00357284361351953	0.00856426898958437	1.02564102564103	0.368935620734182	0.0376044344284564	c19
IL7R	4.77101365239666e-58	0.764672352241819	97.4358974358974	79.3506733075078	1.53099556194146e-55	c19
FYB	5.10411966196399e-42	0.372604768513119	96.025641025641	87.6258992805755	1.16201491817713e-39	c19
RPL37	4.8323679189195e-151	0.396804132072004	100	99.9667957941339	1.25247542046211e-147	c19
IL6ST	4.34974184012214e-33	0.296527960635851	54.8717948717949	34.9345139273197	8.23371918882445e-31	c19
CTD-2031P19.5	0.000320181178363428	0.0132000897235892	1.92307692307692	0.763696734919756	0.00490372028353516	c19
ANKRD55	9.42764080513701e-61	0.16479614195297	18.3333333333333	4.94742667404538	3.14509830978501e-58	c19
BTF3	2.74988581131985e-05	0.084801615463642	97.8205128205128	97.2624976941524	0.000575852408493543	c19
NSA2	4.36826668641571e-08	0.15603442656185	71.5384615384615	62.3538092602841	1.54605438794213e-06	c19
S100Z	0.0005036917467436	0.00648800655066496	0.897435897435897	0.247186865891902	0.00723418146410012	c19
SERINC5	3.7556020296099e-91	0.415328440969781	51.025641025641	21.6122486626084	2.00859134580438e-88	c19
FAM151B	3.77594218393435e-05	0.00343843513446777	0.512820512820513	0.0737871241468364	0.000766887257055359	c19
RASGRF2	0.00222188056358718	0.0206421564721689	4.48717948717949	2.67478325032282	0.025249255888535	c19
SSBP2	0.00185470880810616	0.0384243689741846	13.0769230769231	9.73252167496772	0.0217289842073467	c19
RPS23	7.92409064004655e-125	0.331335230715484	100	99.9778638627559	8.61271967824931e-122	c19
COX7C	1.41441383838197e-09	0.116668328525483	97.6923076923077	96.1888950378159	6.52839176307428e-08	c19
GPR150	4.00504186619763e-12	0.0276511726486561	4.1025641025641	1.22855561704483	2.39690729377732e-10	c19
RHOBTB3	0.00463321306755715	0.00417763833972136	0.641025641025641	0.184467810367091	0.0463101397503028	c19
RGMB	0.00141916895976467	0.0122187224892968	2.17948717948718	1.00350488839697	0.0174771487318387	c19
NUDT12	0.000165440629206073	0.0113197017276087	1.79487179487179	0.660394761114186	0.00275276867183674	c19
CAMK4	0.000274786284817171	0.0902639253939241	52.4358974358974	45.5229662423907	0.00430634840959524	c19
AC010468.2	3.75372763567557e-09	0.00127633721593222	0.128205128205128	0	1.55569617412611e-07	c19
TNFAIP8	7.12971404314753e-14	0.20057837961344	66.5384615384615	54.5397528131341	5.11124648871943e-12	c19
HINT1	1.88121837046561e-10	0.165292045897219	97.051282051282	93.1119719608928	9.66246520952259e-09	c19
TCF7	7.03968806828457e-84	0.520336432538489	72.051282051282	38.5869765725881	3.34077816581381e-81	c19
KLHL3	0.000107116676467976	0.0160119810910006	2.56410256410256	1.08098136875115	0.0018788075465445	c19
PCDHGA11	3.75372763567557e-09	0.00110003912587595	0.128205128205128	0	1.55569617412611e-07	c19
NDFIP1	5.85574714095475e-08	0.154793937521333	74.4871794871795	66.0173399741745	2.04884261856001e-06	c19
RP11-394O4.3	0.00196774807806816	0.00217977125396539	0.256410256410256	0.0332042058660764	0.022782937489402	c19
RPS14	3.36911670128484e-99	0.305776091631149	100	99.9852425751706	2.31671465577738e-96	c19
MYOZ3	5.15571604416676e-05	0.00202090156443353	0.128205128205128	0.00368935620734182	0.000985524564670416	c19
ITK	2.36188885142821e-13	0.212088532270982	66.6666666666667	55.0119904076739	1.6077067264651e-11	c19
NPM1	3.43157168790707e-25	0.213949825961459	96.7948717948718	94.2187788230954	4.62493505809363e-23	c19
HRH2	2.10484172623351e-18	0.0620825738980229	8.84615384615385	3.17284633831396	2.04972650646566e-16	c19
FAM153B	1.02796757314609e-06	0.0208971204337999	3.58974358974359	1.42778085224128	2.88155901910019e-05	c19
GRK6	2.30890946052578e-07	0.113512106963557	41.7948717948718	32.76886183361	7.23687398725168e-06	c19
FAM153A	4.20037776918332e-05	0.0179533447340723	2.17948717948718	0.815347721822542	0.000839427808747703	c19
GNB2L1	2.63808099053742e-85	0.300641344376559	100	99.6790260099613	1.32667911783832e-82	c19
SLC22A23	0.00115254767108694	0.00421750236786445	0.512820512820513	0.106991330012913	0.01482777442902	c19
RP11-330A16.1	8.7572635887994e-10	0.0313404038239211	4.23076923076923	1.47943183914407	4.15587661071841e-08	c19
FAM65B	1.38635913787783e-25	0.256150090833691	53.0769230769231	35.2776240546025	1.8988611703925e-23	c19
SLC17A1	3.75372763567557e-09	0.00107383140794297	0.128205128205128	0	1.55569617412611e-07	c19
LINC00243	0.000767837747101027	0.028972252417894	7.17948717948718	4.5784910533112	0.010470062748208	c19
LTB	1.22268498087694e-91	0.839283990758313	97.1794871794872	76.244235380926	6.75363077797831e-89	c19
HSPA1A	0.00237721787006532	0.172791190449564	45.7692307692308	41.8594355285003	0.0267260523570173	c19
HSPA1B	1.52649740940963e-10	0.294104878519166	49.8717948717949	39.9926212875853	7.91289287886892e-09	c19
C6orf48	4.52785563697986e-13	0.172829455721658	53.8461538461538	41.2802066039476	2.99140329083136e-11	c19
GPSM3	8.244057920603e-21	0.26531229177406	88.5897435897436	77.808522412839	9.19785720452972e-19	c19
RPS18	2.32984045845371e-169	0.473146315784838	100	99.9483490130972	1.12145206295913e-165	c19
CUTA	0.000275103983316898	0.114453690307615	76.5384615384615	67.7919203099059	0.00430932292602491	c19
RPL10A	2.48491724935431e-105	0.388329717900357	100	99.3469839513005	1.94713492557545e-102	c19
FKBP5	6.59731218511841e-20	0.239508753924421	56.9230769230769	40.151263604501	7.01229768975961e-18	c19
PI16	1.05904457474335e-11	0.0300835529830774	3.84615384615385	1.14001106806862	6.15231860369007e-10	c19
CCND3	0.000748016596114648	0.0988976832017441	72.4358974358974	64.6596568898727	0.0102412316901613	c19
RP3-483K16.4	3.75372763567557e-09	0.00115631453686152	0.128205128205128	0	1.55569617412611e-07	c19
EEF1A1	7.89369783190438e-190	0.399655424105027	100	99.9963106437927	2.65970254748186e-185	c19
AIM1	9.54201262977278e-05	0.0912441735447751	40.1282051282051	32.5327430363402	0.00169482642882216	c19
SCML4	3.09100650538417e-05	0.10819306000014	50	41.888950378159	0.000638555323068144	c19
HSF2	1.56729487137793e-06	0.049539631443922	11.4102564102564	6.95443645083933	4.26218187217175e-05	c19
AKAP7	2.85689985888484e-05	0.0587200803789477	19.4871794871795	14.0343110127283	0.000596408821841795	c19
RPS12	2.96103406257372e-148	0.398359232949064	100	99.9926212875853	7.12636297888277e-145	c19
ABRACL	5.29309247690491e-09	0.171692052392015	79.1025641025641	68.3895960154953	2.14874045682933e-07	c19
AIG1	1.54497144962014e-08	0.060187406828795	12.6923076923077	7.24958494742667	5.84245432362526e-07	c19
AL023806.1	0.00133876250106844	0.00115178976051218	0.128205128205128	0.00737871241468364	0.016653509565347	c19
ESR1	4.61169996349631e-05	0.0120283778165252	1.53846153846154	0.483305663161778	0.000914038932764969	c19
IPCEF1	8.05687881310241e-05	0.0752849273745024	30.7692307692308	24.2243128574064	0.00145684737705198	c19
PLG	5.15571604416676e-05	0.00175693260279445	0.128205128205128	0.00368935620734182	0.000985524564670416	c19
RPS6KA2	0.000732378137578786	0.0156163380357079	2.94871794871795	1.45729570190002	0.0100557249256641	c19
RNASET2	3.22234807374424e-28	0.292279782545797	70.2564102564102	53.9199409703007	5.0499439998483e-26	c19
THBS2	0.00133876250106844	0.00100780677865768	0.128205128205128	0.00737871241468364	0.016653509565347	c19
DLL1	0.00383744197304742	0.00362948157592565	0.512820512820513	0.125438111049622	0.0398701109589453	c19
AC092171.4	0.00133876250106844	0.000955657845601574	0.128205128205128	0.00737871241468364	0.016653509565347	c19
ACTB	6.9777347562892e-07	0.0995081473670512	100	99.9520383693045	2.0129092027261e-05	c19
RP5-1007H16.1	5.16249438073035e-05	0.00116966622418852	0.128205128205128	0.00368935620734182	0.000985524564670416	c19
AC073333.1	3.75372763567557e-09	0.00135821365727203	0.128205128205128	0	1.55569617412611e-07	c19
TOMM7	5.03008894650857e-26	0.202919863386111	98.0769230769231	96.7349197565025	7.12116877998571e-24	c19
LSM5	0.000892438898546147	0.0698199504908261	40.8974358974359	34.4807231138166	0.0119214651567638	c19
BMPER	5.15571604416676e-05	0.00147633923575629	0.128205128205128	0.00368935620734182	0.000985524564670416	c19
RP11-111K18.2	0.00133759407361105	0.00122548526743886	0.128205128205128	0.00737871241468364	0.016653509565347	c19
HSPB1	1.86848551692741e-11	0.185555073613571	65.5128205128205	53.5362479247371	1.0670635763958e-09	c19
PCLO	0.00133876250106844	0.00104841581726973	0.128205128205128	0.00737871241468364	0.016653509565347	c19
TMEM243	5.87215812047391e-09	0.158738525488682	62.3076923076923	50.7802988378528	2.36953887079339e-07	c19
POLR2J3	0.00206918399464425	0.0555722770310647	26.6666666666667	22.0623501199041	0.0237624695008669	c19
LHFPL3	3.75372763567557e-09	0.00125934606381195	0.128205128205128	0	1.55569617412611e-07	c19
SYPL1	1.68170908682133e-08	0.127693661949029	44.3589743589744	34.2482936727541	6.32405200573191e-07	c19
CPA4	3.75372763567557e-09	0.00108794256297089	0.128205128205128	0	1.55569617412611e-07	c19
MESTIT1	5.16249438073035e-05	0.000599159145968752	0.128205128205128	0.00368935620734182	0.000985524564670416	c19
PLXNA4	0.000408014296321126	0.00218712806387742	0.256410256410256	0.0258254934513927	0.0060296639036158	c19
TBXAS1	0.000398838080775636	0.0339409632251571	8.46153846153846	5.53034495480539	0.00592263124444877	c19
TAS2R3	3.75372763567557e-09	0.00150978823882369	0.128205128205128	0	1.55569617412611e-07	c19
TRBV7-2	0.00309888063605869	0.0618462401068155	8.07692307692308	5.56354916067146	0.0333910086828786	c19
TRBV5-6	0.00120945360684425	0.0518366828122338	3.97435897435897	2.23574986164914	0.0154595333190478	c19
TRBV12-5	0.00250830954448962	0.0186446321271859	1.41025641025641	0.56816085593064	0.0279850933086203	c19
TRBV22-1	1.03145026074685e-08	0.00268148800567874	0.256410256410256	0.00737871241468364	4.01776706191956e-07	c19
GSTK1	5.69208851526037e-10	0.165546475791068	90	84.1025641025641	2.77152067099975e-08	c19
ZNF467	0.000596884340403536	0.00681642256856534	1.02564102564103	0.309905921416713	0.0083867476920587	c19
ATP6V0E2	1.88025047378015e-08	0.125282906269842	47.5641025641026	37.4580335731415	7.04707001819224e-07	c19
GIMAP8	0.00397276418759299	0.0365976796065376	12.6923076923077	9.59232613908873	0.0409352649959505	c19
GIMAP7	1.76888302566234e-19	0.286431656722538	88.0769230769231	76.4397712599151	1.84522429308567e-17	c19
GIMAP4	2.08370379409278e-06	0.162298383072518	83.3333333333333	72.3814794318392	5.5413035231383e-05	c19
GIMAP5	1.28490190650705e-15	0.139240688777382	30.7692307692308	19.0223206050544	1.06634199108002e-13	c19
ATG9B	6.64676641229825e-11	0.0408283296655912	6.41025641025641	2.57517063272459	3.61219592735447e-09	c19
PRKAG2-AS1	0.00447766819723249	0.0264456716624643	7.30769230769231	5.06179671647298	0.0450225461765299	c19
AC006372.5	3.75372763567557e-09	0.00120957371148604	0.128205128205128	0	1.55569617412611e-07	c19
SLC25A6	4.38553877136654e-11	0.179015635090583	92.3076923076923	86.6260837483859	2.44241889855246e-09	c19
PUDP	0.00436446129912897	0.0350027627421535	11.9230769230769	8.9983397897067	0.0441905916825359	c19
MSL3	0.00187911799966934	0.0544670718969273	24.8717948717949	20.2471868658919	0.0219234771055606	c19
SCML1	3.50634276672666e-37	0.180146098726494	23.5897435897436	9.85795978601734	7.33805671938435e-35	c19
EIF2S3	2.03318797936794e-20	0.239370614717257	69.1025641025641	54.4253827707065	2.22422843431245e-18	c19
TSPAN7	3.05770031155454e-06	0.00479588681271689	0.512820512820513	0.0590296993174691	7.84065101198773e-05	c19
TIMP1	4.99901426426551e-10	0.118450908467335	31.4102564102564	21.8336100350489	2.44465582902993e-08	c19
CFP	1.35006841795892e-14	0.051068941021636	7.94871794871795	3.03265080243498	1.02222933201591e-12	c19
UXT	1.4737027118701e-07	0.142306031243987	73.974358974359	66.5965688987272	4.8161919664162e-06	c19
PCSK1N	9.0047602383159e-06	0.0429190361530319	8.33333333333333	4.84781405644715	0.000208021063372028	c19
GPR173	3.75372763567557e-09	0.00137274704473872	0.128205128205128	0	1.55569617412611e-07	c19
FAAH2	2.50229367997334e-14	0.113058291193733	22.4358974358974	13.0898358236488	1.85709875006656e-12	c19
EDA2R	0.000865044701469602	0.00442479201905807	0.512820512820513	0.103301973805571	0.0115984147120242	c19
IGBP1	8.72195546006324e-10	0.144099528615668	50.5128205128205	39.8450470392916	4.1449586357034e-08	c19
RPS4X	9.76787187730403e-127	0.356089226476914	100	99.9741745065486	1.09706225011294e-123	c19
NAP1L6	6.28036460782338e-06	0.00449329753167021	0.512820512820513	0.0627190555248109	0.000151042544679515	c19
KIAA2022	0.000225747849551533	0.0045384806734349	0.512820512820513	0.0885445489762036	0.00363244892205795	c19
CYSLTR1	6.6903601667086e-13	0.0948983856570936	16.2820512820513	8.89503781590113	4.3350960664823e-11	c19
CPXCR1	5.15571604416676e-05	0.00107974210627831	0.128205128205128	0.00368935620734182	0.000985524564670416	c19
RPL36A	3.26236315771131e-25	0.287165306493329	88.2051282051282	76.2848182992068	4.41454073236647e-23	c19
TCEAL2	1.29955609627983e-14	0.0214027006912088	2.30769230769231	0.409518539014942	9.88425352326247e-13	c19
BEX2	1.09509681837728e-12	0.100979008631888	23.5897435897436	14.2778085224128	6.92273774829346e-11	c19
NGFRAP1	1.24762071848277e-13	0.0923356226983407	20.3846153846154	11.4038000368936	8.72143827563455e-12	c19
VSIG1	1.08916578551427e-07	0.0386624430820689	6.66666666666667	3.22080796900941	3.65157731115601e-06	c19
SEPT6	1.57855980070939e-15	0.23346551217078	83.974358974359	73.9088729016787	1.29411177433339e-13	c19
RPL39	2.54785214428114e-160	0.403144067585817	100	99.9446596568899	7.80430274085533e-157	c19
TENM1	0.00289818972611038	0.0095755784780271	1.28205128205128	0.501752444198487	0.031633172864128	c19
FHL1	9.44301476194789e-06	0.0452266120331189	10.6410256410256	6.61870503597122	0.000216858651136809	c19
CD40LG	3.1780088044337e-141	0.605243637387887	66.4102564102564	25.6852979155137	6.13312462804856e-138	c19
LINC00632	3.75372763567557e-09	0.00124570762056726	0.128205128205128	0	1.55569617412611e-07	c19
LDOC1	3.51813771819656e-09	0.0484595361375481	8.97435897435897	4.48256779192031	1.53350753268972e-07	c19
PNMA5	1.2785718209819e-07	0.0208574813827005	2.94871794871795	0.992436819774949	4.22769371306811e-06	c19
DUSP9	0.00197123190221051	0.00201107811342092	0.256410256410256	0.0332042058660764	0.0228086152860854	c19
U52111.14	5.15571604416676e-05	0.00137473869648574	0.128205128205128	0.00368935620734182	0.000985524564670416	c19
TMEM187	0.00041656824655879	0.0386517974699417	10.7692307692308	7.41191662054971	0.00613187003038526	c19
TKTL1	0.00118161479134159	0.00941510009711785	1.53846153846154	0.605054418004058	0.0151669823921766	c19
RPL10	4.53854095472149e-101	0.273842621107657	100	99.9926212875853	3.39825775396413e-98	c19
MFHAS1	7.72367113453547e-10	0.0665522480462336	13.5897435897436	7.6222099243682	3.69136702421331e-08	c19
MTUS1	1.97865549128326e-08	0.0241497022451102	3.33333333333333	1.1289429994466	7.39122152142993e-07	c19
TNFRSF10D	6.63438055874012e-05	0.0302458591252298	6.15384615384615	3.46799483490131	0.00122621403481179	c19
CHMP7	1.00967033065154e-25	0.235552159070214	46.025641025641	29.3672754104409	1.39425541479397e-23	c19
NEFL	5.15776592182193e-05	0.0118635328907869	1.41025641025641	0.424275963844309	0.000985524564670416	c19
EPHX2	0.000693377164891671	0.0411191100333376	14.8717948717949	10.9241837299391	0.00957878236730626	c19
SARAF	9.28248797841702e-15	0.164815801626477	100	98.8895037815901	7.17348967763264e-13	c19
LEPROTL1	0.000212081690920401	0.114679765318521	83.8461538461539	77.4432761483121	0.00344379782837205	c19
RP11-11N9.4	1.50143351090101e-05	0.0150907289121744	2.56410256410256	0.977679394945582	0.00033173311945114	c19
RP11-30L15.6	0.00133993187011502	0.00117735581991533	0.128205128205128	0.00737871241468364	0.016653509565347	c19
RPS20	3.10049418397409e-59	0.386022109835637	97.1794871794872	91.4480723113817	1.01425292266818e-56	c19
PLAG1	2.51687905864684e-13	0.0335679156592591	4.48717948717949	1.33554694705774	1.70975247987997e-11	c19
CHD7	2.34523450215353e-06	0.053222562605491	12.8205128205128	8.10551558752998	6.13988588310499e-05	c19
AC022182.1	2.27092376717692e-05	0.0145225698666875	1.92307692307692	0.653016048699502	0.00048520295124451	c19
AC022182.3	0.00437586376729989	0.0227319843684376	5.38461538461539	3.47906290352334	0.0442763825151359	c19
RP11-659E9.2	3.75372763567557e-09	0.00124114534289677	0.128205128205128	0	1.55569617412611e-07	c19
RP11-531A24.5	3.0943813079479e-06	0.0032930528651395	0.384615384615385	0.0332042058660764	7.91546084975424e-05	c19
RPL7	5.47145067174471e-83	0.391935379099191	98.5897435897436	96.1335546947058	2.56048692963564e-80	c19
LY96	5.07781453263753e-12	0.0908638477424509	18.4615384615385	10.7212691385353	3.01867108432378e-10	c19
SLC10A5	3.75372763567557e-09	0.00145342269429986	0.128205128205128	0	1.55569617412611e-07	c19
WWP1	0.00336343511902262	0.0455562378184834	18.5897435897436	14.8238332410994	0.0357838910326328	c19
RIPK2	5.43065738062206e-09	0.0919760853271688	19.6153846153846	12.7061427780852	2.20193224768568e-07	c19
AB015752.3	0.00133993187011502	0.00103645486661086	0.128205128205128	0.00737871241468364	0.016653509565347	c19
TMEM55A	0.000134073775326202	0.0439067608159965	14.3589743589744	10.0682530898358	0.00229430258295636	c19
C8orf37-AS1	0.000596323723399181	0.00851077864614873	1.15384615384615	0.372624976941524	0.00838236609771047	c19
UQCRB	2.06178004586937e-06	0.10612972177672	93.3333333333333	90.6843755764619	5.49219856292846e-05	c19
RPL30	1.34091847671193e-128	0.314424898925526	100	99.988931931378	1.55796231566662e-125	c19
PABPC1	3.64208085572587e-86	0.451273881910968	99.4871794871795	96.7607452499539	1.88794265158196e-83	c19
RP11-1C8.5	3.75372763567557e-09	0.00117112817615358	0.128205128205128	0	1.55569617412611e-07	c19
EIF3E	6.08683389964254e-52	0.403508603481886	90.8974358974359	77.0263788968825	1.81495381782793e-49	c19
EIF3H	2.86258264607786e-16	0.21449292829959	83.974358974359	75.2628666297731	2.4794822539061e-14	c19
SAMD12	5.63022897532806e-06	0.021711385056919	2.94871794871795	1.15476849289799	0.000136971072270544	c19
FBXO32	0.000256377267909263	0.0754101339224842	27.9487179487179	22.2874008485519	0.0040498713853421	c19
NDUFB9	4.78287668221915e-12	0.180563073224155	70.5128205128205	59.5757240361557	2.85228755629543e-10	c19
LINC00861	6.62720569773373e-08	0.149274019565955	53.5897435897436	42.9662423907028	2.29966085251741e-06	c19
RP11-103H7.5	3.09627156169528e-06	0.00320399994113989	0.384615384615385	0.0332042058660764	7.91546084975424e-05	c19
CASC21	4.5248669642224e-07	0.00285463652742089	0.256410256410256	0.0110680686220255	1.34445209429021e-05	c19
MYC	0.0028517995598258	0.0308916051559844	14.4871794871795	10.857775318207	0.0312077084666355	c19
ZFAT-AS1	0.000139598760025306	0.00228166792231179	0.256410256410256	0.0221361372440509	0.00237729580059698	c19
PTK2	5.29909700399976e-12	0.0467320451015536	6.15384615384615	2.320605054418	3.14344673332338e-10	c19
PTP4A3	0.00342615314803622	0.0281131687741552	12.0512820512821	8.92455266555986	0.0363593083999788	c19
CTD-2292P10.2	1.03145026074685e-08	0.00274233833307465	0.256410256410256	0.00737871241468364	4.01776706191956e-07	c19
LY6H	5.15571604416676e-05	0.00161640995386376	0.128205128205128	0.00368935620734182	0.000985524564670416	c19
EEF1D	6.81147615123188e-38	0.228523891137324	99.8717948717949	99.1219332226526	1.46182087541151e-35	c19
RPL8	1.51991909369383e-91	0.288107049250686	100	99.8745618889504	8.26002482950323e-89	c19
KCNV2	3.75372763567557e-09	0.00116508630246387	0.128205128205128	0	1.55569617412611e-07	c19
PLPP6	0.000185102268997258	0.0285758336935591	6.41025641025641	3.78527946873271	0.00304638617374639	c19
CDC37L1	2.73917886410058e-09	0.0955276412588846	23.974358974359	16.0782143515956	1.2175975283246e-07	c19
RP11-12D24.10	3.75372763567557e-09	0.00123997799620533	0.128205128205128	0	1.55569617412611e-07	c19
RPS6	1.29263608661442e-168	0.497172708795888	100	99.8413576830843	5.4442600377983e-165	c19
AQP3	5.80553246752903e-38	0.283520761031945	46.1538461538462	25.9841357683084	1.25392058308284e-35	c19
ZCCHC7	0.00171124112985923	0.0532813779487185	24.2307692307692	19.6347537354732	0.0202595075999568	c19
FAM95C	2.14897019179846e-06	0.0096571465049526	1.15384615384615	0.250876222099244	5.69688447226259e-05	c19
ANKRD18A	0.000286835917183187	0.00805356908156462	1.15384615384615	0.350488839697473	0.004447606715863	c19
FAM201A	1.35897449674031e-07	0.0148245863466843	2.05128205128205	0.564471499723298	4.47598110392649e-06	c19
CTSL	3.79519130130884e-10	0.0899671903633621	20.8974358974359	12.9422615753551	1.87775588408664e-08	c19
NXNL2	5.16249438073035e-05	0.00116545740144842	0.128205128205128	0.00368935620734182	0.000985524564670416	c19
ANP32B	2.24924383769444e-07	0.141534961483717	80	73.4144991698949	7.07129458119099e-06	c19
TNFSF8	7.93872297779772e-36	0.302169689691955	56.025641025641	33.9679026009961	1.61136946996335e-33	c19
RPL35	8.22663593378177e-57	0.261669240883926	99.8717948717949	99.3285371702638	2.56655806623003e-54	c19
RPL12	3.6882325050147e-77	0.262866121083157	100	99.9594170817192	1.6139130652463e-74	c19
ABO	0.0042241474225883	0.0121559387197729	2.17948717948718	1.08836008116584	0.0430515496844193	c19
RPL7A	5.99057691243798e-47	0.193423398278397	100	99.9557277255119	1.54081296555485e-44	c19
RNF208	0.000408910819293696	0.00167506322705283	0.256410256410256	0.0258254934513927	0.00603497203034683	c19
NLRP6	0.00389291946315225	0.0223524488153473	5.12820512820513	3.26876959970485	0.0402602910962099	c19
RP11-326C3.11	0.00115982296710554	0.0244647950367772	6.15384615384615	3.85168788046486	0.0149047023181358	c19
IFITM3	1.14120382289734e-07	0.143384308560697	55.3846153846154	45.3606345692677	3.81465492149832e-06	c19
RP11-326C3.14	5.16249438073035e-05	0.00136338095289965	0.128205128205128	0.00368935620734182	0.000985524564670416	c19
RPLP2	1.71223399599568e-81	0.273276125218355	100	99.9594170817192	7.7962178731187e-79	c19
KCNQ1	4.6764573192547e-05	0.0219689231175081	3.71794871794872	1.74875484228002	0.0009246980804869	c19
RRM1-AS1	5.16249438073035e-05	0.00136521727700098	0.128205128205128	0.00368935620734182	0.000985524564670416	c19
APBB1	2.52029073996804e-07	0.0805352889062758	23.4615384615385	16.3918096292197	7.83382621701873e-06	c19
EIF3F	1.14018690780581e-12	0.181298585721038	91.025641025641	85.2315071020107	7.19428046284811e-11	c19
RIC3	4.00476244570028e-06	0.0792134888146918	23.2051282051282	16.9599704851503	0.00010024997462513	c19
RPL27A	1.22692763378628e-30	0.261998545695161	98.5897435897436	96.0413207895222	2.10918875983647e-28	c19
C11orf16	5.15571604416676e-05	0.00163656431792885	0.128205128205128	0.00368935620734182	0.000985524564670416	c19
DENND5A	1.85807974538176e-06	0.0216517387541752	3.71794871794872	1.54215089466888	4.9845652023004e-05	c19
MTRNR2L8	0.00138452235059556	0.036827250400091	13.4615384615385	9.85795978601734	0.0171139867492321	c19
RPS13	4.88258359557044e-136	0.386040286590207	100	99.9077660948165	7.47789871223411e-133	c19
DBX1	2.34542032519651e-05	0.0037193898686906	0.384615384615385	0.04058291828076	0.000499220419691543	c19
DCDC1	0.00013925187636791	0.00257023065060371	0.256410256410256	0.0221361372440509	0.00237326895414282	c19
PTGDR2	7.78740469901826e-14	0.00886086868851778	1.02564102564103	0.0922339051835455	5.55908504086274e-12	c19
CD6	6.36460661359714e-06	0.134836402303149	65.7692307692308	57.9966795794134	0.000152959383194395	c19
CD5	1.9923214140905e-15	0.209040443365268	60.2564102564103	46.6371518170079	1.61757295726182e-13	c19
RASGRP2	2.06045039104242e-31	0.210013773840124	36.1538461538462	19.2215458402509	3.69280933381826e-29	c19
MAP4K2	3.01568209500113e-06	0.0730652780313425	22.9487179487179	16.6943368382217	7.74469455098842e-05	c19
VPS51	0.0029348054681261	0.0655248908025129	36.025641025641	31.3669064748201	0.0319190882643773	c19
FAU	5.51410572841917e-19	0.105815504111638	99.8717948717949	99.9372809444752	5.52953209563558e-17	c19
RP11-119D9.1	0.00144585335262626	0.0145587683171327	2.56410256410256	1.25807046670356	0.0177732881661398	c19
IL18BP	2.24502169818032e-07	0.0491578297821489	11.025641025641	6.32724589559122	7.06951038303624e-06	c19
RP11-809N8.2	5.16249438073035e-05	0.00105921137180252	0.128205128205128	0.00368935620734182	0.000985524564670416	c19
PLEKHB1	1.25669223235789e-08	0.0625609164544445	16.025641025641	9.62184098874746	4.82266379009871e-07	c19
RPS3	8.61589142129298e-86	0.280091110161083	100	99.9926212875853	4.39854311437948e-83	c19
NAALAD2	3.54814332550978e-05	0.00203790126151058	0.256410256410256	0.0184467810367091	0.000726754657809887	c19
CCDC67	3.75372763567557e-09	0.00150304504578276	0.128205128205128	0	1.55569617412611e-07	c19
SMCO4	5.20873216326556e-05	0.0508490134723078	13.8461538461538	9.58863678288139	0.000992103004573599	c19
SESN3	0.000841898642568922	0.0576620380668483	22.0512820512821	17.4875484228002	0.0113196060904698	c19
C11orf70	5.16249438073035e-05	0.00140059190651128	0.128205128205128	0.00368935620734182	0.000985524564670416	c19
BIRC3	2.01345378052334e-19	0.278144923226247	67.4358974358974	50.4999077660948	2.08742497479857e-17	c19
TMEM123	1.05013557893441e-23	0.270675691615603	69.8717948717949	54.2999446596569	1.34027531047788e-21	c19
ATM	0.000130523809152428	0.098620617191176	50.3846153846154	43.0105146651909	0.0022415235604393	c19
RP11-356J5.12	8.50347968549246e-14	0.0295388111619154	3.33333333333333	0.807969009407858	6.05742588843516e-12	c19
RNF214	0.000619404786441719	0.054109648418164	19.7435897435897	15.1927688618336	0.00866703690795984	c19
AP002954.4	0.000145543397114481	0.00633293060296888	0.641025641025641	0.125438111049622	0.00246181687870248	c19
CXCR5	3.21914844950695e-13	0.0657523352081706	11.9230769230769	5.65947242206235	2.16067704895791e-11	c19
RPS25	6.18518638793584e-102	0.283417669513704	100	99.9667957941339	4.73644704897978e-99	c19
PDZD3	0.00133759407361105	0.00145882437807266	0.128205128205128	0.00737871241468364	0.016653509565347	c19
SORL1	6.5055835584177e-11	0.144104693536291	40.6410256410256	29.56281128943	3.54118146069994e-09	c19
TMEM45B	4.49265581512277e-11	0.0245514576353437	3.2051282051282	0.885445489762037	2.49383105493816e-09	c19
CAMK1D	3.04347453122359e-05	0.0664524255797811	21.9230769230769	16.2257885998893	0.000630281689336494	c19
SVIL	0.000130608922529505	0.0291042620196553	5.8974358974359	3.36469286109574	0.00224160142563007	c19
RP11-342D11.3	2.42737344804232e-05	0.0327411057609604	5.76923076923077	3.10274857037447	0.000514713158957445	c19
ANK3	2.16264943952049e-11	0.0805370712023609	17.4358974358974	9.91698948533481	1.23088361850005e-09	c19
C10orf54	3.54301621144312e-19	0.225964581657983	59.8717948717949	44.943737317838	3.61752691601105e-17	c19
CH25H	0.00431661919503038	0.0379034203216488	5.64102564102564	3.70042427596384	0.0438084840835402	c19
PANK1	0.000565156077256663	0.0105726781678178	1.79487179487179	0.715735104224313	0.00799763497147669	c19
HTR7	0.00133759407361105	0.00183748229144597	0.128205128205128	0.00737871241468364	0.016653509565347	c19
SLC35G1	0.00149517492549622	0.0183097948262608	3.71794871794872	2.05866076369673	0.0182266367364941	c19
ADD3	7.96432756609121e-15	0.186376996131348	55	40.4980630879911	6.25524599095285e-13	c19
PDCD4-AS1	1.15631617087486e-09	0.0777992257188694	17.5641025641026	10.6401033019738	5.40373329562515e-08	c19
ABLIM1	9.44871973890587e-11	0.131139460172963	36.9230769230769	26.1870503597122	5.06144933040849e-09	c19
RGS10	0.000455026093306796	0.112296272559979	78.3333333333333	70.6880649326692	0.0066284691689923	c19
BAG3	3.89561440412471e-13	0.087491423160899	15.2564102564103	8.09813687511529	2.59918478678373e-11	c19
FGFR2	5.25878938716944e-09	0.011510076242648	1.28205128205128	0.221361372440509	2.13739022450286e-07	c19
LHPP	0.00164686803452406	0.0359631009362757	12.4358974358974	9.08319498247556	0.0196145533952824	c19
BNIP3	0.000196459449197664	0.0495266461732903	17.1794871794872	12.617598229109	0.00321960344419557	c19
RP11-45A17.4	0.00133876250106844	0.00113113635765485	0.128205128205128	0.00737871241468364	0.016653509565347	c19
NINJ2	0.00189784344392862	0.0559072077270195	21.025641025641	16.8935620734182	0.0221113198477631	c19
CACNA1C-AS1	0.00165739938162706	0.0171372932961685	3.33333333333333	1.79671647297547	0.019705156938794	c19
RP11-664D1.1	3.70423026960448e-35	0.0722310382928493	9.23076923076923	2.26157535510053	7.34178439435609e-33	c19
CD4	1.54654581644053e-18	0.184981379954664	44.6153846153846	29.0094078583287	1.53262690409256e-16	c19
C12orf57	0.00169282939884694	0.0926770899963201	89.4871794871795	85.7738424644899	0.0200768017475356	c19
PHB2	0.00170953258051514	0.0889859829146742	61.5384615384615	55.487917358421	0.0202463939430149	c19
FAM66C	5.43556385767962e-05	0.016833449303551	2.94871794871795	1.27282789153293	0.0010289094866329	c19
RP11-20D14.6	0.000592038842534524	0.003267708934191	0.384615384615385	0.0590296993174691	0.00833256339196251	c19
LRP6	0.000319413303489817	0.00656597765876284	0.769230769230769	0.184467810367091	0.00489418456015729	c19
ARHGDIB	3.28302473179533e-12	0.128046757708715	99.1025641025641	98.3397897066962	1.99671904897314e-10	c19
PTPRO	0.00296209338024313	0.00475776815090705	0.769230769230769	0.232429441062535	0.0321432445584258	c19
LDHB	7.12841901463905e-121	0.611140593939844	97.8205128205128	87.7845415974912	6.49148514268238e-118	c19
RP11-73M14.1	7.36238178380841e-05	0.011689594657321	1.41025641025641	0.435344032466335	0.00134090860445211	c19
LYRM5	0.000840346145575036	0.0498975694216826	19.4871794871795	15.0599520383693	0.0113032427261498	c19
RP11-843B15.2	5.15571604416676e-05	0.00121833649298344	0.128205128205128	0.00368935620734182	0.000985524564670416	c19
PKP2	0.00133759407361105	0.00137025612457936	0.128205128205128	0.00737871241468364	0.016653509565347	c19
RP11-370I10.12	0.000254966027976736	0.0106694305744067	1.92307692307692	0.748939310090389	0.00402946779861545	c19
KRT1	3.13047000392945e-14	0.0203676311090983	1.79487179487179	0.265633646928611	2.31819903983294e-12	c19
EIF4B	1.87566013444741e-25	0.284638446573746	82.948717948718	69.7952407304925	2.54832631330932e-23	c19
PFDN5	1.32877834258283e-47	0.254271305311888	99.3589743589744	98.273381294964	3.4706866259679e-45	c19
PCBP2	8.11836807985171e-22	0.276622301932116	95.3846153846154	87.0872532743036	9.59790505552714e-20	c19
HNRNPA1	7.40607364810513e-07	0.0965287389049636	98.5897435897436	97.6425013835086	2.12374677020642e-05	c19
TESPA1	7.50775922121873e-11	0.121231884641903	35.7692307692308	24.9548053864601	4.06045648795737e-09	c19
DGKA	2.36576787640693e-22	0.23421222384513	52.9487179487179	37.3362848182992	2.86734470603076e-20	c19
RPL41	9.28474540306883e-51	0.289351949322826	100	99.9040767386091	2.5854562943058e-48	c19
IL23A	7.03616056495525e-07	0.0388102502219768	8.33333333333333	4.51577199778639	2.02629396645814e-05	c19
NACA	4.28388889397375e-79	0.290159748640872	100	99.5867921047777	1.89922832096778e-76	c19
AVIL	0.00292611787123696	0.00848288714580623	1.02564102564103	0.361556908319498	0.0318348774793214	c19
RP11-629N8.3	3.53040285135493e-05	0.00314965417944175	0.256410256410256	0.0184467810367091	0.00072356078876857	c19
NAP1L1	0.000141878631811078	0.105494528344328	61.6666666666667	54.5360634569268	0.0024095053529448	c19
CLLU1	0.000407119609657159	0.00282533178118211	0.256410256410256	0.0258254934513927	0.00602172437567529	c19
USP44	0.00275965172268764	0.00989651913415017	1.66666666666667	0.726803172846338	0.0303669840444929	c19
MYBPC1	0.00133993187011502	0.00109865428819901	0.128205128205128	0.00737871241468364	0.016653509565347	c19
BTBD11	0.000251367265620869	0.0217482952346885	3.84615384615385	1.97749492713521	0.00398380463209292	c19
MAPKAPK5-AS1	0.00111772009888643	0.0578964364247071	27.5641025641026	22.2578859988932	0.0144847926968767	c19
TMEM116	3.68985516767718e-06	0.0658464870408092	18.0769230769231	12.5179856115108	9.30288237104888e-05	c19
ERP29	7.6583776546532e-10	0.173359820717011	81.2820512820513	71.7911824386645	3.66536046443019e-08	c19
RPL6	3.16947511040863e-65	0.242345083045917	99.8717948717949	99.8782512451577	1.17354169637482e-62	c19
DTX1	5.362803496071e-05	0.005816240423052	0.641025641025641	0.114370042427596	0.00101799606195277	c19
SLC8B1	1.74509738758553e-05	0.049122489814697	11.5384615384615	7.47094631986718	0.000379840512773299	c19
RPLP0	1.14081880698565e-51	0.278614961461081	100	99.6605792289245	3.34249990283257e-49	c19
PXN	1.65845211025899e-10	0.112498624679268	29.6153846153846	20.2619442907213	8.57053457102248e-09	c19
SIRT4	0.00389194424890629	0.0090881897548324	1.28205128205128	0.516509869027855	0.0402602910962099	c19
MORN3	5.68895184220059e-09	0.046037858164098	8.58974358974359	4.23538092602841	2.30112296964114e-07	c19
BCL7A	0.00106502498934177	0.0113479745359504	1.53846153846154	0.601365061796716	0.0139035071642316	c19
RP11-214K3.24	3.75372763567557e-09	0.00164081683667218	0.128205128205128	0	1.55569617412611e-07	c19
RPL21	3.8966628844569e-139	0.547511300795174	99.8717948717949	99.3543626637152	6.91021890678373e-136	c19
SPG20	1.22324514692211e-07	0.047748196203818	9.1025641025641	4.92160118059399	4.05669507681039e-06	c19
RP11-65B7.2	5.16249438073035e-05	0.00130758158160891	0.128205128205128	0.00368935620734182	0.000985524564670416	c19
TPT1	8.63778294023582e-175	0.50394002394701	100	99.9188341634385	7.27603645970765e-171	c19
RP11-290D2.6	8.0812137441225e-08	0.049180747099777	11.9230769230769	6.81424091496034	2.76997371204948e-06	c19
LPAR6	5.04438846028826e-49	0.270289808009669	39.4871794871795	18.5943552850028	1.37002466220519e-46	c19
RCBTB2	5.87512912165195e-22	0.107350323996371	17.3076923076923	7.7808522412839	6.99493288427352e-20	c19
SERPINE3	0.00197384848498612	0.00193753502976688	0.256410256410256	0.0332042058660764	0.022831050756307	c19
INTS6-AS1	0.00448740391562076	0.0184475227889915	3.58974358974359	2.10662239439218	0.0450941884279605	c19
LINC00402	9.39138566254556e-42	0.173284909900353	25.1282051282051	9.82106622394392	2.12371374841483e-39	c19
COMMD6	4.85213574851615e-17	0.168037909534226	95.8974358974359	93.2042058660764	4.45471013380118e-15	c19
LMO7	4.79525011099915e-10	0.0605137728273392	10.6410256410256	5.45655783065855	2.3518363499273e-08	c19
CLN5	5.74115047653878e-08	0.0722256799638451	16.7948717948718	10.8061243313042	2.01502420996352e-06	c19
DOCK9	0.00419112248533945	0.0269715728238341	8.07692307692308	5.64102564102564	0.0428056020069801	c19
GPR183	2.64106107862549e-24	0.278920333865852	58.5897435897436	39.1330012912747	3.46256466860729e-22	c19
RAB20	3.36666700046782e-06	0.0169800605432155	2.43589743589744	0.848551927688618	8.56124361613304e-05	c19
GAS6	1.60262530690867e-26	0.0507869716985336	6.02564102564103	1.34661501567976	2.31754751463436e-24	c19
APEX1	0.00031145631869519	0.0817332509291013	40	33.6616860357868	0.00478968927526962	c19
RNASE6	0.000115745962291405	0.0159738938636183	2.82051282051282	1.23962368566685	0.00201444239121804	c19
NDRG2	0.00450800288121681	0.0131217915541453	3.2051282051282	1.80778454159749	0.0452600265434205	c19
SLC22A17	2.54209682344243e-10	0.0278435248752512	3.84615384615385	1.23593432945951	1.2822366821717e-08	c19
KIAA0391	1.14829541976374e-09	0.0775697633609277	17.1794871794872	10.4076738609113	5.37370359354436e-08	c19
SLC25A21	3.75372763567557e-09	0.0010900046366534	0.128205128205128	0	1.55569617412611e-07	c19
RPS29	1.08590258568596e-52	0.256804941912876	100	99.7232982844494	3.2668215823306e-50	c19
BMP4	2.35513632609757e-05	0.00351950552912658	0.384615384615385	0.04058291828076	0.000500655920325119	c19
FBXO34	4.21368085460852e-11	0.118216997173667	26.6666666666667	17.970854085962	2.36232550274841e-09	c19
RP11-930O11.3	0.00133993187011502	0.00110509061983544	0.128205128205128	0.00737871241468364	0.016653509565347	c19
CTD-2184C24.2	0.00357561650188746	0.00215596714766116	0.256410256410256	0.0368935620734182	0.0376137441194493	c19
WDR89	0.00365502268112596	0.0304048129953187	11.025641025641	8.09444751890795	0.0383652131519808	c19
GPX2	5.72499055889344e-06	0.00272919841941229	0.256410256410256	0.0147574248293673	0.000138775418626875	c19
RP11-1012A1.4	0.00133993187011502	0.000977402677850241	0.128205128205128	0.00737871241468364	0.016653509565347	c19
ACTN1	8.7991167311872e-30	0.146823816500102	22.0512820512821	9.71776425013835	1.47501213502797e-27	c19
TTC9	4.41878650560069e-09	0.0388745800488694	6.15384615384615	2.66740453790813	1.80250112009334e-07	c19
RP1-292L20.3	0.00397503705579677	0.00471075095495515	0.641025641025641	0.180778454159749	0.0409461628119891	c19
NPC2	1.57818023342786e-08	0.117170008270786	40.5128205128205	30.2933038184837	5.95467018870305e-07	c19
LINC01629	0.00133993187011502	0.00139804221139525	0.128205128205128	0.00737871241468364	0.016653509565347	c19
TC2N	2.8822863174298e-05	0.120454972969679	62.3076923076923	51.3300129127467	0.000600592177980702	c19
FBLN5	2.245763520659e-23	0.134940177055609	22.5641025641026	11.0016602102933	2.84469007763475e-21	c19
PPP4R4	2.65381977162928e-09	0.0130293160286187	1.41025641025641	0.254565578306585	1.18121272635769e-07	c19
RP11-1070N10.5	0.000590296493471556	0.00339806483879998	0.384615384615385	0.0590296993174691	0.00832194562804627	c19
C14orf132	0.00486043291524921	0.00633276419463405	0.769230769230769	0.247186865891902	0.0481102898491207	c19
LINC00618	0.00355982810333139	0.00244594442281126	0.256410256410256	0.0368935620734182	0.0375296771319299	c19
LINC01550	0.000103396095347355	0.0650552983554845	25.5128205128205	19.6126175982291	0.00182018183732172	c19
LINC00239	7.72587131027909e-09	0.0642944902534342	15.1282051282051	8.93193137797454	3.05893663840827e-07	c19
INF2	0.00114681979286274	0.0294483899950478	8.71794871794872	5.92510606899096	0.0147731296073468	c19
CRIP2	1.97759053566035e-06	0.0466508033413616	9.35897435897436	5.41597491237779	5.28832821496347e-05	c19
IGHV3-35	5.15571604416676e-05	0.00106206343376971	0.128205128205128	0.00368935620734182	0.000985524564670416	c19
FMN1	2.26378624027999e-22	0.049482638997518	5.8974358974359	1.47205312672939	2.76362368043456e-20	c19
AC073657.1	0.00133876250106844	0.000959466048025214	0.128205128205128	0.00737871241468364	0.016653509565347	c19
USP3	0.00112539310327458	0.0626502780068285	30.7692307692308	25.3016048699502	0.0145508482018809	c19
RP11-653J6.1	5.15571604416676e-05	0.00106625790971336	0.128205128205128	0.00368935620734182	0.000985524564670416	c19
RPL4	1.13082175498604e-133	0.542932676443475	99.3589743589744	96.7496771813319	1.52407632849999e-130	c19
ITGA11	5.15571604416676e-05	0.00115306599791918	0.128205128205128	0.00368935620734182	0.000985524564670416	c19
RPLP1	6.31712353386731e-35	0.167775144338421	100	100	1.24473193187208e-32	c19
SALRNA2	3.75372763567557e-09	0.00158690855514919	0.128205128205128	0	1.55569617412611e-07	c19
UACA	0.000224293226748075	0.00492458033159591	0.512820512820513	0.0885445489762036	0.00361249329925891	c19
ISLR2	5.15571604416676e-05	0.00180928274973014	0.128205128205128	0.00368935620734182	0.000985524564670416	c19
RP11-817O13.9	5.7105528122779e-06	0.00297272582140124	0.256410256410256	0.0147574248293673	0.000138624903787386	c19
CTD-2034I4.2	3.75372763567557e-09	0.00146487951269118	0.128205128205128	0	1.55569617412611e-07	c19
RPS17	7.6378061072433e-09	0.157793051004374	85.5128205128205	78.9669802619443	3.02762634091124e-07	c19
RP11-90B9.3	0.00133993187011502	0.00109831838669154	0.128205128205128	0.00737871241468364	0.016653509565347	c19
NME4	0.000110488023835148	0.0396876837000279	11.1538461538462	7.43036340158642	0.00193391349355921	c19
RPS2	9.2808260491756e-133	0.427488181148447	100	99.9077660948165	1.20234144613904e-129	c19
TMEM186	0.00204491125969786	0.0296001203712499	6.92307692307692	4.61169525917727	0.0235479289078126	c19
RP11-77H9.8	0.00130431593050733	0.00756738305869737	1.15384615384615	0.398450470392916	0.0164844789806879	c19
RSL1D1	1.93253300977892e-06	0.115695438861919	53.2051282051282	44.5674229846892	5.18017241300645e-05	c19
ABCC1	0.00400774980550017	0.0438537255337509	16.4102564102564	13.0012912746726	0.0411824098647523	c19
RPS15A	2.65209399112547e-65	0.191964853585254	100	99.9815532189633	1.00404106670766e-62	c19
RP11-426C22.4	5.15571604416676e-05	0.00115718039974532	0.128205128205128	0.00368935620734182	0.000985524564670416	c19
SEPT1	2.57013565228504e-07	0.143012036524631	81.4102564102564	74.0306216565209	7.94478446496257e-06	c19
RP11-388M20.2	5.16249438073035e-05	0.0011344965764882	0.128205128205128	0.00368935620734182	0.000985524564670416	c19
RP11-44F14.2	0.000149305884079879	0.0185291601743714	3.33333333333333	1.58273381294964	0.00251535622909373	c19
RP11-44F14.8	0.00124848842381435	0.00587920511653933	0.897435897435897	0.269323003135953	0.0159162198077944	c19
RP11-407G23.1	3.75372763567557e-09	0.0010900046366534	0.128205128205128	0	1.55569617412611e-07	c19
TRADD	1.53313599683871e-09	0.131948951377402	41.9230769230769	31.7358420955543	7.04740576773306e-08	c19
DPEP2	1.10217665293016e-05	0.0434664100763672	10	6.12802066039476	0.000249742704396966	c19
SLC7A6	1.02512807071267e-09	0.103004545962023	28.3333333333333	19.3838775133739	4.81738705921797e-08	c19
OSGIN1	0.000968294017228427	0.00260353452269717	0.256410256410256	0.0295148496587346	0.0128044343078864	c19
COX4I1	2.8389206664539e-21	0.200541489911288	98.7179487179487	95.6281128942999	3.24252857408467e-19	c19
RP11-178L8.8	3.75372763567557e-09	0.00138514831746109	0.128205128205128	0	1.55569617412611e-07	c19
APRT	2.24978565650761e-07	0.140804641161775	84.8717948717949	78.2032835270245	7.07129458119099e-06	c19
RPL13	3.80743449618274e-146	0.356690808880699	100	99.9926212875853	8.55251319429208e-143	c19
DBNDD1	3.65118492839765e-12	0.0266451440692918	3.58974358974359	0.992436819774949	2.20867190264687e-10	c19
AC108004.3	0.00405617188825535	0.0128296182833022	2.17948717948718	1.08467072495849	0.0415911916016055	c19
RTN4RL1	0.00133876250106844	0.00101434898555921	0.128205128205128	0.00737871241468364	0.016653509565347	c19
RAP1GAP2	3.62653729516419e-31	0.0565406282092402	6.92307692307692	1.51632540121749	6.39751558236975e-29	c19
TM4SF5	5.16249438073035e-05	0.00106453032914743	0.128205128205128	0.00368935620734182	0.000985524564670416	c19
C1QBP	0.00373587781713901	0.0701088084647661	49.2307692307692	43.0105146651909	0.0390557453213409	c19
ADPRM	2.59847573284666e-26	0.150415429218809	25.7692307692308	12.6508024349751	3.70987463315828e-24	c19
TEKT3	3.75372763567557e-09	0.00119910753519797	0.128205128205128	0	1.55569617412611e-07	c19
MPRIP	0.00481603545595335	0.0486815949590069	21.6666666666667	17.8601733997417	0.0477690605395621	c19
MTRNR2L1	0.000858064882635523	0.00829317114973958	1.02564102564103	0.320973990038738	0.0115185809384547	c19
RPL23A	2.32138751385633e-28	0.179842533320107	100	99.9040767386091	3.65499209775117e-26	c19
CDK5R1	9.0340097868745e-11	0.0510344398686859	8.84615384615385	4.06935989669803	4.84700518724442e-09	c19
RP11-466A19.1	2.7474983208758e-09	0.016685034482128	1.79487179487179	0.387382401770891	1.21968654049525e-07	c19
RP11-799D4.4	3.09954983600479e-06	0.0528002362607498	11.6666666666667	7.30861464674414	7.91783412997313e-05	c19
RPL23	2.4752728860539e-14	0.187213950609382	91.5384615384615	86.4858882125069	1.84110032279691e-12	c19
RPL19	3.27643625882573e-141	0.331472477733509	100	99.9926212875853	6.13312462804856e-138	c19
RP5-1028K7.2	2.05142938776015e-08	0.0921540149009961	19.3589743589744	12.7393469839513	7.62265842896496e-07	c19
CCR7	1.38933589939124e-97	0.647722541668491	73.974358974359	39.9557277255119	9.00236226809394e-95	c19
PTRF	0.000106343915865946	0.00508185494275532	0.641025641025641	0.12174875484228	0.00186719744720541	c19
CTD-3193K9.4	0.00140968643879648	0.0066098642192679	0.769230769230769	0.213982660025825	0.0173730705445532	c19
RPL27	1.41208499236407e-63	0.30113014038592	99.6153846153846	98.6681424091496	5.17160779703423e-61	c19
MEOX1	2.48159576836441e-07	0.0245427113594855	3.71794871794872	1.43884892086331	7.73495724507591e-06	c19
FAM171A2	0.000931570369219261	0.00358424393396452	0.384615384615385	0.0627190555248109	0.0123771025317326	c19
RP11-6N17.2	5.16249438073035e-05	0.00126042817129759	0.128205128205128	0.00368935620734182	0.000985524564670416	c19
TBC1D3P1-DHX40P1	5.16249438073035e-05	0.00108203874832505	0.128205128205128	0.00368935620734182	0.000985524564670416	c19
ICAM2	2.4531594252979e-16	0.181382874173652	45.7692307692308	31.9129311935067	2.13032870298937e-14	c19
PRKCA	8.32106209603477e-16	0.093158816854482	16.2820512820513	8.18299206788415	7.00924665659489e-14	c19
ARSG	5.83662048182173e-05	0.041188654957671	10.8974358974359	7.102010699133	0.00109315781275432	c19
CTD-2532D12.5	3.75372763567557e-09	0.00147938971783961	0.128205128205128	0	1.55569617412611e-07	c19
RPL38	7.53067135137957e-63	0.316746630443972	99.7435897435898	98.2032835270245	2.6993451118445e-60	c19
TTYH2	1.13779999346876e-05	0.0147644008233816	2.30769230769231	0.826415790444567	0.000257468320886075	c19
HID1	0.000634089712363623	0.0117149843277365	1.66666666666667	0.64932669249216	0.00885780214277774	c19
ST6GALNAC1	4.27969818567194e-08	0.00941376344752316	1.28205128205128	0.24349750968456	1.51858459397942e-06	c19
SEPT9	1.14653620818666e-07	0.146152306752485	79.3589743589744	72.8500276701716	3.828680971124e-06	c19
TMC8	5.51189616757111e-05	0.110983933690453	58.8461538461538	50.8836008116584	0.00104101922348734	c19
LGALS3BP	2.19104419236439e-15	0.106860379401374	20.5128205128205	11.3373916251614	1.77464045715206e-13	c19
ACTG1	8.63392653581122e-10	0.141102590945229	99.7435897435898	99.1514480723114	4.10891978386473e-08	c19
TSPAN10	6.21486145029244e-05	0.00849490619057324	1.28205128205128	0.368935620734182	0.00115756518356083	c19
RP11-1197K16.2	0.00096639730516532	0.00256344614749999	0.256410256410256	0.0295148496587346	0.012784370161068	c19
SMCHD1	0.00451562748115737	0.0847861933107841	66.025641025641	58.4799852425752	0.0453230718945833	c19
TTC39C-AS1	2.66694591828698e-13	0.0558168258665778	7.30769230769231	2.83711492344586	1.80804981430103e-11	c19
OSBPL1A	2.20048143944484e-06	0.0204363835767567	2.82051282051282	1.03670909426305	5.80603145032533e-05	c19
RAB27B	0.00230438737949776	0.0224158081634613	4.48717948717949	2.68954067515219	0.0260463027054	c19
LINC-ROR	3.75372763567557e-09	0.00132203921839265	0.128205128205128	0	1.55569617412611e-07	c19
CCDC102B	0.00436328848393991	0.016242116451541	2.56410256410256	1.35768308430179	0.0441905916825359	c19
RP11-405M12.3	0.000495080707808152	0.0157055677979055	2.69230769230769	1.25807046670356	0.00712873904653328	c19
ZNF516	0.000389274504162395	0.00732923677195663	1.02564102564103	0.298837852794687	0.00581392515214881	c19
RP11-795F19.1	0.000409584418685858	0.00180292780421682	0.256410256410256	0.0258254934513927	0.00603962249593055	c19
RASSF2	0.00307104861441982	0.0351206566246114	12.3076923076923	9.17173953145176	0.0331547298988342	c19
RP1-167O22.1	0.00223049221572765	0.0166046839757126	3.07692307692308	1.64914222468179	0.0253385720555385	c19
SAMHD1	4.25316910220605e-08	0.131843759554214	49.8717948717949	39.5498985427043	1.51166961740222e-06	c19
WISP2	3.75372763567557e-09	0.00091960535928545	0.128205128205128	0	1.55569617412611e-07	c19
TP53TG5	0.000408910819293696	0.00222735244761232	0.256410256410256	0.0258254934513927	0.00603497203034683	c19
DBNDD2	3.77099153878889e-05	0.0417885002909537	11.2820512820513	7.31968271536617	0.000766343720795856	c19
TSHZ2	2.26054880853593e-10	0.100659317272628	18.7179487179487	11.5403062165652	1.14536739180165e-08	c19
RP11-15M15.1	0.00133876250106844	0.00118662847381593	0.128205128205128	0.00737871241468364	0.016653509565347	c19
RP3-492J12.2	0.000861617897895832	0.0421034716064768	13.4615384615385	9.80630879911456	0.0115570674568878	c19
CDH4	0.00356126078713503	0.00250196474003518	0.256410256410256	0.0368935620734182	0.0375330375232179	c19
RPS21	3.89192175642825e-81	0.289521558134457	99.8717948717949	99.8745618889504	1.74845882214791e-78	c19
STMN3	1.63192807189297e-09	0.104040000087318	30.3846153846154	20.9444751890795	7.44270845861852e-08	c19
AC004156.3	0.00133876250106844	0.00127986683165098	0.128205128205128	0.00737871241468364	0.016653509565347	c19
MISP	5.15571604416676e-05	0.00141415493504444	0.128205128205128	0.00368935620734182	0.000985524564670416	c19
CNN2	1.96685795315109e-07	0.156031442402351	82.4358974358974	75.2259730676997	6.2638290995721e-06	c19
RPS15	2.19130132530783e-74	0.223705901137082	100	99.9926212875853	9.22921335686524e-72	c19
ADAMTSL5	7.1122008446909e-06	0.0181867163446764	2.56410256410256	0.948164545286847	0.000168326608541338	c19
AES	6.84077245534727e-07	0.14675992204849	77.0512820512821	69.1274672569637	1.97678376595601e-05	c19
EEF2	7.12109439570807e-94	0.476213480613338	99.2307692307692	94.8754842280022	3.99896924281646e-91	c19
TMIGD2	0.000751701917626668	0.0355486879808816	8.2051282051282	5.45286847445121	0.0102833310647637	c19
RPL36	4.0023729664677e-122	0.349653438937409	100	99.9151448072311	3.85302727806179e-119	c19
NRTN	0.0015063350515769	0.00526948917986115	0.512820512820513	0.110680686220255	0.0183276190555451	c19
ALKBH7	4.37944668167858e-11	0.151180865307447	50.1282051282051	38.0630879911455	2.44241889855246e-09	c19
ADGRE1	8.78757413880256e-22	0.0977312541938065	14.2307692307692	5.96199963106438	1.03242177664975e-19	c19
CTB-133G6.1	2.26674953037379e-31	0.192323828639811	33.8461538461538	17.0927873086146	4.04105072361982e-29	c19
RETN	6.19645778440348e-06	0.00528419061489336	0.512820512820513	0.0627190555248109	0.000149344383825244	c19
RPS28	1.13198024561496e-96	0.282157328175031	100	99.9963106437927	7.19640422561332e-94	c19
OLFM2	9.00761950079508e-06	0.0589034169098486	17.1794871794872	11.9424460431655	0.000208021063372028	c19
ICAM3	0.00192890142642224	0.0983162872266193	67.6923076923077	60.992436819775	0.0224111740213348	c19
ZNF439	0.00269620019197989	0.0218927706601549	4.87179487179487	3.00313595277624	0.0297562296981889	c19
MAN2B1	4.17800600183866e-08	0.0948116790905016	28.8461538461538	20.7378712414684	1.48652306468798e-06	c19
PRDX2	2.13550832261992e-06	0.133977255352267	65	55.8752997601918	5.67011957622976e-05	c19
KLF2	9.92306286990456e-13	0.314457589280143	77.8205128205128	58.2586238701347	6.33234243065462e-11	c19
RPL18A	3.98285631393319e-153	0.361434140013988	100	99.9778638627559	1.11831967201387e-149	c19
ISYNA1	0.000235380163437714	0.0361108625359692	9.48717948717949	6.22025456557831	0.00376943879604103	c19
UBA52	9.36810074532654e-62	0.250146693050031	100	99.4355285002767	3.25411120116528e-59	c19
AC002306.1	0.000286769761522122	0.010615933971991	1.28205128205128	0.413207895222284	0.004447606715863	c19
LPAR2	0.000178987086008611	0.0612316553238432	23.2051282051282	17.8601733997417	0.00295627003724222	c19
FXYD1	9.8645369924787e-11	0.0708331378301017	12.3076923076923	6.47850950009223	5.27580491150123e-09	c19
FXYD7	2.48908204686618e-17	0.110126244746753	17.5641025641026	8.7695997048515	2.32318921016923e-15	c19
FXYD5	1.02847889030472e-109	0.523184468892628	99.6153846153846	94.4512082641579	8.45208969022618e-107	c19
LSR	0.000146912361094085	0.0604693028730687	22.8205128205128	17.3473528869212	0.00248247998731399	c19
NPHS1	5.16249438073035e-05	0.00120339162782449	0.128205128205128	0.00368935620734182	0.000985524564670416	c19
CTC-454I21.3	5.16249438073035e-05	0.00138213029604936	0.128205128205128	0.00368935620734182	0.000985524564670416	c19
SPINT2	1.40578108206539e-24	0.154998442229043	28.974358974359	15.2591772735658	1.86772065456905e-22	c19
GGN	0.000409359770478821	0.00226867399165341	0.256410256410256	0.0258254934513927	0.00603895276117049	c19
EIF3K	5.38121372440786e-07	0.130106857163413	93.5897435897436	89.1016417635123	1.5821519653595e-05	c19
GMFG	0.000102161087853999	0.108165804530016	90.7692307692308	86.4785095000922	0.00180220716971343	c19
RPS16	3.74529980390813e-99	0.307205063633101	99.7435897435898	99.8450470392916	2.52388263185761e-96	c19
FBL	9.06606316595437e-07	0.113195469770947	45.3846153846154	37.096476664822	2.56268399592002e-05	c19
CTC-492K19.7	0.00356699676927069	0.00154906292099039	0.256410256410256	0.0368935620734182	0.0375582466074395	c19
RPS19	1.62167972774262e-42	0.213054458923305	100	99.9852425751706	3.7945053296222e-40	c19
TRAPPC6A	1.98713550375603e-05	0.0854763126666916	36.7948717948718	29.3266924921601	0.000429471094698882	c19
AC006126.3	5.16249438073035e-05	0.00109596490278171	0.128205128205128	0.00368935620734182	0.000985524564670416	c19
SNRPD2	0.00134723104140771	0.0974728340134245	94.2307692307692	89.551743220808	0.0167380540963095	c19
GLTSCR2	2.50160094963342e-49	0.385554339390807	96.1538461538462	86.3715181700793	6.85275954446734e-47	c19
SEPW1	0.00191427529074797	0.0963882141738921	73.7179487179487	66.0911270983214	0.0222642705027484	c19
RPL18	5.37774215051646e-101	0.296363176482322	100	99.9299022320605	3.93907921781525e-98	c19
KCNA7	5.15571604416676e-05	0.00145076476223885	0.128205128205128	0.00368935620734182	0.000985524564670416	c19
CD37	5.20886479500186e-19	0.18544758516576	95.7692307692308	93.2964397712599	5.25471528152074e-17	c19
FLT3LG	1.30149228724186e-06	0.1357565378135	58.3333333333333	49.131156613171	3.60036790856547e-05	c19
RPL13A	9.12522896438525e-99	0.358451536102427	100	99.5240730492529	6.02873460247052e-96	c19
RPS11	3.53260110695049e-45	0.289506739978617	98.5897435897436	95.8679210477772	8.62517838388332e-43	c19
NOSIP	1.79940942349114e-18	0.245765841892787	59.1025641025641	47.1868658919019	1.77278658231317e-16	c19
MYBPC2	1.81524988676061e-07	0.00341618919614091	0.384615384615385	0.0258254934513927	5.80845486082734e-06	c19
RPS9	5.55568451616426e-116	0.395183940583895	100	99.3764988009592	4.79982651506765e-113	c19
AC008746.3	5.16249438073035e-05	0.00136590646385607	0.128205128205128	0.00368935620734182	0.000985524564670416	c19
RPL28	2.71123901835516e-65	0.202232182649931	100	99.9926212875853	1.01502763871621e-62	c19
RPS5	9.59177362184753e-107	0.381052623688372	100	99.406013650618	7.69488620034597e-104	c19
AC016629.3	3.75372763567557e-09	0.00154790615861772	0.128205128205128	0	1.55569617412611e-07	c19
CECR1	0.00195637380796116	0.0525273172683423	24.1025641025641	19.4355285002767	0.0226678332480892	c19
CLDN5	0.000636409408256932	0.0055272326033738	0.512820512820513	0.0996126175982291	0.00888652242097351	c19
AIFM3	0.00133993187011502	0.000991314260711326	0.128205128205128	0.00737871241468364	0.016653509565347	c19
RGL4	4.17158144784071e-06	0.0760923049090252	27.9487179487179	20.7563180225051	0.000103953969285263	c19
PIK3IP1	6.17065053867331e-30	0.338768141829544	83.8461538461539	68.0317284633831	1.03956949625029e-27	c19
RFPL2	9.82336353976082e-12	0.0131041126799678	1.53846153846154	0.239808153477218	5.73636761020279e-10	c19
EIF3D	0.00331181285391129	0.083128602537918	58.8461538461538	53.2078952222837	0.0353015571969906	c19
GCAT	0.00252165684011217	0.00707309955746015	1.15384615384615	0.424275963844309	0.0281246956540018	c19
EIF3L	1.18470253697522e-30	0.315870329793248	82.4358974358974	67.5668695812581	2.04704447594067e-28	c19
RPL3	3.78046081888596e-134	0.472649673877706	100	99.7601918465228	5.30745195131432e-131	c19
CACNA1I	0.00456274856460053	0.00700722307268021	0.897435897435897	0.309905921416713	0.0457279149719364	c19
TNRC6B	0.000154170317027953	0.0866768210572019	41.4102564102564	34.9234458586977	0.00258953871482544	c19
ADSL	1.04905045643146e-06	0.0953839341259995	35.1282051282051	27.404537908135	2.93090431832517e-05	c19
ST13	5.67486587083683e-07	0.144730989044675	69.7435897435897	59.5646559675337	1.66558301961652e-05	c19
RP1-29C18.10	0.00133993187011502	0.00138576057952151	0.128205128205128	0.00737871241468364	0.016653509565347	c19
RBM11	0.00355611380937849	0.00922332020009711	1.66666666666667	0.741560597675706	0.0375022531121123	c19
APP	9.1878234169781e-26	0.115482857804783	17.5641025641026	7.42298468917174	1.27396922720848e-23	c19
AP000230.1	3.75372763567557e-09	0.00129939729589078	0.128205128205128	0	1.55569617412611e-07	c19
TIAM1	8.63533464602871e-15	0.11517321572037	24.8717948717949	14.646744143147	6.735161239891e-13	c19
AP000254.8	0.00150672240707129	0.00412771034029924	0.512820512820513	0.110680686220255	0.0183276190555451	c19
AP000265.1	5.16249438073035e-05	0.00127506596715485	0.128205128205128	0.00368935620734182	0.000985524564670416	c19
IFNGR2	5.62687854607557e-13	0.0515227580177765	8.33333333333333	3.45692676627928	3.68856120100137e-11	c19
AP000320.6	5.71536151770326e-06	0.00237953065253585	0.256410256410256	0.0147574248293673	0.000138641750163782	c19
C21orf140	0.00133993187011502	0.000924520291886701	0.128205128205128	0.00737871241468364	0.016653509565347	c19
DSCAM-AS1	5.15571604416676e-05	0.00123279829274435	0.128205128205128	0.00368935620734182	0.000985524564670416	c19
ITGB2-AS1	1.26679514114522e-10	0.119092028681373	32.0512820512821	22.2837114923446	6.62785644188617e-09	c19
COL18A1	4.44115454623748e-08	0.0554566512553937	13.8461538461538	8.15347721822542	1.57020211207687e-06	c19
AL133493.2	5.15571604416676e-05	0.00133855482971765	0.128205128205128	0.00368935620734182	0.000985524564670416	c19
MT-ATP6	1.849754088401e-06	0.125618689907631	99.6153846153846	99.3174691016418	4.96953003774777e-05	c19
MT-CYB	8.00991398819057e-08	0.145041241934081	100	99.557277255119	2.75113192577057e-06	c19
