gene	p_val	avg_log2FC	pct.1	pct.2	p_val_adj	cluster
TNFRSF14	2.480487268992e-12	0.163880827608227	63.9589169000934	52.0511673006638	1.17384182642439e-10	c9
RPL22	7.64162373107171e-184	0.44283058621291	99.813258636788	99.2317446110241	1.07282029164471e-180	c9
TNFRSF25	1.77047640902809e-06	0.0762154103129642	32.3996265172736	25.4083687625867	3.78998933454843e-05	c9
RP5-1113E3.3	2.57856396340001e-05	0.00181505455154542	0.186741363211951	0.0111881852763482	0.000432784048554472	c9
DHRS3	0.00107350474956967	0.0388732489548313	15.7796451914099	12.3219213843515	0.0115083261317215	c9
UQCRHL	2.21280098119551e-08	0.0887570050779825	35.5742296918768	26.5943164018796	6.49460943034857e-07	c9
FLJ37453	0.00168484018062924	0.0256960323964654	10.8309990662932	8.02938763332587	0.0169161853456081	c9
NECAP2	0.00238696918425556	0.0609681594283853	40.0560224089636	35.2539718057731	0.0225980724063801	c9
RP4-798A10.7	0.00307089022630618	0.00540962237891646	0.65359477124183	0.212575520250615	0.0279574642759148	c9
RP11-108M9.4	2.15881706625578e-08	0.0414345770441153	8.68347338935574	4.86686059521146	6.36388295979198e-07	c9
CAPZB	4.75494311725068e-05	0.113264926934596	83.3800186741363	75.8074140374431	0.000750412428068592	c9
HTR6	1.46860013715637e-05	0.00438393217820544	0.466853408029879	0.0708585067502051	0.00025975334919342	c9
RP1-224A6.9	0.0041123950773647	0.00157570019359826	0.186741363211951	0.0261057656448124	0.035745083223601	c9
TCEA3	1.1812545151121e-14	0.0393318445247754	6.1624649859944	2.37935406877005	6.70053697511566e-13	c9
MDS2	3.23381904162677e-23	0.0680208045474067	10.6442577030812	4.2030282688148	3.05210920976393e-21	c9
RPL11	6.25455009148484e-237	0.403840619025207	100	99.9776236294473	4.2148162156498e-233	c9
RCAN3	4.83790360395586e-05	0.0686973991311169	33.7068160597572	27.795181621541	0.000761721140334994	c9
LDLRAP1	2.37442738828882e-31	0.207200454993818	44.1643323996265	27.2730663086447	3.08895584637079e-29	c9
MAN1C1	0.000197264642370791	0.0175575486486558	3.828197945845	2.12575520250615	0.00262920682754804	c9
RP1-187B23.1	0.000971788190555554	0.00386702513188956	0.466853408029879	0.108152457671366	0.0105760436991534	c9
SEPN1	7.1545550716216e-10	0.0371571296184543	7.18954248366013	3.55038412769449	2.57824148217346e-08	c9
UBXN11	0.00402643312803299	0.0416630851274248	20.5415499533147	17.0097710151413	0.0351467973616434	c9
CD52	3.84770366918539e-05	0.136257434063173	99.813258636788	97.430446781532	0.000621200418924449	c9
PIGV	0.00113473406676933	0.021433482937978	6.25583566760037	4.19556947863057	0.0120611134529103	c9
SYTL1	0.000155469702588995	0.0664448267186629	35.7609710550887	29.9209368240471	0.00213550597596151	c9
RP11-288L9.4	0.000681662462251749	0.000741146382807798	0.0933706816059757	0.00372939509211606	0.00779325239433338	c9
EPB41	0.00370141067883295	0.0565386141849546	42.483660130719	36.954575967778	0.0327939341079667	c9
RP11-277A4.4	0.000681662462251749	0.000806184020130416	0.0933706816059757	0.00372939509211606	0.00779325239433338	c9
MARCKSL1	1.75605802978345e-20	0.13193788156863	26.890756302521	16.1482807488625	1.41213888438004e-18	c9
ZBTB8A	0.000235663065339965	0.00550451846050668	0.65359477124183	0.164093384053107	0.00307530260401424	c9
CSMD2	0.000682320133058808	0.000658552488495178	0.0933706816059757	0.00372939509211606	0.00779325239433338	c9
AKIRIN1	2.65813430927796e-05	0.0798922969246452	40.8029878618114	34.6535391959424	0.000444702966319819	c9
PABPC4	1.41259919709299e-10	0.100653201547424	30.1587301587302	21.8654434250765	5.49608745344702e-09	c9
HPCAL4	1.84050452653847e-06	0.0146276450146999	2.33426704014939	0.891325427015738	3.91502269679212e-05	c9
SMAP2	1.25285019689204e-05	0.0859968066298226	42.6704014939309	35.9327217125382	0.000224898958625895	c9
YBX1	4.30129966254722e-14	0.181289234114473	90.1027077497666	83.0387111210562	2.36039073012811e-12	c9
C1orf228	5.02198864111903e-32	0.192605394297204	34.547152194211	19.6837472961886	6.74146953282329e-30	c9
RPS8	4.14843583726366e-235	0.445057265395945	100	99.9925412098158	2.3296232850127e-231	c9
LINC01144	0.00180244745139028	0.00393473399284013	0.560224089635854	0.156634593868874	0.0178832934119976	c9
CMPK1	1.81853389760909e-10	0.146031275651206	60.4108309990663	49.9179533079734	6.97083972082374e-09	c9
AL356289.1	5.63122466085455e-07	0.000814382259450928	0.0933706816059757	0	1.30873555881177e-05	c9
FAM159A	4.09412991084912e-07	0.0639923631517994	22.4089635854342	16.1781159095995	1.0195684642731e-05	c9
RP4-784A16.1	5.63122466085455e-07	0.000982555691003012	0.0933706816059757	0	1.30873555881177e-05	c9
RP11-117D22.2	4.07118563994443e-11	0.0219406126067111	3.54808590102708	1.2083240098456	1.68519077336963e-09	c9
HOOK1	5.69136689221895e-05	0.0182601039581005	3.36134453781513	1.70806295218916	0.000877904038969599	c9
SGIP1	0.000681662462251749	0.000997670897311173	0.0933706816059757	0.00372939509211606	0.00779325239433338	c9
AK5	0.00119160946244022	0.0109980111642358	2.14752567693744	1.08152457671366	0.0125862348675426	c9
CCBL2	0.000672681577128725	0.0341291930759711	13.5387488328665	10.2334601327665	0.00779325239433338	c9
FLJ27354	7.73144494449967e-05	0.0277397789999754	5.88235294117647	3.58021928843142	0.00114885385262531	c9
LRRC8D	3.26853271926487e-06	0.0535827448000281	15.9663865546218	11.4007607965988	6.66646134642315e-05	c9
RPL5	1.98269876273623e-165	0.435772895889013	100	99.5338256134855	2.02439551853438e-162	c9
FNBP1L	0.00047697201806072	0.00560931308670657	0.65359477124183	0.175281569329455	0.00580183941391259	c9
CDC14A	1.68685142512386e-05	0.0681940852691656	29.5051353874883	23.5436712165287	0.000293881964416356	c9
GPR88	0.000682320133058808	0.000596105126158363	0.0933706816059757	0.00372939509211606	0.00779325239433338	c9
RP11-421L21.3	0.00568661604020957	0.0196051046589177	5.50887021475257	3.84873573506377	0.0469159747450591	c9
RP4-575N6.4	2.30880377908815e-11	0.0334827934151675	5.60224089635854	2.34951890803312	9.93522790965466e-10	c9
S1PR1	3.06967412893612e-32	0.180640825186016	32.9598506069094	18.2814947415529	4.15379920081821e-30	c9
GSTM2	1.01223022424088e-07	0.031102803268825	6.25583566760037	3.2520325203252	2.75049073996549e-06	c9
GSTM1	0.000253203191466384	0.0283826388459507	10.5508870214753	7.43268441858731	0.00328258112091895	c9
KCNA3	4.37656029532647e-06	0.0659969139540224	28.6647992530345	21.9922428582084	8.69480086030249e-05	c9
DENND2D	3.52927491083802e-12	0.172574121976764	69.5611577964519	57.7646005817856	1.64931191186929e-10	c9
C1orf162	2.53393661719349e-115	0.383522686848948	43.6974789915966	16.9948534347729	1.35521365682091e-112	c9
RSBN1	0.0050600392905694	0.0545816233944177	37.5350140056022	33.0051465652271	0.0426125878171571	c9
ATP1A1	3.68194450433563e-06	0.099113766591501	48.5527544351074	40.937569926158	7.43761619478925e-05	c9
WARS2-IT1	0.000681662462251749	0.00119447390597923	0.0933706816059757	0.00372939509211606	0.00779325239433338	c9
NBPF15	0.000914557771221583	0.0454825047421614	23.6227824463119	19.1914671440292	0.0100374949653225	c9
RP11-315I20.3	5.63122466085455e-07	0.000778538291363134	0.0933706816059757	0	1.30873555881177e-05	c9
TXNIP	9.57368842880772e-88	0.65070886578158	99.0662931839402	93.63765197285	3.54478964747525e-85	c9
BCL9	0.0011273258214078	0.0100330384948934	2.14752567693744	1.07779518162154	0.0120050936240564	c9
AC245100.1	0.00216435129808692	0.0492222452892678	32.2128851540616	27.2469605429999	0.0208478137900917	c9
RP11-98D18.1	5.63122466085455e-07	0.00086590340057116	0.0933706816059757	0	1.30873555881177e-05	c9
THEM4	5.85050398480047e-10	0.113063001829607	37.9084967320261	28.9438353099127	2.1265035735045e-08	c9
LCE5A	5.63122466085455e-07	0.000887141773878991	0.0933706816059757	0	1.30873555881177e-05	c9
S100A9	3.3998470943924e-05	0.00611161706448828	0.840336134453782	0.212575520250615	0.000554474578888952	c9
RPS27	5.35014363630105e-80	0.242994090534506	100	100	1.82088625940937e-77	c9
ATP8B2	0.000279505389388719	0.0312858503449455	11.484593837535	8.23823375848438	0.0035876779390718	c9
RP11-350G8.5	0.000187404884759176	0.00941994426615506	1.40056022408964	0.52957410308048	0.00251570525381502	c9
IL6R	1.2376317753497e-95	0.281298873205891	36.8814192343604	14.1120310285672	4.96437679031344e-93	c9
PBXIP1	7.89440635486802e-06	0.0986595097032261	57.3295985060691	46.7666144551354	0.000149267187273245	c9
ZBTB7B	0.00326234689432266	0.02796437975839	10.8309990662932	8.3128216603267	0.0294695754041039	c9
DAP3	0.000398766028410734	0.0689832752144947	42.9505135387488	37.4766912806743	0.00493789877297731	c9
KIAA0907	0.00237745390507985	0.0350816152238212	15.406162464986	12.2622510628776	0.02251431474923	c9
SSR2	0.00265141275538187	0.0769397342795721	87.0214752567694	82.8969941075558	0.024692288938595	c9
RAB25	1.82358495777145e-05	0.00850246822132504	1.21381886087768	0.36921011411949	0.00031493527199975	c9
CD84	0.00203287958034235	0.0574168086981077	36.5079365079365	31.4164242559857	0.0197167082844143	c9
CD48	3.72385157132624e-25	0.248990604289784	89.3557422969188	80.2230178265085	3.83704754875432e-23	c9
RP11-276E17.2	0.000321001931742727	0.00443642521707495	0.560224089635854	0.130528828224062	0.00407222857234166	c9
GPA33	0.00537123471561968	0.0122489389170833	3.64145658263305	2.30849556201984	0.0446749895107602	c9
RCSD1	7.21094299674295e-05	0.0927593485926672	60.8776844070962	53.0618333706273	0.00108273401663216	c9
SELL	3.08253171728048e-117	0.732062595218705	81.6059757236228	50.9472663533975	1.76038684206862e-114	c9
PRG4	4.71059507651874e-08	0.00813624445267326	0.933706816059757	0.171552174237339	1.32708018819584e-06	c9
RP11-295K2.3	0.000682320133058808	0.000773339345858779	0.0933706816059757	0.00372939509211606	0.00779325239433338	c9
NUAK2	2.97692683971329e-05	0.0267462259262036	6.1624649859944	3.67345416573432	0.000492655073365911	c9
C1orf186	0.000977122040781697	0.00347716781912556	0.466853408029879	0.108152457671366	0.0106237980129392	c9
FCMR	6.81279977319438e-14	0.188591758886199	68.8141923436041	54.4454389498023	3.67869351855787e-12	c9
SUSD4	1.93922932737119e-11	0.0140587447990455	1.77404295051354	0.38785708958007	8.4419112346828e-10	c9
TP53BP2	0.000930705035046633	0.0368595824765269	12.5116713352007	9.5211456701723	0.010191477234599	c9
DEGS1	1.07420025662531e-05	0.0761420511518019	34.640522875817	28.2650854031476	0.000196386887936697	c9
TMEM63A	2.74628896639214e-08	0.065508845098551	19.7012138188609	13.4929514432759	7.95718248887214e-07	c9
RP4-781K5.2	0.000615502338426448	0.00240273953599822	0.280112044817927	0.0410233460132766	0.00727419705048781	c9
AL360294.1	0.00464069357257897	0.00187664731271784	0.280112044817927	0.0559409263817409	0.0396157915466115	c9
TOMM20	1.42776396806186e-05	0.112783472790255	71.8020541549953	63.1088237487879	0.000253461955426114	c9
LGALS8-AS1	0.00101603743836894	0.00688038683287978	0.933706816059757	0.328186768106213	0.0109866384622603	c9
CHRM3-AS2	1.60801241278885e-15	0.0644770552013076	11.7647058823529	5.81039755351682	9.62351158730152e-14	c9
RP11-518L10.5	0.000682320133058808	0.000859003874878957	0.0933706816059757	0.00372939509211606	0.00779325239433338	c9
CNST	0.00167565076269885	0.0496398270398047	26.890756302521	22.5441933318416	0.0168384660895839	c9
NLRP3	0.000890080418334031	0.0283293435032729	5.78898225957049	3.81517117923473	0.0098071843084849	c9
SH3YL1	3.47344335367326e-17	0.0881560729418031	19.5144724556489	10.9644215708212	2.38358860200951e-15	c9
MYT1L	0.0041123950773647	0.00131190668551108	0.186741363211951	0.0261057656448124	0.035745083223601	c9
ADI1	1.17751745798188e-08	0.0840114693400675	28.1979458450047	20.8585067502051	3.59476578780775e-07	c9
AC142528.1	0.00121240448924636	0.0136776665606332	2.61437908496732	1.40598194972775	0.0127778407446565	c9
RPS7	3.08215940833699e-72	0.203725285934084	100	99.9477884687104	9.33138346406108e-70	c9
RNF144A	1.24852292995692e-10	0.0501848590522803	9.9906629318394	5.35168195718654	4.89729122258072e-09	c9
RP11-521D12.5	0.000682320133058808	0.000734887635598182	0.0933706816059757	0.00372939509211606	0.00779325239433338	c9
AC062028.1	2.0360603528963e-08	0.00884937293677617	1.21381886087768	0.261057656448124	6.03368667814317e-07	c9
TRIB2	1.71576086364771e-13	0.0772103684048833	16.6199813258637	9.75982695606772	9.00480475696976e-12	c9
KLHL29	0.00219487190470969	0.00416214201031376	0.560224089635854	0.160363988960991	0.0211116225969993	c9
KRTCAP3	2.63594129757766e-07	0.0245176651130895	4.29505135387488	1.99895576937421	6.73354102203046e-06	c9
RPS27A	9.0222846039098e-189	0.357992499192218	100	99.9813530245394	1.44760408306732e-185	c9
CFAP36	5.76255277331984e-16	0.110387136551386	26.5172735760971	16.8867009771015	3.5626321677842e-14	c9
CEP68	0.00015666342630611	0.0373203452078623	13.2586367880486	9.64421570821213	0.00214927422066697	c9
AAK1	4.08101764746224e-07	0.111973323890116	55.0887021475257	46.4570746624897	1.01705479743782e-05	c9
TRABD2A	8.19870981967701e-25	0.121106980811089	21.9421101774043	11.5238308346386	8.32070267060834e-23	c9
TMSB10	5.01153254102931e-16	0.113473367332533	100	99.966435444171	3.10401796760003e-14	c9
MAL	7.7708952137424e-92	0.340706349077416	48.1792717086835	21.238905049601	2.97536981058905e-89	c9
MGAT4A	4.29265104640437e-05	0.0665617740323219	36.1344537815126	29.1526814350712	0.000683860918948222	c9
AC109826.1	0.00377063330651904	0.0209706542918679	6.44257703081232	4.54240322219736	0.0332959240902107	c9
RPL31	4.5261199306066e-73	0.305251840391117	99.813258636788	97.3670470649661	1.39911087102623e-70	c9
NCK2	2.03393814422589e-05	0.0590866169679636	20.6349206349206	15.7305884985455	0.00034893845128079	c9
C2orf40	1.12058309704467e-05	0.0118807740245241	1.86741363211951	0.693667487133587	0.000203761073242435	c9
FBLN7	4.06310352415066e-37	0.195980972204907	36.5079365079365	20.0604162004923	6.3675446578015e-35	c9
AC012442.6	0.000681662462251749	0.000731811405395749	0.0933706816059757	0.00372939509211606	0.00779325239433338	c9
GYPC	0.00419498967680115	0.0829500930017701	76.4705882352941	70.4967554262699	0.0363450712702848	c9
LIMS2	1.3033216008555e-11	0.0531773937899228	10.7376283846872	5.75818602222719	5.77817342358227e-10	c9
MZT2A	1.49725489546485e-06	0.11405321586013	61.624649859944	52.0176027448348	3.24010959844525e-05	c9
ARHGAP15	5.62568500134945e-05	0.102936976296075	67.4136321195145	60.1476840456478	0.00086950380933701	c9
ACVR2A	3.74942190310582e-27	0.0573891733627898	7.93650793650794	2.48004773625718	4.21110072010825e-25	c9
CERS6	0.000836637878421552	0.0156680811139552	3.92156862745098	2.32714253748042	0.00926377807280177	c9
SSB	0.00174618844972997	0.0637905922393042	46.4052287581699	41.4261206832252	0.01740712237432	c9
SP5	1.494447147955e-08	0.00208525418516725	0.186741363211951	0.00372939509211606	4.50392685180641e-07	c9
TLK1	0.000913107980253579	0.0594422011559905	34.2670401493931	29.048258372492	0.0100281161299427	c9
METTL8	0.000121811072475754	0.045927227026841	15.499533146592	11.63198329231	0.00172449675462103	c9
ITGA6	8.9691014630512e-17	0.0888275123692892	18.3940242763772	10.218542552398	6.00804979515004e-15	c9
SLC40A1	6.07185022328873e-23	0.0792982652204798	12.1381886087768	5.16521220258074	5.635948248581e-21	c9
AC020571.3	4.88532873579312e-16	0.0504505000236721	8.12324929971989	3.41239650928619	3.03142295439804e-14	c9
AC013264.2	1.12386049664061e-15	0.0703503423523974	13.0718954248366	6.70172298053256	6.83526273895466e-14	c9
ALS2CR11	0.000170767511144192	0.00163203042201091	0.186741363211951	0.0149175803684642	0.00232196954015029	c9
FAM117B	0.0022056678272762	0.016265504506317	5.13538748832866	3.3676437681808	0.0211973108306458	c9
CD28	0.00022408333232718	0.0641636694051861	36.9747899159664	30.9390616841948	0.00294701943771741	c9
EEF1B2	1.17267046568934e-106	0.425567355614989	99.5331465919701	97.299917953308	5.48777203763007e-104	c9
RPL37A	1.26358077310711e-101	0.318576249418791	100	99.421943760722	5.38925197076846e-99	c9
TUBA4A	9.36287218021097e-09	0.140184805236135	71.0550887021475	60.2036249720295	2.89690188466509e-07	c9
AC097713.4	1.39795601623133e-38	0.0637943856787121	8.02987861811391	2.01760274483479	2.35513650054492e-36	c9
AC104667.3	5.63122466085455e-07	0.00081795435894275	0.0933706816059757	0	1.30873555881177e-05	c9
CAPN10-AS1	0.00479459217712401	0.00963491526872465	1.86741363211951	0.98456030431864	0.0406719508600243	c9
AC005237.4	0.000682320133058808	0.000661115884652967	0.0933706816059757	0.00372939509211606	0.00779325239433338	c9
PASK	2.83844357644397e-160	0.633450388933358	65.6395891690009	29.4174684866115	2.58482480715414e-157	c9
CRBN	9.6671480746899e-05	0.0664430302895151	31.5592903828198	26.2959647945103	0.00140338167698665	c9
CPNE9	0.00184106290062894	0.00164130494598025	0.186741363211951	0.0223763705526964	0.0182097594870117	c9
RPL32	1.01965790366728e-239	0.427828113012583	100	99.9776236294473	8.58908835154132e-236	c9
WNT7A	8.70369683269114e-06	0.0141154249961891	2.33426704014939	0.950995748489595	0.000163104761446438	c9
AC090952.5	0.000682320133058808	0.000849788615291975	0.0933706816059757	0.00372939509211606	0.00779325239433338	c9
SH3BP5	2.45778568196326e-19	0.141195454688524	29.7852474323063	19.023644364884	1.86095799478809e-17	c9
OXNAD1	5.68608362604232e-08	0.143625251156405	71.2418300653595	59.3570522861192	1.58467247060273e-06	c9
ZNF385D-AS1	5.63122466085455e-07	0.00120186171507227	0.0933706816059757	0	1.30873555881177e-05	c9
UBE2E1	0.00120061981105573	0.0429384748393828	21.3818860877684	17.4050868949056	0.0126694907340156	c9
RPL15	2.6796438425784e-102	0.263019644985337	100	99.8172596404863	1.15753743117739e-99	c9
CMTM8	1.03051940446851e-97	0.280383465781351	36.3211951447246	13.5526217647498	4.23442936758074e-95	c9
CMTM7	1.66339835867319e-06	0.101636787723472	47.7124183006536	40.3334079212352	3.56984358580474e-05	c9
CCR4	0.00169168705305888	0.0317628695340385	14.6591970121382	11.3560080554934	0.016959150123703	c9
RPSA	4.7832655826752e-141	0.36670045262057	100	99.6494368613411	3.93091098884532e-138	c9
RPL14	3.24865795220521e-108	0.272034312216891	99.906629318394	99.9440590736183	1.56371830059432e-105	c9
VIPR1	5.26322785519015e-13	0.0395656999984816	5.97572362278245	2.42783620496755	2.65081015475003e-11	c9
RP11-101C21.4	5.63122466085455e-07	0.00107923378251776	0.0933706816059757	0	1.30873555881177e-05	c9
TGM4	0.000681662462251749	0.00104899125130325	0.0933706816059757	0.00372939509211606	0.00779325239433338	c9
ALS2CL	2.07071317840654e-09	0.0175085603498481	2.52100840336134	0.794361154620721	7.04042480658225e-08	c9
IMPDH2	0.00179630549084403	0.0511980458034156	27.5443510737628	23.3497426717386	0.0178328571621977	c9
PCBP4	0.00348210449830691	0.0161509532377559	6.1624649859944	4.25523980010442	0.0311356391249023	c9
ABHD14B	6.661982115784e-09	0.12706946339424	53.5947712418301	44.7229059446558	2.10176802817628e-07	c9
RPL29	4.78351492695532e-187	0.35584301097927	100	99.9291414932498	7.32617054312876e-184	c9
SFMBT1	0.00200252497124731	0.0299594526814292	11.391223155929	8.65592600880137	0.0194883262841301	c9
TKT	0.000680001899038555	0.061032268144712	37.3482726423903	31.587976430223	0.00779325239433338	c9
FHIT	2.54142406642327e-09	0.0434342653325847	8.77684407096172	4.74751995226374	8.50354940358151e-08	c9
ATXN7	2.36486602996258e-11	0.110275665085608	32.1195144724556	23.1893786827777	1.01505472628738e-09	c9
LRIG1	0.000475054830287569	0.0264279294447513	9.43043884220355	6.62713507869024	0.00578269416607997	c9
FOXP1	4.21662167559935e-11	0.137790101958387	53.4080298786181	41.5678376967256	1.73898226117068e-09	c9
MTRNR2L12	2.43113994374043e-21	0.293339805340681	73.5760971055089	54.5610501976579	2.11120693980387e-19	c9
RPL24	9.30037445628961e-61	0.208693807506342	100	99.6755426269859	2.33855833530017e-58	c9
RP11-49I4.3	5.63122466085455e-07	0.000819637879056582	0.0933706816059757	0	1.30873555881177e-05	c9
RP11-221J22.2	5.63122466085455e-07	0.000963263503062053	0.0933706816059757	0	1.30873555881177e-05	c9
LINC01215	4.34008723675477e-11	0.0455080605324755	8.49673202614379	4.25151040501231	1.78771270605398e-09	c9
TRAT1	4.68383322910225e-16	0.177734181862021	54.5284780578898	41.1240396807638	2.92253845965502e-14	c9
GCSAM	2.03209346822809e-28	0.083499818049676	12.9785247432306	5.11300067129112	2.41089286332667e-26	c9
RP11-757F18.5	0.000614147689348808	0.00237268391064874	0.280112044817927	0.0410233460132766	0.00726583295116528	c9
BTLA	0.000191087428342913	0.0403461180158728	20.0746965452848	15.5702245095845	0.00255902218226793	c9
C3orf17	0.000450208593736249	0.0443758788204889	20.2614379084967	16.129633773402	0.00551010837535386	c9
KALRN	5.32660074208491e-10	0.0144130513859085	1.86741363211951	0.469903781606623	1.94446896428829e-08	c9
PODXL2	0.00432504750676198	0.00740285392257432	1.49393090569561	0.723502647870515	0.0373374713535327	c9
SLC9A9	3.37239764526303e-10	0.0801737901215258	22.7824463118581	15.4732602371895	1.25835621549826e-08	c9
CPB1	0.000682320133058808	0.000821646761937331	0.0933706816059757	0.00372939509211606	0.00779325239433338	c9
SERP1	7.73443575557864e-12	0.157803659644612	83.0065359477124	76.2735884239576	3.49804132011365e-10	c9
EIF2A	5.06958955602663e-06	0.0784703997558817	36.4145658263305	29.6524203774148	9.96585475500358e-05	c9
GPR171	1.8981880117153e-07	0.108940111452451	35.8543417366947	29.145222644887	4.95794936951437e-06	c9
PTX3	0.000682320133058808	0.000654881426785081	0.0933706816059757	0.00372939509211606	0.00779325239433338	c9
TNIK	0.00203076887490324	0.0576609733912668	35.0140056022409	30.3460878645484	0.0197019079962539	c9
LINC00887	5.63122466085455e-07	0.000910971594335457	0.0933706816059757	0	1.30873555881177e-05	c9
GP5	0.000175012421608199	0.00412424179193042	0.560224089635854	0.12307003803983	0.00237107701393915	c9
PPP1R2	1.15359121336904e-25	0.256272164646149	84.780578898226	74.4983963601104	1.23003488428027e-23	c9
TM4SF19	0.00411725137979448	0.00150947712159847	0.186741363211951	0.0261057656448124	0.035745083223601	c9
LINC01063	0.00130562127600355	0.00703317756093741	0.933706816059757	0.335645558290445	0.0136281298865129	c9
RPL35A	3.11568877112318e-132	0.289511362181496	100	99.9477884687104	2.23361739264307e-129	c9
SPON2	2.62129459389128e-07	0.0605220544105332	20.4481792717087	14.3880062653838	6.70120637682647e-06	c9
CTBP1-AS2	1.4793080170247e-07	0.0338184397509434	8.30999066293184	4.72514358171105	3.91238652477476e-06	c9
RP11-367J11.2	0.00420413548940857	0.00452734810588197	0.65359477124183	0.220034310434847	0.0363965536927279	c9
SH3TC1	3.36240730251078e-07	0.0490606005062378	13.5387488328665	8.91325427015738	8.49272501130422e-06	c9
CC2D2A	2.58810147981919e-05	0.00171638652234552	0.186741363211951	0.0111881852763482	0.00043363247767791	c9
FAM200B	7.66196314062713e-05	0.068020882938952	31.3725490196078	25.9192958902066	0.00113928590494391	c9
RP11-302F12.3	5.63122466085455e-07	0.000913189006078927	0.0933706816059757	0	1.30873555881177e-05	c9
KLF3	0.00010412043947801	0.0513227255069592	23.8095238095238	18.4082941746849	0.00149988631371188	c9
TLR1	0.000138992837483603	0.0145129115709298	3.26797385620915	1.69687476691281	0.00193601681115028	c9
TMEM156	0.000988292206075601	0.0367852296199415	15.5929038281979	12.1876631610353	0.0107313946476027	c9
RPL9	9.17564316500044e-191	0.488457037309784	100	99.5972253300515	1.62717958316592e-187	c9
N4BP2	0.00145451147988418	0.0346389723793558	12.3249299719888	9.47639292906691	0.0149052037114408	c9
TXK	1.21330894438408e-88	0.301789131552259	41.4565826330532	16.9575594838517	4.54235906356413e-86	c9
USP46	0.00184124739432779	0.0162182937655502	4.38842203548086	2.76721115835012	0.0182097594870117	c9
RP11-646I6.5	0.00138576455856427	0.00487780631985668	0.840336134453782	0.287163422092936	0.0143007507002341	c9
STAP1	0.0022534044988641	0.00889445724721038	2.14752567693744	1.12254792272693	0.0215576976674409	c9
SULT1B1	7.70020993867592e-09	0.0129206610235797	1.77404295051354	0.473633176698739	2.41349649929066e-07	c9
NAAA	0.000202125369905552	0.0539876469797702	25.7703081232493	20.7652718729022	0.00268549377507794	c9
SDAD1	0.00188600587422311	0.0489060985565788	28.8515406162465	24.4349966435444	0.0185701583653049	c9
CCNI	1.25306170903872e-12	0.147197127442305	96.8253968253968	93.5630640710077	6.09244750712131e-11	c9
PLAC8	3.55161421640882e-27	0.144951664653342	29.7852474323063	16.4913850973372	4.00227723771501e-25	c9
GPRIN3	0.00152122388399957	0.0690795408215354	42.483660130719	38.1890057432684	0.0154945941800126	c9
SNCA	1.80747634480275e-08	0.0121472039446655	1.49393090569561	0.36921011411949	5.38947858068885e-07	c9
MMRN1	7.83821629550825e-15	0.0237501037874884	2.80112044817927	0.686208696949355	4.50684061195998e-13	c9
SLC39A8	6.95080049179507e-07	0.0488632886187437	13.6321195144725	9.12210039531588	1.58995432295005e-05	c9
MANBA	0.00251486391472994	0.0325856079572215	13.7254901960784	10.7630342358469	0.0235967208974967	c9
RP11-556I14.2	5.63122466085455e-07	0.000857540652587755	0.0933706816059757	0	1.30873555881177e-05	c9
PPA2	0.00381291023870872	0.0349529111264382	21.0084033613445	17.2298053255762	0.033587502636092	c9
LEF1	1.89041823116974e-61	0.356679992554404	60.7843137254902	36.4324606548818	4.86227113595674e-59	c9
RPL34	2.76237058653916e-224	0.414233043121721	99.906629318394	99.9850824196315	1.03417016158723e-220	c9
SEC24B-AS1	0.000829009829792544	0.00773061623824226	1.30718954248366	0.52957410308048	0.00919139756664362	c9
CCDC109B	2.85064700859679e-15	0.182110360539655	66.7600373482726	53.1065861117327	1.6850824615379e-13	c9
CASP6	4.23345738423707e-08	0.0724796407581783	20.5415499533147	14.5782054150817	1.19968135495781e-06	c9
PLA2G12A	0.00452367416121643	0.0253174678250477	10.4575163398693	7.99582307749683	0.0388036347220027	c9
SNHG8	3.68502232257861e-07	0.127742177832644	72.2689075630252	63.3959871708809	9.26590612962416e-06	c9
IL2	3.07737936017918e-16	0.0616530072082119	8.77684407096172	3.79279480868203	1.9417456959153e-14	c9
INPP4B	1.13573300511003e-10	0.13717398019989	50.7936507936508	40.1805027224584	4.48621194304543e-09	c9
RP11-223C24.1	5.51906202051975e-09	0.0386542043298437	6.9094304388422	3.52427836204968	1.76431950397906e-07	c9
RPS3A	3.72633968844301e-216	0.438359016672575	100	99.9403296785261	1.14141172238544e-212	c9
RP11-372K14.2	0.00410754397348698	0.00172402620142909	0.186741363211951	0.0261057656448124	0.035745083223601	c9
RP11-18H21.1	1.65507976991393e-64	0.275544216921488	41.5499533146592	19.9261579771761	4.4613006213984e-62	c9
DKFZP434I0714	0.00273394333532283	0.0128155451513201	2.80112044817927	1.60736928470202	0.0252931045415616	c9
TRIM2	4.42555637867883e-06	0.0126779850535318	1.96078431372549	0.716043857686283	8.78178425342782e-05	c9
KIAA0922	2.14614692412982e-09	0.0864723056617633	25.2100840336134	18.0390840605654	7.26756527252563e-08	c9
SFRP2	5.63122466085455e-07	0.00103903950530604	0.0933706816059757	0	1.30873555881177e-05	c9
RP11-9N12.2	5.63122466085455e-07	0.00138736595677934	0.0933706816059757	0	1.30873555881177e-05	c9
C4orf45	5.63122466085455e-07	0.000842296359251322	0.0933706816059757	0	1.30873555881177e-05	c9
RP11-366H4.3	5.63122466085455e-07	0.000910971594335457	0.0933706816059757	0	1.30873555881177e-05	c9
PP7080	0.001157261232752	0.0251471038850648	8.40336134453782	5.95584396210935	0.0122734529355826	c9
ZDHHC11B	0.00190778531064351	0.00269387226068318	0.280112044817927	0.0484821361975088	0.018724415454944	c9
SEMA5A	4.12658779890665e-06	0.00265832441674954	0.280112044817927	0.0223763705526964	8.27134142155626e-05	c9
FAM134B	0.00202577420733388	0.03558050650723	16.5266106442577	13.1983292309987	0.0196591117920242	c9
C5orf17	8.15176504904853e-05	0.00868320833899951	1.12044817927171	0.358021928843142	0.00120309054560947	c9
IL7R	1.0117175009174e-78	0.760468499224263	96.9187675070028	79.1750578056239	3.3751296510803e-76	c9
FYB	9.98526736882649e-56	0.371328392436702	95.6115779645191	87.5512791825166	2.32030068086372e-53	c9
RPL37	1.08534092942877e-209	0.39941620897405	100	99.966435444171	3.04745643968108e-206	c9
IL6ST	5.93856784536512e-50	0.323186638206447	55.3688141923436	34.6982919370478	1.22008600598617e-47	c9
CTD-2031P19.5	5.70197947434519e-05	0.0119914478835196	1.86741363211951	0.753337808607444	0.000878876927761147	c9
FLJ31104	0.000139762837275819	0.0155415881854273	2.61437908496732	1.26426493622734	0.00194318159234079	c9
ANKRD55	2.28576797249967e-95	0.179910213527154	19.234360410831	4.76616692772432	9.06078424298871e-93	c9
SGTB	0.00561371988906779	0.0342320682655132	19.7012138188609	16.2862683672708	0.0463940833804881	c9
CTD-2631K10.1	0.00184436007931842	0.00155363855485729	0.186741363211951	0.0223763705526964	0.0182293542131285	c9
BTF3	6.5698408149817e-14	0.136163475146499	98.7861811391223	97.2178712612814	3.553197695345e-12	c9
NSA2	4.32093672692796e-13	0.170899595065949	71.9887955182073	62.2361452972328	2.20590366783501e-11	c9
S100Z	2.94734971205214e-08	0.00898613471504433	1.12044817927171	0.231222495711196	8.50968305037573e-07	c9
SERINC5	1.52180467545131e-119	0.405309404682393	50.5135387488329	21.3134929514433	9.15637263118863e-117	c9
FAM151B	0.00107711988316323	0.00229559758135976	0.373482726423903	0.0745879018423212	0.0115324046213225	c9
CTC-325J23.2	5.63122466085455e-07	0.000556908884537193	0.0933706816059757	0	1.30873555881177e-05	c9
SSBP2	0.000165836279451725	0.0370942686940308	13.2586367880486	9.68896844931752	0.00226773035708053	c9
RPS23	1.17448350498686e-171	0.334432137510462	100	99.9776236294473	1.31910157390091e-168	c9
COX7C	1.82961203008406e-18	0.149833980551009	98.2259570494865	96.1512642649362	1.33724398571914e-16	c9
GPR150	1.73393074549869e-13	0.0248352371764511	3.828197945845	1.2083240098456	9.08601283652145e-12	c9
RGMB	1.05732520652966e-06	0.015659910808718	2.52100840336134	0.977101514134407	2.34224296573376e-05	c9
NUDT12	6.93082964710266e-05	0.0105976976211065	1.68067226890756	0.65264414112031	0.00104439791650034	c9
CAMK4	6.21157031927171e-05	0.0874270023372306	52.6610644257703	45.4389498023421	0.000948312869676216	c9
AC010468.2	5.63122466085455e-07	0.000929545311323185	0.0933706816059757	0	1.30873555881177e-05	c9
TNFAIP8	4.1703032045338e-18	0.198512942533956	66.7600373482726	54.4006862086969	2.98966374837366e-16	c9
GRAMD3	0.000997873708903674	0.0271317445831684	8.87021475256769	6.35861863205788	0.0108110471857879	c9
HINT1	3.27660029561074e-19	0.191553742258136	97.3856209150327	93.0558663384799	2.46432523125688e-17	c9
ACSL6	0.00533512882906652	0.0202329588428342	7.84313725490196	5.75072723204296	0.0444636349145463	c9
TCF7	7.34853272882719e-96	0.470867185988867	69.5611577964519	38.3232639665846	2.98315014174823e-93	c9
CXCL14	0.000681662462251749	0.00114305032369912	0.0933706816059757	0.00372939509211606	0.00779325239433338	c9
KLHL3	5.41703140760069e-07	0.0166327392142568	2.7077497665733	1.05914820616096	1.30873555881177e-05	c9
TMEM173	0.000762223287278289	0.0663385076509481	43.9775910364146	37.4505855150295	0.00856078381385156	c9
EIF4EBP3	0.000120782807345118	0.0211078292322521	5.32212885154062	3.17744461848288	0.00171281814422828	c9
PCDHB13	5.63122466085455e-07	0.00103394470474568	0.0933706816059757	0	1.30873555881177e-05	c9
NDFIP1	5.29666867214893e-09	0.146962833906855	74.5098039215686	65.9245170433356	1.69967575466082e-07	c9
RPS14	2.58973448398485e-118	0.289890586293657	100	99.9850824196315	1.50445713281699e-115	c9
MYOZ3	0.000681662462251749	0.0014617644348147	0.0933706816059757	0.00372939509211606	0.00779325239433338	c9
ITK	3.83765427095228e-25	0.256139831483323	68.5340802987862	54.8109196688297	3.94225375016665e-23	c9
CCNG1	0.00223441144011149	0.0466228679530749	27.077497665733	23.0663086447378	0.0214368619200218	c9
NPM1	8.87621395134083e-36	0.229382110139011	97.4789915966387	94.1634966808384	1.3060050343951e-33	c9
SFXN1	5.74428832113173e-06	0.0950312816890039	40.9897292250233	34.5192809726262	0.000111555072445079	c9
HRH2	2.34689124562393e-15	0.0485660079495708	7.56302521008403	3.16252703811442	1.39710518781012e-13	c9
THOC3	7.27932857734489e-05	0.0707903356065093	33.6134453781513	28.2277914522264	0.00109057224137421	c9
FAM153B	3.813855858986e-06	0.0170235887659781	3.17460317460317	1.42089953009622	7.68696427894779e-05	c9
RP11-843P14.2	5.63122466085455e-07	0.00107714926555743	0.0933706816059757	0	1.30873555881177e-05	c9
SLC34A1	0.000170144679642653	0.00186263089666988	0.186741363211951	0.0149175803684642	0.00231630498419376	c9
GRK6	5.97891005404789e-09	0.109932114246421	41.8300653594771	32.6695010069367	1.9005037298216e-07	c9
FAM153A	7.78821340516727e-08	0.0171557967233832	2.33426704014939	0.794361154620721	2.14567508155115e-06	c9
RMND5B	0.0019893842856844	0.0284884255445959	12.1381886087768	9.26381740881629	0.0193986159898544	c9
GNB2L1	4.28887783462933e-119	0.3059036193409	100	99.6755426269859	2.53525350456142e-116	c9
RP11-157J24.2	0.000682320133058808	0.000873595894216025	0.0933706816059757	0.00372939509211606	0.00779325239433338	c9
RP11-314C16.1	5.63122466085455e-07	0.000915029582464611	0.0933706816059757	0	1.30873555881177e-05	c9
RP11-330A16.1	1.53289448472326e-13	0.0303402619490265	4.29505135387488	1.44700529574103	8.0828398698381e-12	c9
FAM65B	3.16637177699252e-31	0.242654754232986	52.4743230625584	35.1085253971806	4.07205078832008e-29	c9
SLC17A1	5.63122466085455e-07	0.000782062089818407	0.0933706816059757	0	1.30873555881177e-05	c9
HIST1H4D	0.00341679467405485	0.0149400272507613	3.26797385620915	1.98030879391363	0.0306429278007996	c9
GABBR1	0.00434913850672777	0.00847949293213906	1.58730158730159	0.786902364436488	0.0375262158375635	c9
LINC00243	0.00144117152178609	0.0196423017204851	6.72268907563025	4.56850898784217	0.0147929611554545	c9
LTB	3.58232897027916e-130	0.866242793889432	97.4789915966387	76.0050719773253	2.41405984649172e-127	c9
HSPA1A	2.75115351034736e-07	0.235407426323097	47.9925303454715	41.7282016856866	7.01190365942844e-06	c9
HSPA1B	3.57452868712394e-18	0.34741454910031	51.2605042016807	39.8299395837995	2.56802067343186e-16	c9
C6orf48	5.71126025106065e-15	0.162196345001534	53.4080298786181	41.1613336316849	3.31784832584892e-13	c9
GPSM3	5.45332624904681e-29	0.270896946724583	88.422035480859	77.698217349146	6.6333709254651e-27	c9
RPS18	1.37110613955069e-224	0.466443659513413	100	99.9477884687104	5.77475628325261e-221	c9
CUTA	6.53747866740616e-05	0.106461767042175	76.0971055088702	67.7146266875513	0.000991777605671244	c9
RPL10A	1.55376803932203e-125	0.362164086152754	99.906629318394	99.3436264637876	9.69493709572526e-123	c9
FKBP5	1.15261086692461e-43	0.316866593553529	61.0644257703081	39.8038338181547	2.181801716301e-41	c9
PI16	8.57505769403387e-12	0.0276012611380506	3.4547152194211	1.12627731781905	3.86784463109474e-10	c9
RP11-533O20.2	0.0041123950773647	0.00141140488772163	0.186741363211951	0.0261057656448124	0.035745083223601	c9
GNMT	0.000287291058502477	0.00278995060636391	0.373482726423903	0.063399716565973	0.00367920369638253	c9
RP3-483K16.4	5.63122466085455e-07	0.000842133836369733	0.0933706816059757	0	1.30873555881177e-05	c9
EEF1A1	9.28788623733502e-261	0.403714703171945	100	99.9962706049079	3.12946038880766e-256	c9
RRAGD	1.49516067518786e-05	0.00718415093169894	1.12044817927171	0.320727977921981	0.000263047003273112	c9
AIM1	1.15276218222487e-15	0.166669877242749	44.6311858076564	32.2704557320803	6.99840882304229e-14	c9
SCML4	2.3284629873118e-06	0.103163283790215	50.046685340803	41.7990601924368	4.88513274560919e-05	c9
HSF2	6.162516351833e-07	0.0427563739597377	10.9243697478992	6.92548668605952	1.41927427176118e-05	c9
NCOA7	0.000886803271326926	0.0485950454637375	24.1830065359477	19.8739464458865	0.00977427197385982	c9
AKAP7	4.49251823426307e-05	0.0460568654327888	18.6741363211951	14.0076079659879	0.000713677083381706	c9
RPS12	1.71881198047518e-196	0.395532892172625	100	99.9925412098158	3.40668534530181e-193	c9
IL22RA2	5.63122466085455e-07	0.000908861426161816	0.0933706816059757	0	1.30873555881177e-05	c9
ABRACL	3.23414543886268e-16	0.202294990816498	80.4855275443511	68.218095024987	2.03684666200073e-14	c9
TXLNB	0.00107820438066749	0.0101741841069359	1.96078431372549	0.950995748489595	0.0115403489206513	c9
HIVEP2	0.00281594939650842	0.0340546767630381	13.9122315592904	10.9867979413739	0.0259591242040916	c9
RP1-45I4.3	0.000681662462251749	0.00103681918786571	0.0933706816059757	0.00372939509211606	0.00779325239433338	c9
AIG1	3.284138883149e-10	0.0555124831372839	12.4183006535948	7.20146192287611	1.22950861698691e-08	c9
ESR1	0.00446572573634096	0.00712646647443905	1.12044817927171	0.488550757067204	0.0383651613871169	c9
IPCEF1	5.17656897589077e-07	0.0831331371554947	31.0924369747899	24.1403744312672	1.26574248964923e-05	c9
RPS6KA2	0.000361262447821267	0.013350379797625	2.80112044817927	1.44700529574103	0.00452841403158101	c9
RNASET2	8.44819763813881e-42	0.313513128405177	71.8020541549953	53.6809129559185	1.53039554419059e-39	c9
RP1-167A14.2	1.05333994997739e-06	0.0278576855215629	5.60224089635854	2.9723278884165	2.33802610504204e-05	c9
LINC01624	1.06226467495522e-05	0.003121699680139	0.373482726423903	0.0447527411053927	0.000194415784671054	c9
DLL1	0.00278439551232664	0.0032653222368576	0.466853408029879	0.12307003803983	0.0257174951733371	c9
GPR146	0.00190662137736133	0.0104604691208574	1.96078431372549	0.988289699410756	0.018718444256647	c9
ACTB	3.1777173050525e-10	0.10483678366111	100	99.9515178638025	1.19364556161025e-08	c9
RP5-1159O4.2	2.58428245397255e-05	0.00132969352078473	0.186741363211951	0.0111881852763482	0.000433208024896274	c9
RP5-1007H16.1	0.000682320133058808	0.000833012306191681	0.0933706816059757	0.00372939509211606	0.00779325239433338	c9
TMEM106B	0.000284996465461146	0.0575156686292585	27.9178338001867	23.2490490042515	0.00365259448735178	c9
AC073333.1	5.63122466085455e-07	0.000989175212579068	0.0933706816059757	0	1.30873555881177e-05	c9
ABCB5	0.000681662462251749	0.00107662804394174	0.0933706816059757	0.00372939509211606	0.00779325239433338	c9
TOMM7	1.52871635846025e-37	0.21697160675734	98.5060690943044	96.7032147385694	2.44116440672794e-35	c9
AC007285.7	5.63122466085455e-07	0.000910875448450884	0.0933706816059757	0	1.30873555881177e-05	c9
BMPER	0.000681662462251749	0.00106360147234006	0.0933706816059757	0.00372939509211606	0.00779325239433338	c9
EEPD1	2.03965607544866e-11	0.0422407519133905	7.65639589169001	3.65853658536585	8.84480975626345e-10	c9
AEBP1	0.00607424207474162	0.00528320577928704	0.933706816059757	0.38785708958007	0.0497364550343485	c9
IKZF1	0.000107584102095629	0.102880144125963	69.281045751634	61.408219586783	0.00154252712170643	c9
GTF2IRD1	1.02040535451243e-05	0.00569869293066348	0.65359477124183	0.126799433131946	0.000188288817168356	c9
HSPB1	2.84506158387815e-18	0.208866640436865	66.1064425770308	53.3825613485493	2.06153774209011e-16	c9
TMEM243	7.95537258922816e-16	0.184591758963347	63.9589169000934	50.5892444245543	4.88248313335981e-14	c9
TECPR1	0.00206258565110737	0.0318072045678718	13.6321195144725	10.5877526665175	0.0199703336001183	c9
RP11-757A13.1	0.000681662462251749	0.000956217926307173	0.0933706816059757	0.00372939509211606	0.00779325239433338	c9
SYPL1	2.04445592687946e-10	0.11997500144275	44.3510737628385	34.1388826732304	7.81019251703815e-09	c9
COG5	0.00158161455172904	0.0421819617310239	19.5144724556489	15.8312821660327	0.0160177098605225	c9
LMOD2	5.63122466085455e-07	0.00106672329501419	0.0933706816059757	0	1.30873555881177e-05	c9
CPA4	5.63122466085455e-07	0.000792339121491401	0.0933706816059757	0	1.30873555881177e-05	c9
MESTIT1	0.000682320133058808	0.000428174016318913	0.0933706816059757	0.00372939509211606	0.00779325239433338	c9
PLXNA4	0.00410431278990478	0.00152963021786518	0.186741363211951	0.0261057656448124	0.0357432709079999	c9
ZC3HAV1	0.000960183365284181	0.0699039139402817	45.3781512605042	39.3674945923771	0.0104700382879887	c9
TBXAS1	0.000428327001478505	0.0279490660505408	8.02987861811391	5.51577534123965	0.00526909455561035	c9
TAS2R3	5.63122466085455e-07	0.0010995656641293	0.0933706816059757	0	1.30873555881177e-05	c9
TRBV7-2	0.00224622260434123	0.0652275144573963	7.74976657329599	5.5493398970687	0.0215012001223504	c9
TRBV5-6	0.00220943947704514	0.0418148249850926	3.64145658263305	2.2301782650854	0.0212154043144939	c9
TRBV22-1	1.55565113552456e-06	0.00193302601319843	0.186741363211951	0.00745879018423212	3.34927216360156e-05	c9
GSTK1	5.0433624044788e-13	0.173879150154645	91.0364145658263	83.99716565973	2.55151731015779e-11	c9
ZNF467	0.000441885465009037	0.00652557554367489	0.933706816059757	0.305810397553517	0.00542202798908029	c9
ATP6V0E2	5.98646178834711e-10	0.119086344272625	47.4323062558357	37.3536212426344	2.17357589974749e-08	c9
GIMAP8	0.000311296122972181	0.0385602592461266	12.8851540616246	9.55098083090923	0.00396552422208872	c9
GIMAP7	1.92886244421225e-26	0.291357635456733	88.515406162465	76.2959647945103	2.12389186912705e-24	c9
GIMAP4	1.27914892499977e-05	0.129610452382242	81.2324929971989	72.3465353919594	0.000229375433097084	c9
GIMAP5	4.15997265599133e-27	0.159607401100963	32.3996265172736	18.829715820094	4.65668168342099e-25	c9
NOS3	1.84221766851793e-05	0.0163216520440726	2.61437908496732	1.15611247855598	0.0003178273534206	c9
ATG9B	5.68882872655175e-09	0.0307173763736917	5.50887021475257	2.56955321846796	1.81686630438327e-07	c9
ASIC3	0.000319386511829037	0.00465269345659353	0.560224089635854	0.130528828224062	0.00405478866976924	c9
AC006372.5	5.63122466085455e-07	0.000880922030774147	0.0933706816059757	0	1.30873555881177e-05	c9
SLC25A6	1.17615289551759e-20	0.20890794543529	92.5303454715219	86.5555306929216	9.64216439454246e-19	c9
CA5B	0.000371606402951668	0.0470298937534604	23.5294117647059	18.7439397329753	0.00464597630465807	c9
AP1S2	0.00543504567389553	0.04052674788053	25.7703081232493	22.0295368091296	0.0451388782194321	c9
SCML1	3.03495651903789e-37	0.148596764526623	21.7553688141923	9.78220332662042	4.77849649310574e-35	c9
EIF2S3	1.60418813122656e-23	0.226600030938098	67.9738562091503	54.3111807264862	1.53992919924637e-21	c9
MIR222HG	0.00544540286722487	0.0206639512869829	6.62931839402428	4.75497874244797	0.0452137516530987	c9
RP5-1158E12.3	9.73807395157756e-06	0.015869005552978	2.14752567693744	0.850302081002461	0.000180779429049286	c9
TIMP1	6.56939035785454e-13	0.117059555822923	31.1858076563959	21.7386439919445	3.27938280489901e-11	c9
CFP	6.74695663627958e-19	0.050639624785871	7.84313725490196	2.98351607369285	5.04061988698014e-17	c9
UXT	4.84115188045713e-09	0.140958424756436	74.7899159663866	66.483926307153	1.56243076111228e-07	c9
PCSK1N	2.48521860452711e-07	0.0405054176939682	8.30999066293184	4.81091966882972	6.37267546886882e-06	c9
GPR173	5.63122466085455e-07	0.000999759752470773	0.0933706816059757	0	1.30873555881177e-05	c9
FAAH2	3.75354369390563e-17	0.101162262270604	22.0354808590103	13.0044006862087	2.56535296597274e-15	c9
IGBP1	1.5166443204044e-10	0.128937938975397	50.4201680672269	39.7329753114045	5.86029973987453e-09	c9
NHSL2	0.00159787188315428	0.0183764077966778	4.85527544351074	3.12150369210114	0.0161677763456457	c9
RPS4X	9.63263123706075e-179	0.363209842566577	100	99.9738942343552	1.15914956036259e-175	c9
NAP1L6	1.90917199601105e-06	0.00429250556064074	0.466853408029879	0.0596703214738569	4.0559672908951e-05	c9
KIAA2022	0.00401274493690749	0.00303206643747223	0.373482726423903	0.0895054822107854	0.0350727439440106	c9
TAF9B	0.00102963259563034	0.0286525951269267	11.1111111111111	8.22704557320803	0.0111122487755184	c9
CYSLTR1	1.13687136026239e-16	0.0928543012237275	16.1531279178338	8.82001939285448	7.51093012013353e-15	c9
RPL36A	3.25918230132209e-36	0.301076236692907	88.515406162465	76.1430595957336	4.9024503777119e-34	c9
TCEAL2	1.11003233295285e-10	0.0151046316642614	1.77404295051354	0.410233460132766	4.38983913456728e-09	c9
BEX1	5.52299442029633e-05	0.00671501377354934	0.933706816059757	0.261057656448124	0.000855594363206734	c9
BEX4	0.00351949109594074	0.0341561660030645	19.327731092437	15.6560005967032	0.0314300909055466	c9
BEX2	4.51645380127357e-18	0.103220685843505	23.9962651727358	14.1605131647647	3.23094255584101e-16	c9
NGFRAP1	5.56716250441962e-18	0.0888740843355981	20.3548085901027	11.3075259192959	3.94075574419989e-16	c9
TBC1D8B	0.0033228285047609	0.00609761915963407	0.933706816059757	0.365480719027374	0.0299196642542527	c9
TSC22D3	0.000100281332715634	0.155596137351814	97.6657329598506	93.9248153949429	0.00144891904996594	c9
VSIG1	1.27624758545486e-07	0.0306994529037754	6.1624649859944	3.20355038412769	3.41014164506869e-06	c9
SEPT6	1.22571036866517e-20	0.235319858552555	84.4070961718021	73.7823525024241	1.00240497965544e-18	c9
RPL39	8.95681802522536e-217	0.402792233757409	100	99.9440590736183	3.01791026541943e-213	c9
TENM1	0.001411826743246	0.00864450877932461	1.21381886087768	0.496009547251436	0.0145319926560225	c9
FHL1	5.75031629655844e-09	0.050000976050254	11.1111111111111	6.55627657194003	1.83129638276219e-07	c9
CD40LG	8.31881328523489e-207	0.636681780217354	67.0401493930906	25.2181696128888	2.15610842179003e-203	c9
LINC00632	5.63122466085455e-07	0.000907238042990159	0.0933706816059757	0	1.30873555881177e-05	c9
CDR1-AS	0.000681662462251749	0.000933868003107841	0.0933706816059757	0.00372939509211606	0.00779325239433338	c9
LDOC1	1.39661948963034e-09	0.0437540833951279	8.40336134453782	4.45662713507869	4.83635119050407e-08	c9
PNMA5	5.30594184171869e-08	0.0193784959646033	2.7077497665733	0.980830909226523	1.48240799680655e-06	c9
DUSP9	5.25465140380664e-05	0.00225276431610703	0.280112044817927	0.0298351607369285	0.000818540103559227	c9
U52111.14	0.000681662462251749	0.000989929807633865	0.0933706816059757	0.00372939509211606	0.00779325239433338	c9
TKTL1	5.78777090555141e-05	0.00893064960694696	1.58730158730159	0.592973819646453	0.000890471017770088	c9
RPL10	4.04426923407589e-136	0.273530585365314	100	99.9925412098158	3.16901412960356e-133	c9
MYOM2	2.92801635590916e-11	0.0233058632851171	2.80112044817927	0.835384500633997	1.24566392797984e-09	c9
MFHAS1	2.10347995582103e-16	0.0751924056352788	14.3790849673203	7.52591929589021	1.3499934025035e-14	c9
CTSB	0.00265676457315569	0.0497435581440372	42.1101774042951	35.7835459088536	0.024735293044462	c9
MTUS1	6.71352016968456e-07	0.0180687376839087	2.80112044817927	1.12627731781905	1.53881189522008e-05	c9
TNFRSF10D	1.08468166465067e-08	0.0361127896845197	6.72268907563025	3.41612590437831	3.33156463160801e-07	c9
CHMP7	7.51906753772895e-37	0.244417022996396	46.4985994397759	29.1675990154397	1.16214431934055e-34	c9
NEFL	2.33333058836676e-06	0.0116968903319737	1.40056022408964	0.413962855224883	4.89229874576414e-05	c9
EPHX2	5.00232547075684e-07	0.050783737249708	15.8730158730159	10.8413515327814	1.22759180197874e-05	c9
SARAF	1.37136133695833e-22	0.181303685414988	100	98.8774520772731	1.2624767455594e-20	c9
LEPROTL1	0.000771507387614202	0.0891597125047099	82.0728291316527	77.4446184828821	0.00864827128713494	c9
RP11-11N9.4	6.98718118687541e-07	0.0152472349773258	2.52100840336134	0.962183933765943	1.59719187863352e-05	c9
RPS20	6.50016704680969e-75	0.368564250603764	96.6386554621849	91.4074737077646	2.06619460825666e-72	c9
PLAG1	5.60680754566349e-15	0.030047915613273	4.20168067226891	1.31274707242485	3.2627940145697e-13	c9
SDR16C5	5.63122466085455e-07	0.00106876332443892	0.0933706816059757	0	1.30873555881177e-05	c9
CHD7	5.20201856387338e-07	0.0461100905565808	12.4183006535948	8.07041097933915	1.27104288245939e-05	c9
AC022182.1	0.000284257922710201	0.0101150989343487	1.58730158730159	0.65264414112031	0.00364451539109494	c9
AC022182.3	8.05052757683222e-07	0.0322585885386834	6.25583566760037	3.42358469456254	1.82294674847974e-05	c9
RP11-659E9.2	5.63122466085455e-07	0.000903915375779162	0.0933706816059757	0	1.30873555881177e-05	c9
RP11-531A24.5	0.000136713134755127	0.00229313118421965	0.280112044817927	0.0335645558290445	0.00190978953666635	c9
RPL7	4.18008350334823e-103	0.384336799547398	98.8795518207283	96.0953233385545	1.8532070205502e-100	c9
RP11-463D19.2	0.000681662462251749	0.00103730882500382	0.0933706816059757	0.00372939509211606	0.00779325239433338	c9
LY96	2.7242732020795e-23	0.111334203319796	20.1680672268908	10.5691056910569	2.57841745142884e-21	c9
RP11-6I2.3	0.000681662462251749	0.00104603339316206	0.0933706816059757	0.00372939509211606	0.00779325239433338	c9
RP11-92K15.1	5.63122466085455e-07	0.000917756650210633	0.0933706816059757	0	1.30873555881177e-05	c9
RP11-37B2.1	0.0034299980575914	0.0173830638667632	4.94864612511671	3.30051465652271	0.0307286239171722	c9
RIPK2	3.71767622876935e-12	0.0924039273378754	19.7945845004669	12.6240023868129	1.73015722171484e-10	c9
TMEM64	3.03688197399891e-05	0.0437893204793553	11.2044817927171	7.76087118669352	0.000501837671564097	c9
TMEM55A	2.32644625634885e-07	0.052151600220646	14.9393090569561	9.99850824196315	5.99749656935104e-06	c9
TP53INP1	0.00163148585922006	0.0318169042722682	11.1111111111111	8.40978593272171	0.0164732647709202	c9
UQCRB	3.0075570921192e-06	0.0980299964284708	93.5574229691877	90.6466771089729	6.16028137762094e-05	c9
PTDSS1	0.000513368815877219	0.0586993441690435	32.0261437908497	27.1388080853286	0.00619314317299213	c9
RPL30	2.67427085520901e-155	0.300160243567933	100	99.9888118147237	2.31043287680545e-152	c9
KB-1615E4.3	0.00230533075617565	0.00607074294614518	1.12044817927171	0.458715596330275	0.0219678428876749	c9
PABPC1	1.07932593434126e-107	0.436339384167748	99.6265172735761	96.7255911091221	5.12208563826684e-105	c9
RP11-1C8.5	5.63122466085455e-07	0.000852922481232302	0.0933706816059757	0	1.30873555881177e-05	c9
EIF3E	2.03066388631526e-76	0.418246563277361	90.9430438842204	76.8740210337883	6.57896047937563e-74	c9
EIF3H	1.15006623237225e-20	0.212096916888357	83.9402427637722	75.1696874766913	9.45130039842696e-19	c9
SAMD12	4.30805223805656e-06	0.01712784776567	2.7077497665733	1.14492429327963	8.56374702708422e-05	c9
FBXO32	0.00272338548317743	0.0518149063634519	26.3305322128852	22.2905944655777	0.0252092721071924	c9
NDUFB9	7.0708005941981e-16	0.180866784080581	70.6816059757236	59.4502871634221	4.35545804791428e-14	c9
LINC00861	1.32562984818312e-12	0.165044915140103	55.0887021475257	42.7910792869397	6.42672979923482e-11	c9
RP11-103H7.5	0.000136772791396184	0.00222328458259454	0.280112044817927	0.0335645558290445	0.00190983109544262	c9
MYC	0.000316365249938945	0.0328873692755182	14.5658263305322	10.8152457671366	0.00401794599752838	c9
PTK2	3.81395250304756e-08	0.0322956885440638	4.94864612511671	2.32714253748042	1.0853658415345e-06	c9
PTP4A3	0.000137554850181789	0.0294956571141125	12.4183006535948	8.87596031923622	0.00191757266116061	c9
CTD-2292P10.2	1.55565113552456e-06	0.00197531639755358	0.186741363211951	0.00745879018423212	3.34927216360156e-05	c9
LY6H	0.000681662462251749	0.00116516474692621	0.0933706816059757	0.00372939509211606	0.00779325239433338	c9
EEF1D	7.05239355592597e-53	0.234867767394142	100	99.1086745729843	1.5530937808717e-50	c9
RPL8	9.89695055982248e-116	0.278197999311015	100	99.8732005668681	5.46668610102719e-113	c9
KCNV2	5.63122466085455e-07	0.00084852223708853	0.0933706816059757	0	1.30873555881177e-05	c9
PLPP6	7.82918177782772e-05	0.0242625923305347	6.1624649859944	3.76668904303722	0.00116107592791429	c9
CDC37L1	4.51323730328859e-09	0.0781775340130751	22.8758169934641	16.0363988960991	1.46360940998081e-07	c9
RP11-12D24.10	5.63122466085455e-07	0.000903065207320411	0.0933706816059757	0	1.30873555881177e-05	c9
RPS6	1.38733589591207e-225	0.491438758190461	100	99.839636011039	6.6778422395516e-222	c9
IFNB1	0.000682320133058808	0.000909811489184858	0.0933706816059757	0.00372939509211606	0.00779325239433338	c9
TOPORS-AS1	0.00476030807902125	0.0400364200947219	23.9028944911298	20.0678749906765	0.040452413723718	c9
AQP3	1.84843780790642e-52	0.285282573629796	46.311858076564	25.7589319012456	4.04423788958434e-50	c9
CCL19	4.13646782489087e-06	0.00354163736594762	0.280112044817927	0.0223763705526964	8.28621562971896e-05	c9
ZCCHC7	0.00125085390627935	0.0454930328297935	23.8095238095238	19.601700604162	0.0131174203293421	c9
FAM95C	7.849165495937e-08	0.00939675833796777	1.12044817927171	0.242410680987544	2.16070083513155e-06	c9
ANKRD18A	0.000346102167717345	0.00663776115421017	1.02707749766573	0.346833743566793	0.00436109440503673	c9
FAM201A	2.13798843586845e-12	0.0178300530116795	2.24089635854342	0.540762288356828	1.01747715195129e-10	c9
KLF9	0.00259083401411031	0.0397862265910929	16.7133520074697	13.496680838368	0.0242092557446287	c9
GNAQ	3.38419086636055e-05	0.0334540873417814	8.02987861811391	5.15775341239651	0.000552537751688814	c9
CTSL	3.28793443711163e-15	0.0957604269900071	21.4752567693744	12.8328485119714	1.93339725870924e-13	c9
NXNL2	0.000682320133058808	0.000838498754604694	0.0933706816059757	0.00372939509211606	0.00779325239433338	c9
NUTM2G	5.63122466085455e-07	0.00118459666188554	0.0933706816059757	0	1.30873555881177e-05	c9
HEMGN	0.00115930378327701	0.0108962979488172	1.96078431372549	0.954725143581711	0.0122873802056419	c9
ANP32B	8.86932108404762e-15	0.185817532423302	82.4463118580766	73.2453196091594	5.09102052139524e-13	c9
GALNT12	0.00315005533326823	0.00676873187423403	1.49393090569561	0.704855672409935	0.0285918228203424	c9
OR2K2	5.63122466085455e-07	0.00106985487599237	0.0933706816059757	0	1.30873555881177e-05	c9
TNFSF8	1.50727317780934e-50	0.309699569604295	56.5826330532213	33.7062728425449	3.13494212673505e-48	c9
RPL35	2.6901764318897e-70	0.248423365827307	99.906629318394	99.3212500932349	7.88198301705144e-68	c9
RPL12	2.90733030661258e-103	0.265599877726727	100	99.9589766539867	1.30612783134673e-100	c9
ABO	1.83444966402858e-08	0.0191140368949009	2.89449112978525	1.04796002088461	5.46507046682396e-07	c9
RPL7A	3.05673701221195e-61	0.193049451147079	100	99.9552472588946	7.80255279465678e-59	c9
SNHG7	0.000375160252406721	0.0691564516500712	44.6311858076564	38.077123890505	0.00468692975327848	c9
RNF208	0.00411077746536345	0.00114147700012995	0.186741363211951	0.0261057656448124	0.035745083223601	c9
RP11-326C3.11	0.000874861684522673	0.0192005246738815	5.88235294117647	3.83754754978742	0.00965845006497606	c9
IFITM3	2.6012859423517e-13	0.167236787675042	57.1428571428571	45.1816215409861	1.34635527713669e-11	c9
RP11-326C3.14	0.000682320133058808	0.000981207522872321	0.0933706816059757	0.00372939509211606	0.00779325239433338	c9
RP11-326C3.15	5.63122466085455e-07	0.00110511283549352	0.0933706816059757	0	1.30873555881177e-05	c9
RPLP2	3.43639596677447e-110	0.27638965320053	100	99.9589766539867	1.6780568942681e-107	c9
KCNQ1	3.78269259868424e-05	0.0176465207386765	3.4547152194211	1.73789811292608	0.000611877313586494	c9
RRM1-AS1	0.000682320133058808	0.000982100579554122	0.0933706816059757	0.00372939509211606	0.00779325239433338	c9
APBB1	1.76756391455052e-10	0.0843949672523422	23.9028944911298	16.2974565525472	6.78317750989355e-09	c9
ZNF214	0.000681662462251749	0.00124866163082566	0.0933706816059757	0.00372939509211606	0.00779325239433338	c9
EIF3F	2.62841476458146e-27	0.228480616210531	91.7833800186741	85.1383605579175	2.99195294181783e-25	c9
RIC3	5.71274684548052e-09	0.0825606464290275	23.8095238095238	16.8680540016409	1.82105290644863e-07	c9
RPL27A	1.66485185866527e-35	0.249355759909776	98.6928104575163	96.0095472514358	2.4389355880812e-33	c9
DENND5A	8.78172743921345e-05	0.0149186627802813	3.0812324929972	1.54396956813605	0.00128456613426272	c9
MTRNR2L8	3.62543037259464e-06	0.0485007190112827	14.1923436041083	9.78966211680465	7.33224795763528e-05	c9
RP11-483L5.1	5.63122466085455e-07	0.00103903950530604	0.0933706816059757	0	1.30873555881177e-05	c9
RPS13	2.8010426404357e-179	0.379563723992047	100	99.9067651226971	3.49549373062372e-176	c9
DBX1	0.000613696756521241	0.00259040439837533	0.280112044817927	0.0410233460132766	0.00726304830144949	c9
BDNF-AS	0.0014327403129045	0.00985431510979736	1.49393090569561	0.667561721488775	0.0147268920387445	c9
MS4A10	5.63122466085455e-07	0.000915320931736582	0.0933706816059757	0	1.30873555881177e-05	c9
RP11-804A23.4	0.000681662462251749	0.000928562779992208	0.0933706816059757	0.00372939509211606	0.00779325239433338	c9
PTGDR2	2.44867530088136e-12	0.00675078074763253	0.840336134453782	0.0895054822107854	1.16041723752316e-10	c9
CD6	6.11632750766387e-10	0.157995963833022	67.1335200746965	57.8578354590885	2.21833734169243e-08	c9
CD5	1.11613670698116e-21	0.219679407802925	60.5975723622782	46.4757216379503	9.89660794869031e-20	c9
RASGRP2	6.94221539761927e-49	0.221293160958203	37.5350140056022	18.9826210188707	1.40066470423583e-46	c9
MAP4K2	1.44417931628777e-05	0.0573225475663152	21.7553688141923	16.6741254568509	0.000255836897386962	c9
VPS51	1.04868195628002e-05	0.0820623034849706	37.3482726423903	31.2635190572089	0.000192557437792365	c9
FAU	5.4667414712296e-28	0.115536898618331	99.906629318394	99.936600283434	6.41799258298294e-26	c9
SLC25A45	0.00200865347069565	0.0403436945928465	21.0084033613445	17.2447229059447	0.0195267080327811	c9
CORO1B	0.00353929766023313	0.0864978136806605	72.4556489262372	65.0220034310435	0.0315818578823875	c9
RP11-119D9.1	0.000285348182333373	0.0144627022703725	2.52100840336134	1.24561796076676	0.00365571165609912	c9
KRTAP5-7	5.63122466085455e-07	0.000837208819602373	0.0933706816059757	0	1.30873555881177e-05	c9
IL18BP	2.97300542566062e-09	0.0466697181088537	10.9243697478992	6.28030133512344	9.86920638543929e-08	c9
RP11-809N8.2	0.000682320133058808	0.000761400888318258	0.0933706816059757	0.00372939509211606	0.00779325239433338	c9
PLEKHB1	3.9547865933453e-11	0.0679017942414027	15.7796451914099	9.56216901618557	1.64104161916474e-09	c9
RPS3	2.81300771118925e-103	0.268420862990235	100	99.9925412098158	1.28083083541636e-100	c9
GDPD5	0.000744017624923104	0.0217286332850136	7.09617180205415	4.79600208846125	0.00839548889958442	c9
NAALAD2	0.000663345073307693	0.0014190537903076	0.186741363211951	0.0186469754605803	0.00778771738676983	c9
CCDC67	5.63122466085455e-07	0.00109465465519193	0.0933706816059757	0	1.30873555881177e-05	c9
SMCO4	2.51424121398632e-08	0.0597257128959671	14.5658263305322	9.51368687998807	7.3219397981033e-07	c9
SESN3	1.26071464350323e-06	0.0707699057234252	23.155929038282	17.3938987096293	2.75655543142101e-05	c9
MAML2	0.00576308245534621	0.0393331458809103	22.5957049486461	18.8744685611994	0.0474654852726558	c9
C11orf70	0.000682320133058808	0.00100640056795773	0.0933706816059757	0.00372939509211606	0.00779325239433338	c9
BIRC3	1.82863849667733e-31	0.310682507138337	68.4407096171802	50.2759752368166	2.38814517469171e-29	c9
TMEM123	4.71383229366666e-27	0.25045832365319	70.2147525676937	54.1172521816961	5.25920083784121e-25	c9
ATM	0.000167772315346977	0.0836651314230952	49.5798319327731	42.962631461177	0.00229048638302312	c9
RP11-356J5.12	5.28929173205725e-13	0.0250089056353033	2.89449112978525	0.798090549712837	2.65996112865577e-11	c9
RNF214	9.80139109039755e-05	0.0487854900505696	19.7945845004669	15.1413440739912	0.00142103300946581	c9
AP002954.4	0.00017476201034255	0.00516312081406186	0.560224089635854	0.12307003803983	0.00236959001065669	c9
CXCR5	1.29095442544742e-13	0.0554658307422237	11.1111111111111	5.62392779891102	6.83921673129331e-12	c9
RPS25	3.56461658545779e-124	0.270595357130418	100	99.966435444171	2.18374893146209e-121	c9
SORL1	8.97955699866364e-12	0.126313860519963	39.6825396825397	29.4808682031774	4.04488226621621e-10	c9
UBASH3B	0.00135803732127875	0.0352405720456822	12.2315592903828	9.33094652047438	0.0140663109447175	c9
TMEM45B	1.69643789240642e-15	0.0239481750460539	3.26797385620915	0.857760871186694	1.01347124728266e-13	c9
RP11-445P17.8	2.58046878834788e-05	0.00214889767843191	0.186741363211951	0.0111881852763482	0.000432784048554472	c9
USP6NL	0.00330062433468532	0.00740871384245391	1.40056022408964	0.648914746028194	0.0297749690643046	c9
CAMK1D	3.5200134018658e-06	0.0573361503727353	21.9421101774043	16.163198329231	7.14047751730682e-05	c9
ST8SIA6-AS1	0.000681662462251749	0.00100329215559037	0.0933706816059757	0.00372939509211606	0.00779325239433338	c9
SVIL	3.90484970321395e-05	0.0248553182279787	5.69561157796452	3.3452673976281	0.000629220496891873	c9
RP11-342D11.3	1.37654014976187e-11	0.0419861935166638	6.72268907563025	3.03572760498247	6.07083034110949e-10	c9
ANK3	4.28656138127207e-14	0.0775778010065532	17.1802054154995	9.8456030431864	2.35614028027049e-12	c9
ARID5B	7.63964877157086e-05	0.0880498878714794	47.6190476190476	40.5012307003804	0.00113646942918017	c9
STOX1	3.72282745381276e-05	0.0111439268586367	1.49393090569561	0.52957410308048	0.000603642676750564	c9
C10orf54	1.36724244307248e-23	0.216776217516533	59.3837535014006	44.8012232415902	1.31999618558407e-21	c9
RPS24	3.05262520481142e-05	0.0533361632984204	100	99.9627060490788	0.000504191929661353	c9
CH25H	1.90616248623267e-05	0.0453370847840601	6.1624649859944	3.65853658536585	0.000328355004146849	c9
PANK1	5.85491351822412e-08	0.0130011699349704	2.14752567693744	0.689938092041471	1.6303756701078e-06	c9
SLC35G1	0.000839479473558721	0.0154035213461707	3.54808590102708	2.04743790557172	0.00929218836468053	c9
GOLGA7B	0.00186181776841221	0.00776088759378352	1.30718954248366	0.563138658909525	0.0183728361498912	c9
ADD3	2.37824045037086e-21	0.196178704542552	55.6489262371615	40.3147609457746	2.07060552286294e-19	c9
PDCD4-AS1	1.03963260899672e-10	0.072067909605664	16.9000933706816	10.5914820616096	4.12110366206299e-09	c9
ABLIM1	1.85678748313772e-11	0.112102102107047	36.2278244631186	26.0983068546282	8.10396340114539e-10	c9
GRK5	0.00387006119578214	0.0254402717496377	8.87021475256769	6.62340568359812	0.0339942418542035	c9
RGS10	0.00299101235626996	0.0879151352206553	77.2175536881419	70.6496606250466	0.0273336507545864	c9
BAG3	3.70809720188901e-23	0.0959992369976285	16.4332399626517	7.97344670694413	3.48996165140917e-21	c9
FGFR2	1.85408625094935e-12	0.0115072572780654	1.30718954248366	0.208846125158499	8.84866602542316e-11	c9
LHPP	0.00124847691873715	0.0306615826565114	12.0448179271709	9.06243007384202	0.0131006481781157	c9
BNIP3	0.000217217184256213	0.0383933861508639	16.6199813258637	12.5904378309838	0.00286118678902613	c9
NINJ2	6.35148087678966e-07	0.0801451354356915	22.4089635854342	16.7934660997986	1.4598007957882e-05	c9
RP11-664D1.1	3.30765101666568e-34	0.0607811873951826	8.12324929971989	2.2301782650854	4.80379281704885e-32	c9
CD4	9.04022074935891e-32	0.214446320531204	46.4985994397759	28.7648243454912	1.19451450168196e-29	c9
C12orf57	0.000966032026984032	0.0914764184751602	89.8225957049487	85.7201461922876	0.010526999714489	c9
U47924.29	5.63122466085455e-07	0.00118786652431224	0.0933706816059757	0	1.30873555881177e-05	c9
PHB2	9.74803144734811e-06	0.107608595843378	63.2119514472456	55.3554113522787	0.000180864631931138	c9
RP11-20D14.6	9.45103645653983e-05	0.00288843019527542	0.373482726423903	0.0559409263817409	0.00137497073560731	c9
PHC1	0.00497940427117085	0.0244774717718688	8.21661998132586	6.1087491608861	0.0420325418629669	c9
TMEM52B	0.000681662462251749	0.000727695312140228	0.0933706816059757	0.00372939509211606	0.00779325239433338	c9
TAS2R50	5.63122466085455e-07	0.00079679043517276	0.0933706816059757	0	1.30873555881177e-05	c9
LRP6	4.64348781867787e-05	0.00602992052214815	0.746965452847806	0.179010964421571	0.000735925110830349	c9
ARHGDIB	5.46930918515304e-18	0.141584541608113	99.4397759103641	98.3180428134556	3.8796400775694e-16	c9
PTPRO	0.00080283607176376	0.0046190583105288	0.746965452847806	0.22749310061908	0.00893944434963917	c9
LDHB	2.51336824665798e-155	0.594631176620009	97.8524743230626	87.6743492205564	2.22856393954984e-152	c9
LYRM5	9.91730025455413e-05	0.0484159653287989	19.5144724556489	15.0108152457671	0.00143536733151609	c9
RP11-843B15.2	0.000681662462251749	0.000878456749621195	0.0933706816059757	0.00372939509211606	0.00779325239433338	c9
RP11-370I10.12	1.51243389819447e-06	0.0129096009846484	2.05415499533147	0.730961438054748	3.26457064482796e-05	c9
ANP32D	0.000682320133058808	0.000818939465105386	0.0933706816059757	0.00372939509211606	0.00779325239433338	c9
CELA1	2.18370181731177e-06	0.00906992502281292	1.30718954248366	0.36921011411949	4.5957307328234e-05	c9
KRT1	1.84859014170072e-09	0.0136597274240574	1.30718954248366	0.268516446632356	6.31707872560487e-08	c9
KRT18	0.00470940640824764	0.0111637263967843	2.80112044817927	1.65585142089953	0.0401007681373505	c9
EIF4B	1.8908608220566e-37	0.302912986559743	84.0336134453782	69.6091593943462	3.00522002539505e-35	c9
PFDN5	4.71522440518252e-67	0.267948143413089	99.6265172735761	98.2509137017976	1.32395642590183e-64	c9
PCBP2	1.47276605832906e-39	0.315962275230745	95.7049486461251	86.984411128515	2.58455101923643e-37	c9
HNRNPA1	3.22400538207012e-07	0.0883222760574047	98.5994397759104	97.6318341165063	8.16764190552411e-06	c9
TESPA1	7.83375386812077e-20	0.15154000614339	37.2549019607843	24.7781009920191	6.10996534334401e-18	c9
DGKA	1.21195078074005e-27	0.223564206639857	52.5676937441643	37.1820690683971	1.41299202789811e-25	c9
RPL41	9.41616623504708e-79	0.316639847037778	100	99.903035727605	3.17268305123676e-76	c9
ESYT1	0.000107689106918548	0.0605662904447302	29.7852474323063	24.5245021257552	0.00154337591174546	c9
IL23A	3.35523400529151e-06	0.0319389547732738	7.56302521008403	4.5051092712762	6.83089151506297e-05	c9
NACA	2.40837903076373e-100	0.283726646840396	100	99.582307749683	1.01434903828191e-97	c9
NAP1L1	3.54188924786729e-09	0.137197305270466	63.6788048552754	54.3783098381443	1.16429674456235e-07	c9
SYT1	0.000681662462251749	0.000576750094315646	0.0933706816059757	0.00372939509211606	0.00779325239433338	c9
NDUFA12	0.0032754114119852	0.0645899007273486	50.7002801120448	47.2738121876632	0.0295796601756712	c9
ELK3	0.00282464272509961	0.0466327177395323	21.6619981325864	18.2665771611845	0.0260179092344195	c9
BTBD11	0.00337480516653297	0.0137888178108704	3.26797385620915	1.98030879391363	0.0303228494083099	c9
ANKRD13A	0.00416408908327519	0.0365060511603888	19.327731092437	15.9543522040725	0.0361237944314815	c9
PPP1CC	0.00230254514788145	0.0652359309362452	54.4351073762838	47.4453643619005	0.0219592290440752	c9
MAPKAPK5-AS1	2.04261160587247e-05	0.0649656750453874	28.1979458450047	22.1749832177221	0.000349891995161499	c9
TMEM116	2.70871475177902e-07	0.0616995193639031	17.8338001867414	12.467367792944	6.90896554477232e-06	c9
ERP29	1.89533620339874e-11	0.159872476736203	79.7385620915033	71.7498321772209	8.26150815489228e-10	c9
RPL6	1.06265283724796e-80	0.233593844574485	99.906629318394	99.8769299619602	3.65357394879926e-78	c9
DTX1	1.08610015869237e-06	0.00600764880935849	0.65359477124183	0.108152457671366	2.40052704260529e-05	c9
SLC8B1	0.000122129639425486	0.0351113785441214	10.6442577030812	7.46251957932423	0.00172828058412529	c9
PEBP1	0.00461399517918014	0.0932046402811553	77.3109243697479	69.0422913403446	0.0394378370287407	c9
RPLP0	1.04734972369859e-63	0.271627366473056	100	99.6568956515253	2.77869303860632e-61	c9
PXN	1.17869009648556e-19	0.137359301902449	31.5592903828198	20.082792571045	9.04664786127211e-18	c9
MORN3	3.15518783175573e-13	0.0475664593803541	8.87021475256769	4.17692250316999	1.62554891136357e-11	c9
BCL7A	0.00107329972939917	0.0094515370848488	1.40056022408964	0.596703214738569	0.0115083261317215	c9
RP13-942N8.1	0.00563534464353385	0.0122815713009624	3.0812324929972	1.89080331170284	0.046504360132067	c9
RP11-214K3.24	5.63122466085455e-07	0.00119499265415901	0.0933706816059757	0	1.30873555881177e-05	c9
RAN	4.41387509591678e-05	0.108178969238448	85.8076563958917	79.3577981651376	0.000702177089149292	c9
RPL21	9.72586986088562e-201	0.566798562458108	99.906629318394	99.3473558588797	2.34073899351914e-197	c9
MTUS2	0.000681662462251749	0.000790048613149874	0.0933706816059757	0.00372939509211606	0.00779325239433338	c9
LINC00544	0.000126411020647467	0.0142934157663106	2.33426704014939	1.07406578652942	0.00177989675290253	c9
FRY	0.00595052525059704	0.00674436418670746	1.02707749766573	0.443798015961811	0.0488064746333049	c9
SPG20	7.57181945326424e-13	0.0559583997924662	9.71055088702148	4.85194301484299	3.76290390351453e-11	c9
TNFSF11	0.0010768947390824	0.00820358830372144	1.12044817927171	0.432609830685463	0.0115324046213225	c9
RP11-65B7.2	0.000682320133058808	0.000940385965780508	0.0933706816059757	0.00372939509211606	0.00779325239433338	c9
TPT1	3.01472538308936e-243	0.510010653322399	100	99.9179533079734	5.07890785289065e-239	c9
RP11-290D2.6	3.76313094075988e-11	0.0534746817261901	12.1381886087768	6.75020511673007	1.57118877221764e-09	c9
ESD	0.000387919318987097	0.0619358854817756	35.6676003734827	30.1633475050347	0.00482486287705842	c9
LPAR6	1.09757980636395e-57	0.250565535682731	38.0952380952381	18.4232117550533	2.66056503565661e-55	c9
RCBTB2	4.47250532956339e-29	0.102483982623452	17.2735760971055	7.67882449466696	5.46002154254742e-27	c9
LINC00282	0.00107133097865825	0.00274116141035671	0.373482726423903	0.0745879018423212	0.0114923355603028	c9
LINC00402	8.81943414884826e-51	0.162209612586471	24.2763772175537	9.68896844931752	1.84572679634344e-48	c9
COMMD6	1.440376217984e-16	0.155637243233023	96.4519140989729	93.1528306108749	9.40543338929321e-15	c9
LMO7	1.70449210635486e-10	0.0520748770230134	9.9906629318394	5.42626985902887	6.55606815428319e-09	c9
CLN5	2.63327607968832e-08	0.0608482514597459	16.1531279178338	10.7667636309391	7.64217090689217e-07	c9
DOCK9	0.000142695528797563	0.0283862574227233	8.40336134453782	5.60155142835832	0.00197940845916225	c9
GPR183	1.48271552126521e-29	0.26393062730172	57.9831932773109	38.946072946968	1.82330718151496e-27	c9
RAB20	8.53576227893572e-06	0.0139754637644533	2.14752567693744	0.842843290818229	0.000160285694780512	c9
MCF2L-AS1	0.00218925101161572	0.00282065366295679	0.373482726423903	0.0820466920265533	0.0210635704127299	c9
GAS6	1.07863179148893e-28	0.0437804546395269	5.50887021475257	1.31647646751697	1.3026315262519e-26	c9
RASA3	0.00176681910955093	0.0444063637822479	23.4360410830999	19.1914671440292	0.0175867660493971	c9
APEX1	5.11397807757448e-05	0.0763020074007553	40.0560224089636	33.5906615946893	0.000798472554892468	c9
RNASE6	1.97413476707736e-06	0.0164487860696345	2.89449112978525	1.21951219512195	4.18606021660822e-05	c9
NDRG2	0.00509756024701293	0.0104203412773498	2.98786181139122	1.80129782949206	0.042907118401912	c9
RP11-998D10.4	0.000682320133058808	0.000775164953725373	0.0933706816059757	0.00372939509211606	0.00779325239433338	c9
TRAV2	0.0015585316083126	0.027227296015057	4.76190476190476	3.05437458044305	0.01581245528771	c9
OXA1L	3.06224894416833e-05	0.0922277619664484	54.6218487394958	47.9189975385992	0.000505038746572725	c9
PPP1R3E	0.00311258627413559	0.028722914027169	11.1111111111111	8.4992914149325	0.0282835711760314	c9
SLC22A17	2.87435297024851e-10	0.024445861068456	3.4547152194211	1.22324159021407	1.08331598411133e-08	c9
RP11-187E13.1	0.00463686492357455	0.00197770911261845	0.280112044817927	0.0559409263817409	0.0395931390610545	c9
KIAA0391	1.36348813697155e-11	0.0736012519440444	16.8067226890756	10.3490713806221	6.02114931679154e-10	c9
NFKBIA	2.09658204269374e-05	0.156072848827779	88.7021475256769	78.2352502424107	0.000357501191024913	c9
RP11-116N8.2	5.63122466085455e-07	0.000924552448257224	0.0933706816059757	0	1.30873555881177e-05	c9
SLC25A21	5.63122466085455e-07	0.000793840911848413	0.0933706816059757	0	1.30873555881177e-05	c9
RPS29	3.27974422027051e-71	0.257673986476622	100	99.7202953680913	9.69365804892935e-69	c9
FBXO34	5.23447642271507e-19	0.135268020777191	28.1045751633987	17.8190497501305	3.91934330193248e-17	c9
PELI2	7.49286763075178e-05	0.0137509940146938	2.33426704014939	1.04796002088461	0.00111858521023726	c9
TMEM30B	0.00289078353320254	0.0114627901524834	2.61437908496732	1.47311106138584	0.0265545420849854	c9
WDR89	0.00215210808016623	0.0265663463682245	10.7376283846872	8.07414037443127	0.020741741891625	c9
GPX2	0.000170455827818622	0.00194063617857528	0.186741363211951	0.0149175803684642	0.0023189813571764	c9
ACTN1	2.05752120893752e-43	0.151331527435678	22.5023342670402	9.56589841127769	3.83017235436138e-41	c9
TTC9	7.44213135952381e-09	0.0322571640381371	5.60224089635854	2.65159991049452	2.33695409159175e-07	c9
RP1-292L20.3	9.35350539144353e-07	0.00678120852167976	0.840336134453782	0.167822779145223	2.09267603359428e-05	c9
PCNX	8.13238001569055e-05	0.047353462587559	17.4603174603175	13.2020586260908	0.00120180882565209	c9
NPC2	1.33494293739598e-08	0.101143605878015	39.0289449112979	30.2416648019691	4.04492511983995e-07	c9
TC2N	9.47601658988693e-05	0.096432444472902	61.437908496732	51.2456179607668	0.00137741545720298	c9
FBLN5	2.30642056854802e-27	0.123200873679011	21.7553688141923	10.9084806444395	2.63432320802227e-25	c9
PPP4R4	7.30888361032355e-09	0.0103398365257176	1.21381886087768	0.249869471171776	2.29794076527993e-07	c9
RP11-1070N10.7	5.63122466085455e-07	0.00081795435894275	0.0933706816059757	0	1.30873555881177e-05	c9
C14orf132	1.14163568843196e-05	0.00756349183562379	0.933706816059757	0.234951890803312	0.000207253625463504	c9
LINC01550	7.76328993629299e-09	0.0847253473854012	26.797385620915	19.4972775415828	2.42874922110916e-07	c9
LINC00239	1.83390528055637e-16	0.0803744405871237	16.3398692810458	8.81628999776236	1.18148383409305e-14	c9
INF2	8.3775494949832e-05	0.031294894222984	8.77684407096172	5.89244424554337	0.00123102116303517	c9
CRIP2	1.2098975761915e-12	0.0640578428833425	10.3641456582633	5.33303498172596	5.89960766023101e-11	c9
IGHV3-35	0.000681662462251749	0.000766538664811943	0.0933706816059757	0.00372939509211606	0.00779325239433338	c9
FMN1	2.11362319741016e-25	0.0444734242306402	5.50887021475257	1.4395465055568	2.18455276115147e-23	c9
GABPB1-AS1	0.00172637140782624	0.0500639672587174	28.8515406162465	24.1030804803461	0.0172504073456216	c9
USP3	0.00232469662657448	0.0507758976710929	29.7852474323063	25.2815693294548	0.0221079108483772	c9
RP11-653J6.1	0.000681662462251749	0.000769139768277075	0.0933706816059757	0.00372939509211606	0.00779325239433338	c9
RPL4	6.29984013188008e-182	0.548132626085337	99.4397759103641	96.7181323189379	8.16410820782952e-179	c9
ITGA11	0.000681662462251749	0.00083215000826137	0.0933706816059757	0.00372939509211606	0.00779325239433338	c9
RPLP1	2.19364608128205e-53	0.180423997389361	100	100	4.92751407084782e-51	c9
SALRNA2	5.63122466085455e-07	0.00115573172083695	0.0933706816059757	0	1.30873555881177e-05	c9
UACA	0.00399483389092371	0.00332731393349936	0.373482726423903	0.0895054822107854	0.0349343195226534	c9
RP11-285A1.1	0.000681662462251749	0.00102909096685392	0.0933706816059757	0.00372939509211606	0.00779325239433338	c9
CTD-2034I4.2	5.63122466085455e-07	0.00106685902885072	0.0933706816059757	0	1.30873555881177e-05	c9
RPS17	2.98558725944465e-12	0.176155291279961	87.3015873015873	78.824494666965	1.40497733407441e-10	c9
CRTC3	3.39978953647931e-05	0.0604609982312611	25.8636788048553	20.3960617587827	0.000554474578888952	c9
RP11-654A16.3	0.000661975883797845	0.00183113190395857	0.186741363211951	0.0186469754605803	0.00777435183990401	c9
NME4	0.00136318477477945	0.0278656303540035	10.0840336134454	7.43268441858731	0.0141066178751286	c9
RPS2	1.49892717101328e-193	0.445473029144316	100	99.9067651226971	2.80582511667342e-190	c9
TMEM186	0.00500599195187742	0.021064390283591	6.44257703081232	4.60580293876333	0.0422207491430683	c9
RP11-77H9.8	4.72540226338281e-06	0.00890296545136742	1.30718954248366	0.384127694487954	9.3273405894798e-05	c9
RSL1D1	1.26406061506254e-08	0.120109447171498	53.4080298786181	44.4655776832998	3.8370503030556e-07	c9
ABCC1	1.15989199819459e-05	0.0525888630416042	17.5536881419234	12.91862459909	0.000210115059070799	c9
RPS15A	6.76419433588461e-75	0.182196955057877	100	99.9813530245394	2.13002583133922e-72	c9
RP11-426C22.4	0.000681662462251749	0.000836177333006858	0.0933706816059757	0.00372939509211606	0.00779325239433338	c9
CTD-2574D22.2	0.000170144679642653	0.00198959972534136	0.186741363211951	0.0149175803684642	0.00231630498419376	c9
SEPT1	5.65589087909765e-10	0.147825932564665	81.4192343604108	73.9501752815693	2.0602117543818e-08	c9
RP11-44F14.2	1.5245770486325e-11	0.0274752936743962	4.20168067226891	1.52905198776758	6.68868477560201e-10	c9
RP11-44F14.8	3.93623643817622e-06	0.00841156214301159	1.02707749766573	0.257328261356008	7.9088754007759e-05	c9
MT1B	0.000682320133058808	0.00115127095362139	0.0933706816059757	0.00372939509211606	0.00779325239433338	c9
RP11-407G23.1	5.63122466085455e-07	0.000793840911848413	0.0933706816059757	0	1.30873555881177e-05	c9
RP11-410D17.2	5.63122466085455e-07	0.00139482215528324	0.0933706816059757	0	1.30873555881177e-05	c9
CES4A	0.00308179976272398	0.0130246412396328	2.7077497665733	1.5551577534124	0.0280416314353826	c9
TRADD	1.37062952249156e-14	0.143124909905565	42.7637721755369	31.5917058253151	7.7356769063368e-13	c9
DPEP2	0.0001226557128015	0.0309595142454697	9.05695611577964	6.12366674125457	0.00173354093420039	c9
SLC7A6	4.80955221144669e-14	0.104532239360955	28.9449112978525	19.2623256507794	2.62646762094789e-12	c9
COX4I1	1.21721061161625e-32	0.21658477691727	98.8795518207283	95.5881256060267	1.68776519949785e-30	c9
APRT	8.28888344993445e-07	0.123520118347972	84.780578898226	78.1345565749236	1.8706338845418e-05	c9
CTD-2555A7.3	4.97621100176248e-05	0.00833903147017144	1.12044817927171	0.346833743566793	0.000778766620963237	c9
RPL13	2.64550392968094e-197	0.357062746720128	100	99.9925412098158	5.57110058791684e-194	c9
DBNDD1	5.79588545473627e-11	0.022852679552985	3.0812324929972	0.98456030431864	2.36138530244116e-09	c9
AC108004.3	0.00286655652946314	0.0107046930071617	2.05415499533147	1.07779518162154	0.0263679376750563	c9
RAP1GAP2	3.8807523019942e-29	0.0458580043694948	5.97572362278245	1.49548743193854	4.75483883866882e-27	c9
C1QBP	1.27477705236898e-05	0.0893005456911666	50.6069094304388	42.8880435593347	0.0002287131949016	c9
RP11-186B7.7	5.63122466085455e-07	0.000762133023424456	0.0933706816059757	0	1.30873555881177e-05	c9
CHD3	0.00192947272791988	0.0528401135605195	30.5322128851541	26.0684716938912	0.0189152324976819	c9
ADPRM	1.11648956951531e-25	0.122934257685696	23.8095238095238	12.5867084358917	1.19425395413489e-23	c9
TEKT3	5.63122466085455e-07	0.000873299605466306	0.0933706816059757	0	1.30873555881177e-05	c9
MPRIP	2.74963533542445e-06	0.0660187473458099	23.3426704014939	17.7519206384724	5.6664350453695e-05	c9
RPL23A	3.92326050284726e-38	0.180039397877074	100	99.903035727605	6.47991859720272e-36	c9
SSH2	1.52069138578487e-05	0.0774279044759749	40.5228758169935	33.4564033713732	0.000267283127556784	c9
CDK5R1	3.83516340063064e-11	0.0448927716367558	8.21661998132586	4.04266427985381	1.59750910848539e-09	c9
RP11-466A19.1	5.35220628678898e-12	0.0152051545139266	1.77404295051354	0.372939509211606	2.45356787247712e-10	c9
UNC45B	0.00552938545508027	0.00615482217231721	1.02707749766573	0.440068620869695	0.0457982088307459	c9
RP11-799D4.4	1.82489151895563e-06	0.0418014760503084	11.2044817927171	7.27977921981055	3.88917740921512e-05	c9
RPL23	3.14078536569552e-18	0.17870262096694	91.0364145658263	86.4511076303424	2.26607327862408e-16	c9
RPL19	7.57898928604414e-184	0.323189545035407	100	99.9925412098158	1.07282029164471e-180	c9
ZPBP2	4.18859031530898e-06	0.00361186425394994	0.373482726423903	0.0410233460132766	8.36661977607431e-05	c9
RP5-1028K7.2	9.97051991003037e-15	0.102417106846627	20.6349206349206	12.6165435966286	5.69401182794175e-13	c9
CCR7	1.43670810974189e-115	0.603876474158567	71.8020541549953	39.6733049899306	7.80781339510378e-113	c9
PTRF	0.0001257524379283	0.00423370451199486	0.560224089635854	0.119340642947714	0.00177201888055044	c9
CTD-3193K9.4	0.000312688882143594	0.00560360902120853	0.746965452847806	0.208846125158499	0.00398025659045949	c9
RPL27	1.70210471202501e-77	0.281856526255799	99.5331465919701	98.6611471619303	5.56803069582239e-75	c9
MEOX1	1.89672906590077e-14	0.0305437344679304	4.29505135387488	1.39106436935929	1.0563370106853e-12	c9
RP11-527L4.6	0.000682320133058808	0.000726047563444666	0.0933706816059757	0.00372939509211606	0.00779325239433338	c9
RP11-580I16.2	0.00369503815497435	0.00833814444915076	1.49393090569561	0.716043857686283	0.0327460851114429	c9
RP11-6N17.2	0.000682320133058808	0.000904828052725158	0.0933706816059757	0.00372939509211606	0.00779325239433338	c9
AKAP1	0.00240713592926435	0.0215582470450023	5.32212885154062	3.56903110315507	0.0227251437379191	c9
RP11-506H21.5	5.63122466085455e-07	0.000832741235718385	0.0933706816059757	0	1.30873555881177e-05	c9
YPEL2	0.00210059100286988	0.0378460714982355	19.7945845004669	16.0214813157306	0.0203033027110435	c9
TBC1D3P1-DHX40P1	0.000682320133058808	0.000771769449595861	0.0933706816059757	0.00372939509211606	0.00779325239433338	c9
NACA2	0.000498558480829172	0.0111319868798582	1.86741363211951	0.850302081002461	0.00602742355689204	c9
ICAM2	5.16964928260095e-24	0.190239882496857	46.7787114845938	31.7222346535392	5.04887428776685e-22	c9
PRKCA	1.25843146457577e-20	0.0901427910326183	16.1531279178338	8.10024614007608	1.02667287572436e-18	c9
PRKCA-AS1	4.90962179352834e-05	0.00353715235044951	0.373482726423903	0.0522115312896248	0.000770851802009058	c9
RP11-401F2.4	5.63122466085455e-07	0.0010249111349823	0.0933706816059757	0	1.30873555881177e-05	c9
ARSG	0.00231935261227201	0.024916818542501	9.6171802054155	7.11195644066532	0.0220695472798343	c9
LINC00511	2.76152283039046e-05	0.00436930448663887	0.560224089635854	0.10442306257925	0.000460171860767439	c9
CTD-2532D12.5	5.63122466085455e-07	0.00107742668526134	0.0933706816059757	0	1.30873555881177e-05	c9
RPL38	2.68024102545716e-72	0.294809529175697	99.7198879551821	98.1875139852316	8.20982191925031e-70	c9
TTYH2	0.00357605964380199	0.0077487586039943	1.68067226890756	0.835384500633997	0.0318508468512461	c9
CTD-2006K23.1	5.63122466085455e-07	0.00103903950530604	0.0933706816059757	0	1.30873555881177e-05	c9
HID1	0.00329178969080706	0.00830868636206395	1.40056022408964	0.648914746028194	0.0297116426043539	c9
ATP5H	0.00536701119198333	0.0712138118608064	63.8655462184874	57.4438726038637	0.044650882741404	c9
ST6GALNAC1	5.3046604064799e-13	0.0117506981645845	1.40056022408964	0.22749310061908	2.6637142732628e-11	c9
SEPT9	9.89629421149352e-13	0.177020369438376	81.9794584500467	72.6747221600656	4.86072503151695e-11	c9
TMC8	4.89371956699651e-07	0.115382158646485	60.0373482726424	50.7496084135153	1.20709360973924e-05	c9
CYTH1	1.54890901364017e-07	0.102296871194911	42.1101774042951	33.933765943164	4.09004234369841e-06	c9
LGALS3BP	1.76265220098667e-14	0.0872581442067153	18.9542483660131	11.3000671291117	9.84922110448507e-13	c9
RP11-353N14.2	0.000681662462251749	0.00096707574596541	0.0933706816059757	0.00372939509211606	0.00779325239433338	c9
CTD-2561B21.11	0.00212132396830806	0.00653198434886607	1.02707749766573	0.402774669948534	0.0204684678660285	c9
ACTG1	6.64812497470638e-17	0.15770985222172	99.6265172735761	99.1496979189975	4.48901649093701e-15	c9
TSPAN10	0.000113626159398779	0.00712155707203464	1.12044817927171	0.365480719027374	0.00162088053123728	c9
OXLD1	0.000967151883758621	0.0552038520185333	33.8935574229692	28.6566718878198	0.0105357955290537	c9
NDUFV2-AS1	3.95243317566244e-05	0.0471640750877817	16.4332399626517	12.0981576788245	0.000635671997235181	c9
LDLRAD4-AS1	0.000681662462251749	0.000999027516060613	0.0933706816059757	0.00372939509211606	0.00779325239433338	c9
TTC39C-AS1	5.75642968485549e-23	0.0651563651517625	7.93650793650794	2.763481763258	5.35793209396466e-21	c9
OSBPL1A	0.000216786531201111	0.0112414956931645	2.24089635854342	1.04050123070038	0.0028577485846206	c9
HRH4	0.00411077746536345	0.00135334166680588	0.186741363211951	0.0261057656448124	0.035745083223601	c9
TAF4B	0.00494826356470617	0.0229363672292248	7.74976657329599	5.69851570075334	0.0418222379216922	c9
RNF138	0.00471285387215614	0.043262174206532	24.3697478991597	20.8286715894682	0.0401199844286077	c9
RP11-35G9.5	0.00435228473297237	0.00363944842784726	0.466853408029879	0.130528828224062	0.0375437485388559	c9
CD226	6.72435029499978e-06	0.0620624019940596	24.4631185807656	18.8222570299097	0.000129394779463005	c9
RP11-405M12.3	3.26574835857135e-05	0.0173820282959362	2.7077497665733	1.24188856567465	0.00053545559704965	c9
RP11-567M16.6	0.00211274155038843	0.00998918796161028	1.77404295051354	0.868949056463042	0.0204031853822837	c9
RP11-795F19.1	0.004115632034399	0.0012319827839703	0.186741363211951	0.0261057656448124	0.035745083223601	c9
RASSF2	1.5962244988581e-05	0.0414972238954588	13.0718954248366	9.10718281494741	0.000279829283374218	c9
RP1-167O22.1	0.00177329477170693	0.0137653058329344	2.89449112978525	1.64093384053107	0.0176408013102726	c9
CST9	5.63122466085455e-07	0.00117339447677232	0.0933706816059757	0	1.30873555881177e-05	c9
RP11-243J16.7	0.000132319956047641	0.0105179534163147	1.77404295051354	0.730961438054748	0.0018561151536508	c9
SAMHD1	1.20784462169431e-13	0.153533321109458	51.2605042016807	39.3824121727456	6.44962229530399e-12	c9
RP1-138B7.7	0.00417857979572063	0.00496796504196613	0.65359477124183	0.220034310434847	0.0362122087543753	c9
WISP2	5.63122466085455e-07	0.000669740597798927	0.0933706816059757	0	1.30873555881177e-05	c9
TP53TG5	0.00411077746536345	0.00155384463421169	0.186741363211951	0.0261057656448124	0.035745083223601	c9
DBNDD2	0.00102208794488742	0.0269638421500051	10.0840336134454	7.32453196091594	0.011048518195392	c9
ZFAS1	0.000622581974099003	0.0955453493041307	85.6209150326797	79.6449615872306	0.00735013210767057	c9
TSHZ2	8.70783762860145e-14	0.0988772673992138	18.7675070028011	11.4604311180726	4.67945583824716e-12	c9
RP3-492J12.2	6.34673956150784e-07	0.0544327960910907	14.3790849673203	9.7299917953308	1.45970677669246e-05	c9
RPS21	1.21585235934253e-112	0.294766722719422	99.906629318394	99.8732005668681	6.11446707398316e-110	c9
STMN3	5.48091035695319e-09	0.0843001407982921	28.9449112978525	20.8995300962184	1.75378721336354e-07	c9
LIME1	0.00038379844450588	0.0731147284870505	42.7637721755369	36.0669799358544	0.00478774705264018	c9
RP4-583P15.14	5.63122466085455e-07	0.000681015098740375	0.0933706816059757	0	1.30873555881177e-05	c9
MISP	0.000681662462251749	0.00102677438048935	0.0933706816059757	0.00372939509211606	0.00779325239433338	c9
R3HDM4	0.00445015925789181	0.0604762876979351	50.7002801120448	44.409636756918	0.0382509352131139	c9
CNN2	2.81821113914264e-13	0.189057254245279	83.5667600373483	75.1025583650332	1.45639273193669e-11	c9
RPS15	8.25234054710717e-99	0.22249313592495	100	99.9925412098158	3.43276990610159e-96	c9
ADAMTSL5	0.000361806553849644	0.0114657526047579	2.05415499533147	0.950995748489595	0.00453186246297766	c9
AES	1.56699807448279e-12	0.180505115312077	78.0578898225957	69.0012679943313	7.54263330308903e-11	c9
MFSD12	0.000204442392343528	0.0214036485817467	4.57516339869281	2.68889386141568	0.0027130689120216	c9
EEF2	1.44754488245764e-131	0.482971186312838	99.0662931839402	94.8347877974193	9.95379127949549e-129	c9
TMIGD2	4.72417840996045e-05	0.0332208950435458	8.30999066293184	5.41881106884463	0.000746256293226476	c9
RPL36	2.80070975849116e-160	0.342236827070784	100	99.9142239128813	2.58482480715414e-157	c9
CLPP	5.22979407049476e-05	0.0872634367380181	53.5947712418301	45.8379950771985	0.000815044779885525	c9
ALKBH7	1.00448387118255e-11	0.13525247622551	48.8328664799253	37.9838890132021	4.49469848016268e-10	c9
ADGRE1	6.79634620987836e-31	0.0975055058721966	14.4724556489262	5.86260908480644	8.67409428771369e-29	c9
CTB-133G6.1	2.18820507723231e-51	0.213915055055485	35.4808590102708	16.8456776310882	4.66641657419402e-49	c9
RETN	3.62035968171055e-09	0.00564103269163683	0.560224089635854	0.0559409263817409	1.18777409070648e-07	c9
CCL25	0.0011288010898948	0.00182350643732706	0.280112044817927	0.0447527411053927	0.0120111609628666	c9
RPS28	2.62473271277478e-129	0.28477035930991	100	99.9962706049079	1.70072584661988e-126	c9
OLFM2	5.14052030151911e-08	0.0605312719598843	17.4603174603175	11.8743939732975	1.4385771681012e-06	c9
EIF3G	0.00133782004586094	0.0820357933735374	82.9131652661064	78.3657790706347	0.0139082100047018	c9
ICAM3	0.000127519729189641	0.10002198580809	68.1605975723623	60.9010218542552	0.00179400824856608	c9
MAN2B1	6.9754907177284e-10	0.091961435704637	28.3846872082166	20.6683076005072	2.52451325717659e-08	c9
PRDX2	1.18495449271017e-06	0.118036525911857	64.8926237161531	55.7805623927799	2.60442639774145e-05	c9
LYL1	0.000928367883012645	0.0257369852884805	7.65639589169001	5.32930558663385	0.0101691896782276	c9
ADGRL1	0.00117221100409455	0.00982767545325848	1.86741363211951	0.895054822107854	0.0123968856158072	c9
CTD-2562J15.6	0.000103354705762882	0.0334287117925332	10.1774042950514	6.97769821734915	0.00148949249613966	c9
KLF2	5.00132407500362e-23	0.373211016862131	78.2446311858077	58.0293876333259	4.66799483055878e-21	c9
ANO8	0.000401492946041937	0.0110794394696066	1.86741363211951	0.839113895726113	0.00496619064755398	c9
B3GNT3	2.58046878834788e-05	0.001692401307296	0.186741363211951	0.0111881852763482	0.000432784048554472	c9
RPL18A	8.0644033611714e-198	0.353455828008768	100	99.9776236294473	1.8114800456754e-194	c9
UBA52	2.79776361725618e-82	0.249611051808345	100	99.4294025509062	9.9229312968242e-80	c9
LPAR2	3.93636375826592e-06	0.0617792021431429	23.6227824463119	17.7854851943015	7.9088754007759e-05	c9
ZNF99	0.000681662462251749	0.00108754149929139	0.0933706816059757	0.00372939509211606	0.00779325239433338	c9
CTB-176F20.3	0.000681662462251749	0.000892205777467729	0.0933706816059757	0.00372939509211606	0.00779325239433338	c9
KIAA0355	0.00493265904797068	0.022947543069329	9.52380952380952	7.17908555232341	0.041717121978495	c9
ZNF302	0.00149218324997696	0.0428818938814557	21.2885154061625	17.4349220556426	0.0152310276960689	c9
CTC-523E23.11	0.00135652863442783	0.0301738566526895	11.7647058823529	8.83493697322294	0.0140550048611351	c9
FXYD1	3.92861407273317e-09	0.0558970009980256	11.0177404295051	6.46677108972925	1.28390613546723e-07	c9
FXYD7	5.34796403064344e-14	0.083516547588537	15.499533146592	8.75661967628851	2.90635967820161e-12	c9
FXYD5	9.07806644701474e-163	0.545368029141208	99.3464052287582	94.4059073618259	8.73932488187756e-160	c9
LSR	3.52884631773108e-05	0.0559362549313768	22.5023342670402	17.3006638323264	0.000574956227416011	c9
NPHS1	0.000682320133058808	0.000865200703217122	0.0933706816059757	0.00372939509211606	0.00779325239433338	c9
CTD-3234P18.6	0.000682320133058808	0.000978983958862477	0.0933706816059757	0.00372939509211606	0.00779325239433338	c9
SPINT2	3.4528102907883e-27	0.137894363187612	27.7310924369748	15.1599910494518	3.90399295093359e-25	c9
GGN	0.00411401326698282	0.00157151521698956	0.186741363211951	0.0261057656448124	0.035745083223601	c9
EIF3K	6.53009177366242e-09	0.124222885549556	93.1839402427638	89.0691429850078	2.06596161710593e-07	c9
GMFG	5.24583087784061e-08	0.135655879940236	92.250233426704	86.3727903334079	1.46683008794989e-06	c9
RPS16	2.19780670311562e-129	0.3033303848324	99.813258636788	99.8433654061311	1.45201762852505e-126	c9
FBL	1.69583003939816e-09	0.117746315390613	46.4985994397759	36.9620347579623	5.8127464239554e-08	c9
RPS19	2.08440301874913e-63	0.225869230102912	100	99.9850824196315	5.48686525888541e-61	c9
NKPD1	0.000306908517877475	0.0026395623009747	0.280112044817927	0.0372939509211606	0.00391555304860418	c9
TRAPPC6A	8.47453299223641e-07	0.0839853615698483	36.6946778711485	29.2496457074663	1.90742093948172e-05	c9
AC006126.3	0.000682320133058808	0.000788392083296169	0.0933706816059757	0.00372939509211606	0.00779325239433338	c9
SNRPD2	1.61443916498424e-05	0.110269162053344	94.7712418300653	89.4793764451406	0.000282581367402488	c9
PNMAL2	1.47318461201711e-05	0.00377510576924825	0.466853408029879	0.0708585067502051	0.000260290940310983	c9
GLTSCR2	6.55258200908547e-68	0.390761128718365	96.171802054155	86.2646378757366	1.88703160866774e-65	c9
SEPW1	0.00136419041941416	0.0859175721981444	72.4556489262372	66.0587752666518	0.0141083584996135	c9
EMP3	0.00169116207673568	0.100438417366786	83.6601307189542	76.9374207503543	0.016959150123703	c9
RPL18	2.8555076218639e-132	0.291704910469162	100	99.9291414932498	2.09159725676265e-129	c9
NUCB1-AS1	0.000614598930480307	0.00229613836671924	0.280112044817927	0.0410233460132766	0.00726861929224411	c9
KCNA7	0.000681662462251749	0.0010453974724858	0.0933706816059757	0.00372939509211606	0.00779325239433338	c9
CD37	6.65422515454987e-25	0.199394715081763	97.1055088702147	93.2162303274409	6.77363934614511e-23	c9
FLT3LG	1.18878227626991e-15	0.188882406174372	61.3445378151261	48.9110166331021	7.20410611810042e-14	c9
RPL13A	7.99773459191974e-132	0.353755506236126	100	99.518908033117	5.61407644458633e-129	c9
RPS11	9.10737862766931e-62	0.296151318628688	98.9729225023343	95.82307749683	2.36049242677454e-59	c9
NOSIP	3.04032815568414e-32	0.281232672539641	61.2511671335201	46.9717311852018	4.13067809990409e-30	c9
CPT1C	0.00305042432863833	0.00227496347413314	0.280112044817927	0.0522115312896248	0.0278162374368444	c9
MYBPC2	1.6712635213413e-05	0.00241137650744929	0.280112044817927	0.0261057656448124	0.000291769705119553	c9
RPS9	3.97985309253835e-172	0.412905481899861	100	99.3697322294324	4.62404034827542e-169	c9
AC008746.3	0.000682320133058808	0.000977505845526126	0.0933706816059757	0.00372939509211606	0.00779325239433338	c9
RPL28	8.67738271713304e-94	0.208707696777123	100	99.9925412098158	3.3997178287335e-91	c9
AC006116.17	0.00411725137979448	0.00102303595977228	0.186741363211951	0.0261057656448124	0.035745083223601	c9
RPS5	2.74958813393869e-144	0.380888625237574	100	99.3995673901693	2.31611556462325e-141	c9
AC016629.3	5.63122466085455e-07	0.00112732661411935	0.0933706816059757	0	1.30873555881177e-05	c9
CECR1	0.000259906697338244	0.0504446247827199	24.1830065359477	19.3816662937272	0.00335823160652458	c9
UFD1L	0.00184142857107661	0.052283469475662	33.8001867413632	29.1079286939658	0.0182097594870117	c9
CLDN5	0.000366048445680854	0.00484031755153771	0.466853408029879	0.0969642723950175	0.00458158853223279	c9
RGL4	2.92736709383048e-06	0.0632728753861743	27.2642390289449	20.7056015514284	6.01064636560171e-05	c9
SLC2A11	0.00171047476228012	0.0240244978606509	8.02987861811391	5.7134332811218	0.0171322047087593	c9
MORC2	0.00193553294941248	0.0178741390970434	4.48179271708683	2.86417543074513	0.0189580951155535	c9
PIK3IP1	7.85205077369783e-37	0.322376412101027	82.8197945845005	67.9010964421571	1.20806848752956e-34	c9
RFPL2	7.99506404889051e-08	0.00926655877458701	1.12044817927171	0.242410680987544	2.19548238030413e-06	c9
EIF3D	0.000230058556221773	0.0886619541758534	59.8506069094304	53.1065861117327	0.00301149688940809	c9
EIF3L	6.50736000429051e-40	0.315204544906493	82.6330532212885	67.3976281047214	1.14795281667311e-37	c9
RPL3	4.33991597970496e-183	0.473546267377832	100	99.7575893190125	5.84916516080715e-180	c9
CACNA1I	0.00263886409984022	0.0061303241893756	0.840336134453782	0.305810397553517	0.0245822192369413	c9
TNRC6B	7.78863385141548e-06	0.0856326481372613	42.0168067226891	34.8288207652719	0.000147681614512996	c9
ADSL	1.45773375051827e-08	0.0954652695110129	35.1073762838469	27.3215484448422	4.39721405460723e-07	c9
ST13	1.14193291568306e-11	0.163341075827396	70.5882352941177	59.4204520026852	5.08945603981814e-10	c9
RBM11	0.00553754326901694	0.0075240144051929	1.49393090569561	0.73842022823898	0.0458545055065758	c9
APP	1.01049362027987e-24	0.0919573704373784	15.9663865546218	7.37674349220556	1.01332059647946e-22	c9
AP000230.1	5.63122466085455e-07	0.000946339767315417	0.0933706816059757	0	1.30873555881177e-05	c9
TIAM1	9.78093945201775e-18	0.108409753813826	24.2763772175537	14.5595584396211	6.88014559282434e-16	c9
AP000265.1	0.000682320133058808	0.000917561346425118	0.0933706816059757	0.00372939509211606	0.00779325239433338	c9
AP000295.10	0.000682320133058808	0.000875859505548047	0.0933706816059757	0.00372939509211606	0.00779325239433338	c9
IFNGR2	9.85391278786591e-15	0.0449416779869157	7.93650793650794	3.41985529947043	5.636973471551e-13	c9
AP000320.6	4.00983932210488e-09	0.00256431582333498	0.280112044817927	0.0111881852763482	1.30918145464149e-07	c9
HMGN1	0.00607050663823726	0.0824586142588228	81.9794584500467	76.0983068546282	0.0497179510619266	c9
DSCAM-AS1	0.000681662462251749	0.00089154189865078	0.0933706816059757	0.00372939509211606	0.00779325239433338	c9
ITGB2-AS1	2.11087329798696e-18	0.139101027150525	33.7068160597572	22.1115835011561	1.53615042985686e-16	c9
COL18A1	1.35048011479346e-09	0.0516572348778808	13.5387488328665	8.1039755351682	4.70559224279741e-08	c9
MT-ATP6	5.29261702645379e-09	0.132310889321734	99.5331465919701	99.3175206981428	1.69967575466082e-07	c9
MT-CYB	3.08757847836484e-06	0.113387197700282	99.906629318394	99.5562019840382	6.31650693685641e-05	c9
