gene	p_val	avg_log2FC	pct.1	pct.2	p_val_adj	cluster
MEGF6	0.000186197989189275	0.0203569208939706	4.35497124075596	2.5911204439778	0.00203034143939917	c3
RPL22	1.31140372781871e-26	0.166632063203522	99.9178307313065	99.2237888105595	1.54498032185747e-24	c3
RNF207	0.000179428619566557	0.0201353651955063	3.69761709120789	2.11489425528724	0.001964154615879	c3
ESPN	2.14866608247932e-20	0.0268662901277941	2.79375513557929	0.577471126443678	1.79200878670936e-18	c3
TNFRSF25	5.34332870005516e-14	0.125434066761596	33.8537387017256	25.3037348132593	2.69518139550387e-12	c3
VPS13D	0.00475187730532173	0.0412680421592501	15.2834839769926	12.8393580320984	0.0328026539490904	c3
DHRS3	1.77988392937734e-84	0.242063866211893	29.9917830731307	11.654417279136	1.07494015467573e-81	c3
RP11-288I21.1	2.85553892689054e-06	0.00100649631388036	0.0821692686935086	0	4.8442342737394e-05	c3
RP11-108M9.4	0.0031901380164895	0.0200360860207736	6.82004930156122	4.93100344982751	0.0234793600540841	c3
PADI6	2.85553892689054e-06	0.00107824827339548	0.0821692686935086	0	4.8442342737394e-05	c3
MDS2	1.72223373946694e-11	0.0487234458327096	8.29909613804437	4.27478626068697	6.81090887530506e-10	c3
RPL11	1.44591489816567e-67	0.202945542609807	100	99.9775011249438	6.60045498784014e-65	c3
RCAN3	0.00199830429232104	0.0551475186541185	31.0599835661463	27.883605819709	0.0157462265728403	c3
LDLRAP1	1.06772724313951e-05	0.0750431305533196	33.114215283484	27.6848657567122	0.000158136271342166	c3
UBXN11	3.73305614673713e-08	0.0877431731881518	22.4322103533279	16.9041547922604	9.31880898516393e-07	c3
CD52	7.47967159451897e-17	0.192046894119128	99.5891536565325	97.4276286185691	4.95127808852107e-15	c3
AIM1L	0.00115314647688979	0.0185021908918147	3.20460147904684	1.90115494225289	0.00994983800059529	c3
GJB5	2.85553892689054e-06	0.000985515637920658	0.0821692686935086	0	4.8442342737394e-05	c3
AKIRIN1	0.00376938874674743	0.0536563111739697	37.3048479868529	34.7795110244488	0.0270225073261506	c3
RPS8	1.26649416289129e-27	0.140137082305508	100	99.9925003749812	1.55741804103865e-25	c3
PLK3	1.59035652704461e-21	0.165821874536229	32.949876746097	22.8063596820159	1.46009462730902e-19	c3
CDKN2C	3.76714069409147e-11	0.0603479486609113	10.6820049301561	6.10469476526174	1.44732085001959e-09	c3
ZFYVE9	4.41719962662272e-05	0.0187879537766056	3.12243221035333	1.59742012899355	0.000570460422458512	c3
DAB1	2.41925553572748e-10	0.00985404510652633	1.06820049301561	0.187490625468727	8.42691043361720e-09	c3
JUN	4.83197827765018e-88	0.708269381694265	90.797041906327	82.1433928303585	3.2561735217429e-85	c3
INADL	3.7857088173973e-13	0.074493677928653	13.4757600657354	7.86710664466777	1.75454845795577e-11	c3
DOCK7	0.00107891796172575	0.0157866235675211	2.54724732949877	1.40992950352482	0.00939355602128874	c3
PDE4B	2.53781146845928e-13	0.153820589547664	45.1109285127362	36.3544322783861	1.19760531678245e-11	c3
IL23R	1.16610449715711e-08	0.0167931171407899	1.80772391125719	0.532473376331183	3.1357322368086e-07	c3
CTH	0.00572656761665727	0.00535512930556394	0.821692686935086	0.337483125843708	0.0385131675200898	c3
RP11-386I14.4	7.91609263018652e-05	0.0262233944935639	4.68364831552999	2.78611069446528	0.000955660426662503	c3
ODF2L	1.64403618988733e-16	0.159451247043163	44.0427280197206	34.5470226488676	1.06119071613149e-14	c3
TGFBR3	0.00121966385630884	0.0363181175658335	12.5718981101068	9.84325783710815	0.0104276462761914	c3
EPHX4	0.000517645203709052	0.00548875658980324	0.57518488085456	0.153742312884356	0.00493535299767199	c3
BTBD8	0.00169448679641463	0.0130218329610657	2.21857025472473	1.20368981550922	0.0136916158557301	c3
RPL5	2.49858265479033e-55	0.241293240650707	99.835661462613	99.5387730613469	8.67909731654695e-53	c3
SLC44A3	2.09383155822374e-06	0.00795374833692481	0.821692686935086	0.183740812959352	3.72293195370928e-05	c3
CDC14A	8.94178569591125e-26	0.178075683880022	34.8397699260477	23.267586620669	1.01442601763648e-23	c3
RP4-575N6.4	2.7933923424332e-12	0.0366760059052498	5.50534100246508	2.33613319334033	1.18539750108242e-10	c3
S1PR1	9.27188940962304e-25	0.156550401218367	29.7452752670501	18.3478326083696	9.91768386564567e-23	c3
KCNA3	5.7042133841232e-05	0.0655964192201238	26.4585045193098	22.056397180141	0.000716621050576611	c3
MAGI3	5.54155194822261e-08	0.0163060657924545	1.97206244864421	0.644967751612419	1.33751469443705e-06	c3
AL157902.3	0.00301641869552352	0.00209069542874364	0.246507806080526	0.0449977501124944	0.0224063517475682	c3
LINC00623	5.53479617168222e-05	0.053461895048333	20.0493015612161	15.989200539973	0.000696896196594397	c3
AC241585.2	0.00010621171589088	0.0687043761839192	28.759244042728	24.5837708114594	0.00123762222104848	c3
CH17-373J23.1	2.94821426683414e-23	0.0662814806293579	9.12078882497946	3.56982150892455	2.97416561397334e-21	c3
LIX1L	0.00645768391137158	0.0470671496191168	31.0599835661463	28.5585720713964	0.0426470407114375	c3
CH17-270A2.1	0.00329740192401129	0.00715092278935204	0.986031224322103	0.416229188540573	0.024110820405303	c3
TXNIP	9.64220685346156e-68	0.538422726064415	97.4527526705012	93.6815659217039	4.51228496834075e-65	c3
AC245100.1	1.10391005523639e-05	0.0801182699705995	31.5529991783073	27.2498875056247	0.000162993625771845	c3
MCL1	1.17253611377949e-18	0.220716914042351	71.9802793755136	62.8431078446078	8.85816856898789e-17	c3
RORC	4.34573259039585e-15	0.0254385844173814	2.79375513557929	0.727463626818659	2.46092628404702e-13	c3
C2CD4D	0.000758265764723968	0.0154870595406818	2.54724732949877	1.3836808159592	0.00692948377450756	c3
THEM4	1.83117998886424e-25	0.188708285975714	40.7559572719803	28.764811759412	2.04303902466197e-23	c3
S100A10	7.36730237761401e-46	0.342181801489502	93.7551355792934	83.219589020549	1.8524916888905e-43	c3
S100A11	4.25512877206805e-77	0.503734849160563	94.823336072309	78.854807259637	2.35036571878788e-74	c3
S100A9	3.72113659709552e-08	0.00877622031691563	0.986031224322103	0.202489875506225	9.30118520048489e-07	c3
S100A4	1.14099922232334e-29	0.418962410809706	98.4387838948233	87.4231288435578	1.54396898782982e-27	c3
RPS27	4.56312241756141e-45	0.178942301627345	100	100	1.08274539955855e-42	c3
PBXIP1	4.78584615664077e-09	0.120004907355476	53.6565324568611	46.876406179691	1.36424958038794e-07	c3
SSR2	0.00268976629916111	0.0546661323961894	84.0591618734593	83.009599520024	0.0203523435176138	c3
LMNA	2.16191266217501e-10	0.0918946955277193	16.3516844700082	10.803209839508	7.61164945029517e-09	c3
RP11-66D17.3	2.85553892689054e-06	0.000731376799517519	0.0821692686935086	0	4.8442342737394e-05	c3
RP11-66D17.5	0.00158416728605665	0.000775279542619822	0.0821692686935086	0.00374981250937453	0.0129335916007737	c3
RP11-190A12.7	2.85553892689054e-06	0.00109466538112303	0.0821692686935086	0	4.8442342737394e-05	c3
TAGLN2	4.58310567607773e-11	0.155080820466171	79.5398520953163	74.1112944352782	1.74686835576655e-09	c3
RCSD1	1.75912291348993e-05	0.0882203368453095	57.025472473295	53.1948402579871	0.000249881481648945	c3
RP11-46A10.2	2.85553892689054e-06	0.000813636542385774	0.0821692686935086	0	4.8442342737394e-05	c3
RP11-46A10.5	0.00732812409479025	0.00214682986883697	0.246507806080526	0.0524973751312434	0.047474295952675	c3
GLUL	2.90589025564921e-05	0.0784598997918077	26.3763352506163	21.7939103044848	0.000392901550055555	c3
IVNS1ABP	0.00497546902917874	0.0531056235830585	24.5686113393591	22.0676466176691	0.0340669484798107	c3
RGS18	4.88562333784882e-10	0.0176622941721902	1.64338537387017	0.408729563521824	1.64451741004474e-08	c3
CFH	4.64019942861801e-30	0.0486654954300651	5.58751027115859	1.4136793160342	6.40765899786292e-28	c3
BTG2	4.49529054024928e-31	0.348313465799495	68.2826622843057	56.0484475776211	6.47283416509227e-29	c3
PLEKHA6	0.000512595902832478	0.00170791394674187	0.164338537387017	0.0149992500374981	0.00489772949486179	c3
CD55	6.52257574071054e-05	0.0617098396167364	20.7066557107642	16.5854207289636	0.00080721857239912	c3
ATF3	5.34481619513938e-12	0.121330848336557	15.4478225143796	9.75326233688316	2.21238620244504e-10	c3
TP53BP2	0.00678010030261556	0.0312357716583645	11.7502054231717	9.53952302384881	0.0444885490937349	c3
TMEM63A	0.000565561694390482	0.0459348884643028	16.8447000821693	13.5893205339733	0.00533347003255771	c3
OBSCN	0.00221911146659245	0.0173904657232823	3.61544782251438	2.27613619319034	0.0172124175311616	c3
RP5-1139B12.2	0.000957537308480153	0.0020838860076322	0.246507806080526	0.0374981250937453	0.00847654385646563	c3
TOMM20	0.000991541238405214	0.0600844508226104	64.4207066557108	63.3980800959952	0.00872753147513722	c3
GREM2	1.40614994218648e-05	0.00988598393960055	1.31470829909614	0.43872806359682	0.000203517251512161	c3
RP11-156E8.1	0.000106226730672292	0.013973457200375	2.71158586688578	1.36493175341233	0.00123762222104848	c3
EFCAB2	3.51534244084754e-08	0.0541767541855456	11.5858668857847	7.43212839358032	8.82607661713242e-07	c3
NLRP3	3.64391590671595e-24	0.0789356765068968	9.28512736236647	3.64481775911204	3.8011796458479e-22	c3
RPS7	9.81571589097514e-22	0.104812207132083	100	99.9475026248688	9.13620804504189e-20	c3
ID2	0.000859898558324662	0.0885234046799478	48.5620377978636	44.1615419229039	0.00773036873644374	c3
RP11-791G15.2	0.00158416728605665	0.000953228600997215	0.0821692686935086	0.00374981250937453	0.0129335916007737	c3
RBKS	9.34871287769386e-06	0.0740523430152652	20.2958093672966	15.8017099145043	0.000140247342698583	c3
FOSL2	1.09510366461636e-09	0.0647893197269492	14.543960558751	9.42702864856757	3.46789688680299e-08	c3
PLB1	1.32528303667982e-05	0.0156320295979747	2.05423171733772	0.851207439628019	0.000192391583963334	c3
PPP1CB	0.000173489997776895	0.0678440731051925	28.430566967954	24.9887505624719	0.00191043574368089	c3
PRKD3	0.000945620120457344	0.0330788318102665	9.20295809367297	6.82465876706165	0.00839349956235241	c3
QPCT	0.00223504469995894	0.0177999686376805	4.43714050944947	2.92485375731213	0.0173280248781446	c3
CDC42EP3	0.00242599866924147	0.0586397929399679	34.5110928512736	31.3184340782961	0.0185865630264621	c3
ZFP36L2	8.34157877370884e-215	0.76517773504325	99.835661462613	97.2476376181191	9.36870517337818e-211	c3
AC010883.5	0.000744966807895484	0.00790495270541215	0.986031224322103	0.367481625918704	0.00682089989816044	c3
LINC01118	1.27890581921692e-07	0.00168389253609034	0.164338537387017	0.00374981250937453	2.86702945260777e-06	c3
ACYP2	0.00533624364420619	0.0422942764234784	19.6384552177486	16.9266536673166	0.0362279656151286	c3
RPS27A	5.58838044461348e-115	0.268822441249546	100	99.9812509374531	7.53179562803227e-112	c3
LINC00309	2.30874378603793e-11	0.0240249797390013	2.95809367296631	0.963701814909254	9.00356633411597e-10	c3
AAK1	0.00224820673597181	0.0619780843507366	48.9728841413311	46.6889155542223	0.0174100385570752	c3
TGFA	2.57592890666074e-12	0.0178107957475296	2.13640098603122	0.539973001349933	1.09542763439939e-10	c3
ATP6V1B1-AS1	1.27890581921692e-07	0.0015204286833872	0.164338537387017	0.00374981250937453	2.86702945260777e-06	c3
TLX2	0.00483467330292675	0.00223401348674892	0.246507806080526	0.0487475626218689	0.0332651587234662	c3
TRABD2A	1.70430159079112e-08	0.0663386959537643	16.8447000821693	11.6994150292485	4.49332846636276e-07	c3
CAPG	6.42802156709079e-09	0.0894582670453257	27.4445357436319	20.7927103644818	1.79590181327991e-07	c3
IGKV2-30	0.00427250161677837	0.00204191383775204	0.164338537387017	0.0224988750562472	0.0299849342794689	c3
MAL	5.89529457978829e-16	0.128986503844023	31.5529991783073	21.8501574921254	3.62474553962384e-14	c3
MGAT4A	7.35242682971767e-27	0.192240831383736	41.8241577649959	28.854807259637	8.81610923845221e-25	c3
RPL31	2.01169386729214e-19	0.144186838611466	98.6852917009039	97.4051297435128	1.6024116587362e-17	c3
IL18R1	0.00335715466223403	0.0329554768816023	9.94248151191454	7.7733613319334	0.0244627961049553	c3
IL18RAP	2.14779352700519e-20	0.0688127480047714	9.77814297452753	4.24853757312134	1.79200878670936e-18	c3
FBLN7	1.32021048632141e-07	0.0860261826344204	26.2119967132293	20.4402279886006	2.94981247520647e-06	c3
MGAT5	6.01916124239525e-15	0.0862482201352869	15.1191454396056	8.84580770961452	3.33568452140239e-13	c3
CXCR4	2.73289898484489e-73	0.486225167650895	98.7674609695974	91.9791510424479	1.41665074454406e-70	c3
ARHGAP15	1.76486107004602e-55	0.341110450781499	74.4453574363188	59.7870106494675	6.25949777832952e-53	c3
ACVR2A	5.07765215602007e-16	0.0459878053600529	6.32703368940016	2.52362381880906	3.16241056829834e-14	c3
KIF5C	4.21020729567643e-05	0.0218185691389284	3.36894001643385	1.77366131693415	0.000546573188401068	c3
NR4A2	5.64635579014667e-06	0.11587148090461	43.2210353327855	37.6706164691765	8.91510365478922e-05	c3
CYTIP	8.80623567196754e-06	0.106209809322416	90.2218570254725	86.5869206539673	0.000132997447212584	c3
ACVR1C	6.20270635485058e-07	0.016950680156445	2.54724732949877	1.02744862756862	1.23227587217179e-05	c3
RBMS1	5.01009260777863e-05	0.0816952626740872	46.4256368118324	42.6841157942103	0.000637259570881439	c3
SLC4A10	7.96882884419242e-15	0.0174939856013938	1.80772391125719	0.348732563371831	4.38012592293996e-13	c3
DPP4	1.14410029261841e-111	0.229148407352537	26.5406737880033	8.13709314534273	1.48266597151864e-108	c3
ITGA6	3.85211670057143e-15	0.0885054723608492	17.1733771569433	10.2294885255737	2.19616277680294e-13	c3
SLC40A1	3.1344245281914e-31	0.0928620411757748	12.7362366474938	5.09974501274936	4.59179565447308e-29	c3
MYO1B	0.000106602378084066	0.0112206165422151	1.64338537387017	0.682465876706165	0.00124071175377013	c3
AC020571.3	3.56342037560539e-11	0.0462175586322218	6.98438783894823	3.43857807109645	1.37375155761611e-09	c3
AC013264.2	0.000441611586793813	0.0403554757016363	9.28512736236647	6.83965801709915	0.00431294516099441	c3
EEF1B2	8.55285301607456e-65	0.310307593260271	98.8496302382909	97.3188840557972	3.84239772698155e-62	c3
ADAM23	1.81725162152505e-43	0.0413986133673774	3.7797863599014	0.513724313784311	4.08203174237768e-41	c3
AC098820.2	0.00404080307131526	0.00306347721219861	0.410846343467543	0.112494375281236	0.0286091234891567	c3
RPL37A	3.50464044577822e-09	0.0964138356476978	99.671322925226	99.4337783110844	1.02504648593795e-07	c3
CATIP	9.59251985103812e-05	0.00151853163733175	0.164338537387017	0.0112494375281236	0.00113129283815498	c3
EPHA4	9.2019588274612e-06	0.0531388591864645	14.215283483977	10.3607319634018	0.000138353770964961	c3
DOCK10	0.00190399692913568	0.0592840453581737	33.3607230895645	30.5084745762712	0.0151197908390991	c3
COL4A3	0.00158416728605665	0.000983216543330506	0.0821692686935086	0.00374981250937453	0.0129335916007737	c3
ARL4C	1.13219712267515e-07	0.118985440749279	54.3960558751027	48.1250937453127	2.55856806515201e-06	c3
IL5RA	1.71815726991437e-06	0.0190373050109696	2.8759244042728	1.26743662816859	3.12252378923919e-05	c3
BHLHE40	2.86860566409108e-13	0.121996269622826	27.9375513557929	19.8702564871756	1.34992736376934e-11	c3
RPL32	9.95560406393012e-87	0.237145182021641	100	99.9775011249438	6.45084852557811e-84	c3
WNT7A	2.42055598485532e-12	0.0235623366495904	2.95809367296631	0.914954252287386	1.03369091703061e-10	c3
COLQ	8.95097738639351e-11	0.0160952340360684	1.64338537387017	0.386230688465577	3.28892292319676e-09	c3
ANKRD28	4.11855619823876e-25	0.13727442625617	20.3779786359901	11.1706914654267	4.53498799161624e-23	c3
SATB1	1.02717456755516e-10	0.101972806289948	23.9934264585045	17.4216289185541	3.75375486759258e-09	c3
CMTM8	4.89335892276655e-16	0.108118123576587	22.1035332785538	14.076796160192	3.05893943494798e-14	c3
AC123023.1	2.04699769310454e-07	0.00354613545672277	0.328677074774035	0.0262486875656217	4.41842026082411e-06	c3
PLCD1	0.00328493907774915	0.0289424339719937	8.05258833196385	6.07094645267737	0.0240353392585624	c3
CSRNP1	6.38109297419357e-05	0.0644809577271001	20.9531635168447	17.1366431678416	0.000791330683373125	c3
RPSA	2.158830175425e-29	0.160814146460521	99.7534921939195	99.6587670616469	2.90958495723079e-27	c3
RPL14	4.56391852140339e-87	0.231663569095849	100	99.94000299985	3.01522883647384e-84	c3
ULK4	0.000802944118110967	0.037739225307703	10.5998356614626	8.06584670766462	0.00729229086674688	c3
VIPR1	8.4805114944246e-11	0.034860272316117	5.42317173377157	2.43362831858407	3.12970815217024e-09	c3
SNRK	7.83711810148152e-06	0.0730044858580186	24.5686113393591	20.0389980500975	0.000120083609509467	c3
CCR2	2.24890045400769e-10	0.055741750913222	8.46343467543139	4.5935203239838	7.88495857412437e-09	c3
RPL29	1.35076752438073e-38	0.155727571815998	100	99.9287535623219	2.57134242748499e-36	c3
SFMBT1	2.03662674893526e-07	0.0578636140711916	12.5718981101068	8.58707064646768	4.39969375603768e-06	c3
RP11-894J14.5	0.000173557423025085	0.00547817910851783	0.57518488085456	0.138743062846858	0.00191043574368089	c3
FAM19A1	0.00160481044643039	0.0070005589636892	1.06820049301561	0.43872806359682	0.0130672989806732	c3
FRMD4B	0.00202403010656786	0.0333555650776953	10.8463434675431	8.45207739613019	0.0159303131069137	c3
LINC01212	0.00158281849577354	0.000934013697736521	0.0821692686935086	0.00374981250937453	0.0129335916007737	c3
FOXP1	3.12999333790396e-07	0.105317479894879	47.7403451109285	41.7616619169042	6.52611358461238e-06	c3
MTRNR2L12	0.00110232948292949	0.101094770301589	59.1618734593262	55.1147442627869	0.00955541281137797	c3
ABI3BP	0.00158281849577354	0.000917677244565616	0.0821692686935086	0.00374981250937453	0.0129335916007737	c3
RPL24	1.4052071032548e-17	0.106669201643038	99.835661462613	99.6812659367032	9.8434611511574e-16	c3
NFKBIZ	8.34540893150312e-17	0.177305541966329	42.974527526705	33.6133193340333	5.51353350074639e-15	c3
LINC01215	2.35346462045999e-05	0.0296787073431776	6.82004930156122	4.30478476076196	0.000324193119058786	c3
TRAT1	3.45266281940487e-06	0.0992238184789073	47.0008216926869	41.3941802909854	5.74488992775446e-05	c3
PVRL3-AS1	0.00514432477261341	0.00306892233519978	0.410846343467543	0.11624418779061	0.0351089485291546	c3
PVRL3	0.00426626660182716	0.0138369368214913	2.54724732949877	1.51867406629669	0.0299786416854983	c3
GCSAM	1.80857561597062e-08	0.0496085838196775	8.87428101889893	5.25723713814309	4.74966070183275e-07	c3
PLXND1	0.00655555572221571	0.0159397534509339	3.36894001643385	2.19739013049348	0.0432256153628838	c3
RAB6B	0.000427040829223002	0.00665233384391049	0.657354149548069	0.187490625468727	0.00419326358961314	c3
PLS1	0.0051584501720483	0.00521065141109742	0.821692686935086	0.333733313334333	0.0351768508595417	c3
SERP1	1.44693777582543e-12	0.145032266484014	81.0188989317995	76.3274336283186	6.32925734727279e-11	c3
GPR171	4.59651287672506e-24	0.203381882118769	40.1807723911257	28.9110544472776	4.78008965643131e-22	c3
P2RY14	5.4393017976633e-06	0.019262303021121	2.54724732949877	1.11744412779361	8.62861745623669e-05	c3
RAP2B	0.000366674888655807	0.0558007288204685	22.1857025472473	18.7153142342883	0.00365633136974512	c3
TIPARP	8.64704127654311e-11	0.0913130098763529	20.0493015612161	13.9605519724014	3.18767405658472e-09	c3
LEKR1	0.0061747441613514	0.0112393200857673	2.21857025472473	1.30118494075296	0.0410925992045377	c3
RP11-6F2.5	1.25470342299249e-05	0.00904093870989228	1.06820049301561	0.314984250787461	0.000183012888027311	c3
SPTSSB	0.00205509479276874	0.00450143990936021	0.493015612161052	0.138743062846858	0.0161145831853735	c3
GPR160	1.9507770968135e-06	0.0110028718042385	1.47904683648316	0.476226188690565	3.50059020696158e-05	c3
RP11-778D9.12	0.000200570387318845	0.00183503743427365	0.246507806080526	0.0299985000749962	0.00216742098470852	c3
CRYGS	0.00687212160115875	0.00635503648826545	0.739523418241578	0.296235188240588	0.0449868409380836	c3
TPRG1	1.03889707524129e-06	0.050345801545296	12.9827444535744	8.92455377231138	1.97542878403951e-05	c3
PPP1R2	0.00343956225473493	0.0642564421922711	75.760065735415	74.8537573121344	0.0249714739519584	c3
RPL35A	6.66897174161631e-53	0.182869058806137	100	99.9475026248688	2.08059568390759e-50	c3
LYAR	7.92354253277063e-38	0.253960529095285	50.6984387838948	33.8195590220489	1.49148515139203e-35	c3
NSG1	3.2396241527053e-59	0.145233016580731	18.4880854560394	6.47217639118044	1.29947495477681e-56	c3
RP11-539L10.2	0.00342790160540904	0.0268699298831305	7.55957271980279	5.64721763911804	0.0248975461721604	c3
LINC01096	2.85553892689054e-06	0.00100845347954002	0.0821692686935086	0	4.8442342737394e-05	c3
RELL1	8.09529199352781e-06	0.0410809352038725	9.77814297452753	6.59217039148043	0.000123422067162862	c3
KLF3	5.2234484810111e-29	0.168648082161644	30.4026294165982	18.0778461076946	6.90191659290933e-27	c3
WDR19	0.00290218169575936	0.00709202518672714	1.39687756778965	0.667466626668667	0.0216724534700612	c3
RPL9	6.31862457099283e-46	0.232469793389781	99.7534921939195	99.6062696865157	1.60074989695513e-43	c3
SMIM14	0.000111109647948915	0.0439432376510831	12.1610517666393	9.06704664766762	0.00128562104326605	c3
TXK	1.12353543703683e-05	0.0623532318449686	22.5965488907149	17.6841157942103	0.000165528653325399	c3
OCIAD2	5.04326381044044e-07	0.107846890461252	71.405094494659	67.9203539823009	1.01357835595124e-05	c3
RP11-365H22.2	0.00427083081171272	0.00155029627356513	0.164338537387017	0.0224988750562472	0.0299849342794689	c3
HOPX	8.79617932175178e-108	0.403935158637908	46.8364831552999	20.1589920503975	9.26182706459701e-105	c3
SPINK2	1.92741976854592e-19	0.0489222129460157	5.83401807723911	2.00614969251537	1.54257676202818e-17	c3
AREG	1.01717208784829e-25	0.191283851768773	27.6910435497124	16.5704214789261	1.15008712509934e-23	c3
ANTXR2	2.7629498640719e-21	0.0973479533294705	15.2013147082991	7.84085795710214	2.48916665026841e-19	c3
PRKG2	0.000987603760658391	0.00476751502349292	0.657354149548069	0.202489875506225	0.00869969179388859	c3
PLAC8	1.51409635134139e-36	0.174219896131368	30.2382908792112	16.3979301034948	2.68505065589982e-34	c3
GPAT3	1.78756370532414e-07	0.019988432309841	2.8759244042728	1.1774411279436	3.91359138968106e-06	c3
HSD17B11	0.000432054655672462	0.068749262893177	37.8800328677075	34.3670316484176	0.00423394187263283	c3
SNCA	6.9925099231185e-12	0.0151496798879548	1.64338537387017	0.35623218839058	2.86276584871877e-10	c3
MMRN1	4.42688310849194e-06	0.0136074953287788	1.8898931799507	0.716214189290535	7.19534006066221e-05	c3
PPP3CA	1.2780312467143e-05	0.0534567193442566	15.3656532456861	11.4856757162142	0.000186093279286049	c3
FLJ20021	0.000262289730161149	0.0202547352344893	3.61544782251438	2.08114594270286	0.00273694337815105	c3
SLC39A8	1.51504709567039e-06	0.0530220373885503	12.9827444535744	9.12704364781761	2.78190718482388e-05	c3
AF213884.2	5.76647477052905e-13	0.0414868467020938	6.6557107641742	2.98110094495275	2.63273171975888e-11	c3
NFKB1	0.00157057668818156	0.0643423565989046	30.7313064913722	27.6961151942403	0.0129335916007737	c3
CXXC4	0.00511363705137047	0.00341034083372884	0.410846343467543	0.11624418779061	0.0349207310111221	c3
RPL34	1.90165326535359e-95	0.264520924118161	100	99.9812509374531	1.42387344717386e-92	c3
CCDC109B	1.13738461249808e-06	0.0994071319118098	59.3262119967132	53.3710814459277	2.14307090079762e-05	c3
CASP6	0.00242661277240479	0.0453128403207705	17.3377156943303	14.6917654117294	0.0185865630264621	c3
SNHG8	5.4579683405745e-15	0.173885988595403	70.6655710764174	63.4205789710514	3.04471498786949e-13	c3
IL2	1.89768793695976e-12	0.0536040930731708	7.80608052588332	3.80980950952452	8.18702910984919e-11	c3
RP11-371F15.3	2.85553892689054e-06	0.0010881302836316	0.0821692686935086	0	4.8442342737394e-05	c3
SETD7	0.00243067675589622	0.0208134225194283	4.7658175842235	3.20608969551522	0.0186007773366266	c3
MAML3	8.4234963976561e-10	0.0193685615934216	2.38290879211175	0.757462126893655	2.71032329766959e-08	c3
IL15	9.96285899924859e-06	0.0276123401816598	5.7518488085456	3.3860806959652	0.000148469071703088	c3
INPP4B	2.10953328099395e-08	0.11012692666059	46.9186524239934	40.2992350382481	5.48023241093369e-07	c3
RP11-223C24.1	4.10971372472357e-05	0.0299047696151632	5.7518488085456	3.55857207139643	0.000535056778364899	c3
NR3C2	1.47463850706787e-05	0.024092613038555	4.43714050944947	2.45237738113094	0.00021233534126985	c3
RPS3A	2.38419774664126e-78	0.250688804609488	100	99.94000299985	1.33888598125551e-75	c3
FAM160A1	0.000315041117558739	0.00411524771455304	0.410846343467543	0.0824958752062397	0.00321277100938988	c3
RP11-18H21.1	8.02467207629015e-31	0.183831987921435	33.1963845521775	20.1889905504725	1.14569195312932e-28	c3
AC005150.1	2.85553892689054e-06	0.00102037852146161	0.0821692686935086	0	4.8442342737394e-05	c3
HMGB2	0.000954974875053951	0.0643397216628567	55.9572719802794	52.9098545072746	0.00846247213037204	c3
WWC2	8.19918921647705e-07	0.0126619327148983	1.56121610517666	0.498725063746813	1.58680919850648e-05	c3
RP11-714G18.1	0.00158281849577354	0.000964944999779487	0.0821692686935086	0.00374981250937453	0.0129335916007737	c3
ANKRD37	0.00551965080912861	0.0480681855968148	18.5702547247329	16.0379481025949	0.0373452036873051	c3
PDLIM3	0.00158281849577354	0.00111009850495557	0.0821692686935086	0.00374981250937453	0.0129335916007737	c3
RAI14	2.22581644785768e-08	0.00776033508064176	0.821692686935086	0.142492875356232	5.75569143469814e-07	c3
SPEF2	1.36439909093859e-06	0.0338259617437463	6.08052588331964	3.48732563371831	2.53569018036872e-05	c3
IL7R	4.24048875847898e-302	1.29260477142734	99.2604765817584	78.9710514474276	1.42879028228191e-297	c3
NADK2	0.0028670359723624	0.0141559570267237	2.21857025472473	1.24493775311234	0.0214670911228397	c3
CTD-2653M23.3	0.00158281849577354	0.000939108835581596	0.0821692686935086	0.00374981250937453	0.0129335916007737	c3
PTGER4	1.69608846283106e-92	0.451157799444837	59.8192276088743	35.5332233388331	1.24234792753543e-89	c3
RPL37	6.81370803951353e-36	0.158101585054697	100	99.9662516874156	1.20199517635272e-33	c3
EMB	7.27894201913143e-07	0.105854337079873	63.9276910435497	58.4333283335833	1.42342816246439e-05	c3
PARP8	2.30022714126518e-33	0.264361808609716	60.3944124897288	46.2089395530223	3.70831833960713e-31	c3
ESM1	3.41712405465963e-06	0.0142827342317704	1.8898931799507	0.708714564271786	5.69137804734067e-05	c3
PLK2	3.07440471562242e-05	0.0201193842893258	2.95809367296631	1.46992650367482	0.000413694059457595	c3
MAST4-AS1	2.73604687442532e-05	0.00474646947658069	0.493015612161052	0.0899955002249887	0.000371427733226779	c3
PIK3R1	1.16928411051454e-10	0.146577816360325	55.8751027115859	49.6850157492125	4.25922798050563e-09	c3
F2RL1	2.18760968790602e-05	0.0155373709132358	2.38290879211175	1.07244637768112	0.000304206854413147	c3
SERINC5	4.69895198098223e-24	0.175768974443278	33.114215283484	21.9476526173691	4.87158424760663e-22	c3
CTC-458I2.2	0.0005136923187462	0.00159318352187801	0.164338537387017	0.0149992500374981	0.00490182639134366	c3
RASGRF2	0.000300923801180585	0.0209279237301279	4.35497124075596	2.65111744412779	0.00308970715207927	c3
SSBP2	3.31469457086198e-12	0.0778145952241289	15.3656532456861	9.57327133643318	1.3960664858828e-10	c3
RPS23	1.78656878559509e-84	0.224558057529222	100	99.9775011249438	1.07494015467573e-81	c3
CCNH	6.56977178950008e-17	0.184423315780658	57.189811010682	47.5888705564722	4.37474092243905e-15	c3
GPR150	4.99770603672782e-08	0.0211488762426115	3.04026294165982	1.22993850307485	1.21407863879962e-06	c3
ELL2	0.00275492781763732	0.0283769851466921	9.03861955628595	6.88465576721164	0.0207800622089706	c3
CAST	1.22584169445103e-17	0.173869977779971	56.2037797863599	46.4526773661317	8.64090168469313e-16	c3
CAMK4	1.38995388382783e-10	0.127780337425069	53.2456861133936	45.3727313634318	5.01962552644102e-09	c3
EPB41L4A-AS1	0.00236130212546364	0.0550876817791654	29.7452752670501	27.2161391930404	0.0181767482185453	c3
MCC	9.96617438963545e-05	0.0154552002890159	2.54724732949877	1.25618719064047	0.00117044363849556	c3
TNFAIP8	0.000302858415612662	0.0743194643638418	58.0115036976171	54.7322633868307	0.00310734209977254	c3
ACSL6	2.33958070646316e-06	0.0404341484455526	8.87428101889893	5.69221538923054	4.12937833020272e-05	c3
GDF9	0.00171608032411515	0.00162489087987041	0.164338537387017	0.0187490625468727	0.0138196965680535	c3
EGR1	4.75015932281286e-22	0.180590653058582	16.5981922760887	8.79706014699265	4.50850333022131e-20	c3
AC034243.1	0.00158281849577354	0.000976206293042245	0.0821692686935086	0.00374981250937453	0.0129335916007737	c3
TMEM173	1.25698931987986e-15	0.15559374417905	47.2473294987675	37.2656367181641	7.47285330975275e-14	c3
HBEGF	2.96289683964911e-07	0.0149458215517792	1.47904683648316	0.43872806359682	6.19304256297377e-06	c3
SLC4A9	2.85553892689054e-06	0.000723882656202282	0.0821692686935086	0	4.8442342737394e-05	c3
PCDHB15	0.00158281849577354	0.000965753745178345	0.0821692686935086	0.00374981250937453	0.0129335916007737	c3
RPS14	1.73213135027561e-85	0.235329343102379	100	99.9850007499625	1.10117799464503e-82	c3
SMIM3	5.8175637659245e-09	0.0511397307067282	8.87428101889893	5.15599220038998	1.63211485036686e-07	c3
IRGM	0.00409910774982924	0.00926878724803602	1.56121610517666	0.798710064496775	0.0289428618027549	c3
ADAM19	0.000317864771952869	0.0510766313005025	13.1470829909614	10.3382330883456	0.00323960545256502	c3
CTB-11I22.1	0.00158281849577354	0.000718867947556127	0.0821692686935086	0.00374981250937453	0.0129335916007737	c3
DUSP1	1.56187423137836e-190	0.883307917525256	99.1783073130649	89.5980200989951	1.05251580704125e-186	c3
RGS14	0.000414241753258995	0.0626378185159804	31.8816762530813	28.4648267586621	0.00408112913283877	c3
SLC34A1	0.000513418010014783	0.00169323741980914	0.164338537387017	0.0149992500374981	0.00490059672222043	c3
LTC4S	7.91330557551719e-26	0.0775846782048372	9.77814297452753	3.79481025948703	9.00780128586068e-24	c3
RNF130	0.000256400241472529	0.0277701279801103	7.88824979457683	5.44847757612119	0.00268015332006155	c3
CTC-338M12.1	0.00158416728605665	0.00112280200619739	0.0821692686935086	0.00374981250937453	0.0129335916007737	c3
GNB2L1	1.20887745960919e-14	0.0990592250684998	99.835661462613	99.6812659367032	6.5485397305582e-13	c3
TUBB2A	0.000674176048616829	0.0303690842441781	6.90221857025472	4.8147592620369	0.0062560418017338	c3
FAM65B	1.4823121038296e-24	0.200607090601422	48.7263763352506	35.1844907754612	1.57059823982499e-22	c3
RP3-425P12.5	2.85553892689054e-06	0.000976819743553448	0.0821692686935086	0	4.8442342737394e-05	c3
SLC17A3	7.76443309660714e-05	0.00394181117102747	0.410846343467543	0.0712464376781161	0.000940383927955	c3
HIST1H1C	0.00244471241931329	0.0631888116454261	20.4601479046836	17.8453577321134	0.0186912049594604	c3
HIST1H4C	3.47317740638154e-16	0.1911213496489	73.2128184059162	65.28798560072	2.19148388634119e-14	c3
HIST1H1E	0.000138215020865618	0.0749121334777931	26.2941659819228	22.5176241187941	0.00156013966936219	c3
HIST1H1D	2.32948326440903e-18	0.182108980436977	39.5234182415777	29.4060296985151	1.71749691708967e-16	c3
RP1-313I6.12	2.15365233754503e-10	0.049133404127673	8.38126540673788	4.49227538623069	7.59565864036993e-09	c3
HCG20	0.00732252967039257	0.00220094357066704	0.246507806080526	0.0524973751312434	0.0474471759065783	c3
PSORS1C1	2.85553892689054e-06	0.000999987671554278	0.0821692686935086	0	4.8442342737394e-05	c3
TNF	4.71700795552398e-06	0.0859520934053259	17.9950698438784	13.6380680965952	7.61182308684985e-05	c3
LTB	3.17970626091412e-52	0.547193770156441	95.31635168447	75.9862006899655	9.48115245621595e-50	c3
GPSM3	0.00741551335765918	0.0496046989663108	79.2111750205423	78.0598470076496	0.047966655226141	c3
RPS18	1.78395731948016e-45	0.209556726325652	100	99.9475026248688	4.3556998494612e-43	c3
PHF1	5.57336261241345e-05	0.0765687907271013	39.6055875102712	35.5819709014549	0.000700704775606935	c3
RP3-468B3.2	0.00158281849577354	0.000864227641448484	0.0821692686935086	0.00374981250937453	0.0129335916007737	c3
RPL10A	1.77691222614855e-25	0.16509102720325	99.9178307313065	99.3400329983501	1.98907908796841e-23	c3
SLC26A8	2.85553892689054e-06	0.000800755275358761	0.0821692686935086	0	4.8442342737394e-05	c3
CDKN1A	1.91960460280515e-44	0.223882152040024	22.2678718159408	10.2069896505175	4.46063155082184e-42	c3
PIM1	9.33157373632355e-14	0.154034823246239	47.5760065735415	38.1730913454327	4.61700507300566e-12	c3
CCND3	4.07782191607171e-06	0.098767481619184	68.7756778964667	64.6992650367482	6.66981221553981e-05	c3
CLIC5	0.000136795577377764	0.0408997633824963	11.0106820049302	8.07334633268337	0.00154618926003569	c3
EEF1A1	4.01816573700712e-105	0.242309931875433	100	99.9962501874906	3.65913719845184e-102	c3
ELOVL4	0.000201483290411336	0.00963742165781937	1.39687756778965	0.558722063896805	0.00217519320317833	c3
TPBG	8.7730992477671e-19	0.0170986408923647	1.80772391125719	0.28123593820309	6.68780104195169e-17	c3
RP11-63L7.5	7.75840520101126e-07	0.00637658009510131	0.657354149548069	0.11624418779061	1.50930545521289e-05	c3
PNRC1	1.25081335480639e-10	0.127807577439653	95.152013147083	93.261586920654	4.53171023406952e-09	c3
RRAGD	0.000872145751508248	0.00621170522464724	0.903861955628595	0.326233688315584	0.00782582237641211	c3
BACH2	3.62996337083687e-08	0.0546088388126846	12.8184059161873	8.36583170841458	9.09594312470643e-07	c3
GPR63	0.00496229927200296	0.00502920398691305	0.657354149548069	0.23998800059997	0.033990589890398	c3
RP1-199J3.7	0.00303067780234539	0.00227214138657214	0.246507806080526	0.0449977501124944	0.0224874824647051	c3
PRDM1	1.27198061862277e-18	0.182642659088365	45.9326211996713	33.9170541472926	9.54523718571838e-17	c3
AIM1	2.15511653712639e-10	0.126736908408761	40.0986031224322	32.4096295185241	7.59565864036993e-09	c3
SCML4	1.80387983970123e-18	0.185964715820968	52.4239934264585	41.6454177291135	1.3417202498652e-16	c3
FOXO3	1.56208213580409e-05	0.0503287589253056	13.5579293344289	9.92575371231439	0.000223641356597152	c3
SESN1	8.19491055527589e-110	0.448969765165197	48.3155299917831	22.4988750562472	1.02266413425728e-106	c3
RP11-425D10.10	0.00216627384571174	0.0074052553922806	0.986031224322103	0.401229938503075	0.0168569124612959	c3
RP1-249I4.2	0.00158281849577354	0.000761610631173988	0.0821692686935086	0.00374981250937453	0.0129335916007737	c3
METTL24	0.000175749976769993	0.00876672779652402	1.15036976170912	0.416229188540573	0.00192952744127994	c3
DSE	0.00100201939543593	0.0285179417074546	5.91618734593262	4.06479676016199	0.00881055362991078	c3
FAM26F	0.000250767718706964	0.0168254980232983	3.12243221035333	1.71366431678416	0.00263384274130687	c3
RPS12	4.09325590355158e-50	0.20396518998576	100	99.9925003749812	1.15897617154846e-47	c3
SGK1	1.04876471805829e-06	0.0740981710874606	14.708299096138	10.5857207139643	1.99082131888767e-05	c3
IFNGR1	2.02666086515407e-21	0.16296781800622	30.4847986852917	20.3764811759412	1.84414913102308e-19	c3
RP11-356I2.4	0.000228592886195027	0.0493183230775436	14.379622021364	11.1856907154642	0.00242436534701141	c3
TNFAIP3	1.47429609186249e-140	0.736512166626554	93.5086277732128	76.0349482525874	2.75971847328971e-137	c3
PERP	4.37584435635123e-37	0.167334491937949	26.1298274445357	13.6193190340483	7.92686557757517e-35	c3
ABRACL	2.04548648339101e-06	0.105671690497084	73.1306491372227	68.4865756712164	3.65045665102631e-05	c3
HECA	0.00297945765271391	0.0340911581010965	12.5718981101068	10.0944952752362	0.0221611139405171	c3
CITED2	4.41148501816567e-20	0.282789330913806	58.4223500410846	48.5525723713814	3.59904542862165e-18	c3
AIG1	0.00599233680832322	0.0262358696985262	9.36729663105998	7.31213439328034	0.0400209705489876	c3
RAET1E	2.85553892689054e-06	0.00116109665695873	0.0821692686935086	0	4.8442342737394e-05	c3
IYD	2.85553892689054e-06	0.00103159245226931	0.0821692686935086	0	4.8442342737394e-05	c3
RP3-403L10.3	1.75603642797652e-09	0.00388021148447516	0.410846343467543	0.0299985000749962	5.38379357636404e-08	c3
SYNJ2	0.0015371147214107	0.0297507985971664	7.6417419884963	5.58722063896805	0.0127817234509408	c3
TMEM181	0.0019766398379919	0.0352206545989903	11.7502054231717	9.25453727313634	0.0156083671669321	c3
DYNLT1	3.76006258071089e-08	0.116226821217818	60.0657354149548	55.305984700765	9.37761277531256e-07	c3
SYTL3	0.00616476855558459	0.0503425726539376	29.6631059983566	26.5899205039748	0.0410424247602978	c3
C6orf99	5.58215506912178e-06	0.0232514251246566	4.51930977814297	2.4298785060747	8.82614419985872e-05	c3
TAGAP	1.03095115651167e-13	0.185841463592418	71.405094494659	64.1405429728513	5.07107565948964e-12	c3
PARK2	0.00567312380344494	0.0104383209228798	1.80772391125719	0.993700314984251	0.0382147607823418	c3
RNASET2	0.00294958888497726	0.0569176536697966	56.861133935908	54.2635368231588	0.0219826250587091	c3
CCR6	2.68200518805568e-43	0.156143101338369	20.0493015612161	8.65831708414579	5.98460151035418e-41	c3
MLLT4	0.000516503651171667	0.0121896298256381	1.8898931799507	0.907454627268637	0.0049258630123346	c3
ARL4A	6.57119662353193e-06	0.0588595922542062	15.2834839769926	11.4369281535923	0.000102443658345833	c3
TOMM7	6.43567167326648e-40	0.216453066852792	98.4387838948233	96.696415179241	1.28309775952095e-37	c3
EEPD1	0.00511725504835217	0.0220415160795933	5.25883319638455	3.74606269686516	0.0349383569603198	c3
AC011290.4	2.85553892689054e-06	0.000845703379919058	0.0821692686935086	0	4.8442342737394e-05	c3
RP4-673M15.1	7.77133141752965e-07	0.0159881407623143	2.21857025472473	0.847457627118644	1.51094772522934e-05	c3
IGFBP3	2.20608871755267e-33	0.0912658463980458	11.0928512736237	3.98605069746513	3.57365159852017e-31	c3
SUN3	0.000204722026006247	0.00389790072280197	0.410846343467543	0.0787460626968652	0.00220662314275576	c3
UPP1	4.69873319095185e-08	0.0966007339990085	32.6211996713229	26.4474276286186	1.1497394054897e-06	c3
IKZF1	0.000113862897366988	0.0769238165811469	64.3385373870173	61.5906704664767	0.00131386865201483	c3
NCF1	2.3420795798938e-14	0.161919127820573	47.0829909613804	38.375581220939	1.23883876554069e-12	c3
TMEM243	0.00259472554708958	0.0619351691570277	54.2317173377157	50.9599520023999	0.0197128934799631	c3
ERVW-1	0.00158281849577354	0.000774222280392715	0.0821692686935086	0.00374981250937453	0.0129335916007737	c3
RP11-307C18.1	0.00158416728605665	0.000872578569376766	0.0821692686935086	0.00374981250937453	0.0129335916007737	c3
PCOLCE-AS1	0.00221846011436893	0.0029456295357531	0.328677074774035	0.0712464376781161	0.0172124175311616	c3
RP11-514P8.2	0.00158281849577354	0.0010902027971701	0.0821692686935086	0.00374981250937453	0.0129335916007737	c3
AC105052.2	0.00158281849577354	0.000994517551727124	0.0821692686935086	0.00374981250937453	0.0129335916007737	c3
RP11-325F22.2	0.00250840727461525	0.0532556913141808	20.9531635168447	17.9691015449228	0.0191304379155469	c3
KMT2E-AS1	4.35632177943081e-05	0.0583076362953699	18.4059161873459	14.5642717864107	0.000563245993999009	c3
DNAJB9	0.00132928531896697	0.0564239769967174	21.8570254724733	19.0902954852257	0.0112478502102645	c3
RP11-309L24.10	0.00158416728605665	0.000883328584681376	0.0821692686935086	0.00374981250937453	0.0129335916007737	c3
AC058791.1	0.000270058858197342	0.0214778331246613	4.43714050944947	2.69236538173091	0.00281018010132837	c3
RP11-138A9.2	2.09870710002772e-06	0.0480153240026378	10.1889893179951	6.76091195440228	3.72963275465897e-05	c3
LINC-PINT	4.8208442943011e-06	0.0991629896882866	45.4396055875103	40.8467076646168	7.73861494293384e-05	c3
AC024084.1	0.000957204836007701	0.00228974023164757	0.246507806080526	0.0374981250937453	0.008476467067355	c3
ZC3HAV1	2.5781270080095e-12	0.138207244884869	46.9186524239934	39.2642867856607	1.09542763439939e-10	c3
WEE2-AS1	0.00356048481632581	0.0098836566758524	1.56121610517666	0.791210439478026	0.0257108819977029	c3
TRBV5-1	3.45784664745816e-05	0.0744073119947466	8.62777321281841	5.71096445177741	0.000459057072259477	c3
TRBV12-3	0.0023514111871219	0.0434516486168764	4.27280197206245	2.7823608819559	0.0181176420166671	c3
MTRNR2L6	2.85553892689054e-06	0.00073698317057308	0.0821692686935086	0	4.8442342737394e-05	c3
GIMAP7	1.5162896107756e-06	0.133419661083482	83.4839769926048	76.4586770661467	2.78214416322623e-05	c3
WDR86	3.30186945840995e-20	0.057458619210512	7.23089564502876	2.73361331933403	2.72679386107022e-18	c3
RP11-309M23.1	0.00181239169475307	0.00334667161258678	0.410846343467543	0.101244937753112	0.0145017159256732	c3
P2RY8	3.46225322592707e-11	0.10280976956964	29.4987674609696	21.906404679766	1.33934741899411e-09	c3
CD99	4.15898120534498e-06	0.126960072289296	93.3442892358258	88.0830958452077	6.78608778367523e-05	c3
FAM9C	0.00158281849577354	0.000901548833019231	0.0821692686935086	0.00374981250937453	0.0129335916007737	c3
CA5B	5.1533189779314e-16	0.125537505695191	27.0336894001643	18.5578221088946	3.19771509470388e-14	c3
EIF2S3	2.53424614360281e-07	0.108701152614588	59.5727198027937	54.6197690115494	5.37713410343533e-06	c3
DYNLT3	2.19397627831457e-10	0.103164459672105	29.0057518488085	22.3001349932503	7.71647564942913e-09	c3
TIMP1	5.2647457867778e-118	0.385226841553947	47.2473294987675	20.9539523023849	7.71262367563875e-115	c3
CFP	1.59434903237497e-05	0.0274989205422892	5.25883319638455	3.07484625768712	0.000228013566624967	c3
NHSL2	0.00364956155494736	0.0186047672387785	4.60147904683648	3.12359382030898	0.0262808991306682	c3
RGAG4	5.3161787327347e-06	0.00921826892212746	1.15036976170912	0.337483125843708	8.45320085987556e-05	c3
RPS4X	9.7111669077503e-58	0.195382568399881	100	99.9737513124344	3.7182733839743e-55	c3
FGF16	0.00158281849577354	0.00115576700073792	0.0821692686935086	0.00374981250937453	0.0129335916007737	c3
RPL36A	4.56274905945335e-10	0.135446418926548	81.26540673788	76.4061796910155	1.54199866408447e-08	c3
BEX5	0.00158346683958482	0.0222775401730916	4.51930977814297	2.96985150742463	0.0129335916007737	c3
GPRASP1	0.00625833522218243	0.0161466611294029	3.36894001643385	2.19739013049348	0.0415586020843939	c3
BEX2	0.000180504756714458	0.0494457265836037	17.9950698438784	14.3805309734513	0.00197529304083695	c3
CXorf57	3.64500598899997e-41	0.116425774153722	14.8726376335251	5.62846857657117	7.53465225726166e-39	c3
TSC22D3	2.94275964070362e-183	0.761562857038192	99.2604765817584	93.8315584220789	1.65255572223113e-179	c3
VSIG1	2.37415603685452e-06	0.0293222198187741	5.66967953985209	3.2098395080246	4.18164210694073e-05	c3
PAK3	8.88095017486683e-05	0.0094039396438715	1.39687756778965	0.532473376331183	0.00105699305966783	c3
RPL39	9.15457787182883e-63	0.214553882987259	100	99.9437528123594	4.00590060796624e-60	c3
SAGE1	0.00158281849577354	0.000799174652862394	0.0821692686935086	0.00374981250937453	0.0129335916007737	c3
FHL1	1.79001408517659e-44	0.122737254031061	16.3516844700082	6.29218539073046	4.18838434624583e-42	c3
CD40LG	3.86262046497685e-179	0.577375043273639	60.8052588331964	25.2737363131843	1.85924477067043e-175	c3
LDOC1	0.00391488174399294	0.0232515127582687	6.24486442070666	4.53352332383381	0.0278228275642477	c3
IDS	0.00207461721699271	0.0682320553102558	56.2859490550534	54.4022798860057	0.0162374338000819	c3
ATP2B3	2.85553892689054e-06	0.00100817336152502	0.0821692686935086	0	4.8442342737394e-05	c3
RPL10	7.62464788317914e-64	0.183740579148203	100	99.9925003749812	3.38032744441892e-61	c3
CTD-2541M15.3	0.00158281849577354	0.000926334124112292	0.0821692686935086	0.00374981250937453	0.0129335916007737	c3
FAM85B	0.000845021037629113	0.00451063853165508	0.57518488085456	0.161241937903105	0.00761694458049099	c3
RP11-10A14.3	0.00158281849577354	0.000980285030472916	0.0821692686935086	0.00374981250937453	0.0129335916007737	c3
CTSB	0.00551617131675621	0.0522045343954599	38.8660640920296	35.8969551522424	0.0373291577318305	c3
LZTS1	8.05708781335558e-06	0.010002001289449	1.06820049301561	0.307484625768712	0.00012293002539821	c3
SORBS3	3.56308589246593e-27	0.127191597093835	23.0073952341824	12.5356232188391	4.33410166284285e-25	c3
EXTL3-AS1	7.21416760269907e-05	0.00284144278065893	0.246507806080526	0.0262486875656217	0.000880384509979509	c3
SARAF	9.73771135426784e-48	0.231669230368019	99.671322925226	98.8863056847158	2.54342981682714e-45	c3
LEPROTL1	7.89620226478682e-25	0.225120887983055	84.3878389482334	77.3136343182841	8.55481154693656e-23	c3
RP11-51J9.5	1.4173741949e-15	0.115256684385215	25.7189811010682	17.2416379181041	8.3637488831805e-14	c3
NPBWR1	0.000513966764083525	0.00165856589643576	0.164338537387017	0.0149992500374981	0.00490305666733587	c3
RPS20	1.9559172933873e-11	0.130165769710678	93.5907970419063	91.5179241037948	7.67765037326432e-10	c3
CHD7	4.76131420801211e-08	0.056623434729536	12.2432210353328	8.05459727013649	1.16251971684609e-06	c3
MYBL1	7.38009127596211e-58	0.190042295439549	22.2678718159408	8.79331033448328	2.85821603968123e-55	c3
RPL7	1.61311614878233e-16	0.143707668342029	97.8635990139688	96.1264436778161	1.04323100800522e-14	c3
TPD52	1.56133575154353e-05	0.0510714098463164	12.6540673788003	9.23953802309885	0.000223641356597152	c3
RP11-48B3.5	0.00101999064123433	0.00770620482667093	1.06820049301561	0.423728813559322	0.00894755653885696	c3
ZBTB10	3.35672042518308e-27	0.109451582947851	16.7625308134758	8.10334483275836	4.09787456543909e-25	c3
CA3-AS1	2.85553892689054e-06	0.000985515637920658	0.0821692686935086	0	4.8442342737394e-05	c3
RP11-37B2.1	1.22195110086788e-10	0.0414639796819799	6.57354149548069	3.21733913304335	4.44146929801966e-09	c3
RIPK2	3.94306778154147e-39	0.169929759555386	24.6507806080526	12.3631318434078	7.72428638553828e-37	c3
TRIQK	6.35492044416884e-20	0.0167517381928721	1.64338537387017	0.221238938053097	5.15958287821265e-18	c3
RP11-22C11.2	0.00158281849577354	0.000963904016065955	0.0821692686935086	0.00374981250937453	0.0129335916007737	c3
MATN2	4.46411711807493e-06	0.0026007164257096	0.246507806080526	0.0187490625468727	7.24188551643798e-05	c3
RPL30	3.74516370768529e-109	0.240379661286553	100	99.9887505624719	4.3513636540258e-106	c3
PABPC1	2.78111185503388e-45	0.263075932551288	98.9317995069844	96.7414129293535	6.74149516859796e-43	c3
EIF3E	3.56840528217671e-09	0.125536357940414	81.7584223500411	77.2161391930403	1.04008518665798e-07	c3
SAMD12	0.00220350329079272	0.0115491630642374	2.13640098603122	1.1624418779061	0.0171116025447429	c3
RP11-713M15.1	0.0048267481339841	0.00239599279910675	0.246507806080526	0.0487475626218689	0.0332309872551002	c3
RP11-158K1.3	0.000214333173015216	0.00545837208864583	0.657354149548069	0.176241187940603	0.00229407304052563	c3
RP11-89K10.1	0.00273482084651598	0.0160210945689421	3.36894001643385	2.10364481775911	0.0206607743503384	c3
MYC	0.00186309680190793	0.0455288800769146	13.4757600657354	10.8444577771111	0.0148467016888328	c3
TMEM71	3.18159674118508e-17	0.094047734104928	17.9950698438784	10.4807259637018	2.16130485075585e-15	c3
ST3GAL1	1.06522854796839e-09	0.114775550278548	39.0304026294166	32.2896355182241	3.38282852924098e-08	c3
AC083843.2	0.00484261024375272	0.00212467326936822	0.246507806080526	0.0487475626218689	0.0332993692965315	c3
DENND3	0.0036853720883562	0.0201395550827926	4.10846343467543	2.73361331933403	0.0265047870106881	c3
RP11-809O17.1	0.00408377724501051	0.00531505283742149	0.821692686935086	0.326233688315584	0.0288525974339188	c3
EEF1D	6.21228827522463e-08	0.0814694384373928	99.3426458504519	99.1337933103345	1.47406226158746e-06	c3
RPL8	2.89771708888705e-45	0.162689301904936	99.9178307313065	99.8762561871906	6.97397711378287e-43	c3
ZNF250	0.00046298772673508	0.0239861638139072	5.83401807723911	3.85855707214639	0.00448789081260408	c3
RLN1	0.0009822867220728	0.0253077200959643	5.99835661462613	4.11354432278386	0.00865964647135555	c3
RPS6	1.50235636601203e-40	0.196578599673449	100	99.8387580620969	3.04942140942225e-38	c3
AQP3	1.76409278867671e-47	0.25717561085572	42.8923582580115	25.8024598770062	4.57225710935945e-45	c3
RP11-195F19.9	0.00577695277744792	0.00318559034092037	0.493015612161052	0.15749212539373	0.0387978167995476	c3
TPM2	9.83246312827391e-06	0.0119732522086353	1.64338537387017	0.6037198140093	0.00014672055475822	c3
POLR1E	0.00643482878517069	0.0407382027154143	14.9548069022186	12.6968651567422	0.0425127688406944	c3
ANKRD18A	0.000328884560355888	0.00735059809019008	0.986031224322103	0.344982750862457	0.00333655455949774	c3
FAM201A	0.00109547513020468	0.00896976313744448	1.31470829909614	0.573721313934303	0.00950577878885311	c3
AC129778.2	0.00427417301457682	0.00177607831296154	0.164338537387017	0.0224988750562472	0.0299900902939929	c3
ANXA1	4.08759269941179e-168	0.857318768773965	91.4543960558751	60.9869506524674	1.72159185517476e-164	c3
GNAQ	1.47281164771697e-12	0.0567760229175264	9.61380443714051	5.06974651267437	6.41978210325688e-11	c3
TLE4	2.71066864354301e-17	0.134028687354245	28.430566967954	19.4052797360132	1.84885160476798e-15	c3
CTSL	7.18838101353217e-32	0.15963610590726	24.1577649958915	12.6631168441578	1.07646804386646e-29	c3
RP11-244N9.4	0.00158281849577354	0.000909751828218423	0.0821692686935086	0.00374981250937453	0.0129335916007737	c3
HEMGN	0.00121305213244503	0.0113803048545681	1.8898931799507	0.952452377381131	0.0103816557151645	c3
SLC44A1	1.81035236459773e-05	0.0417609424552772	9.61380443714051	6.60716964151792	0.000256344342392779	c3
ZNF462	0.0043788071824238	0.00273794165729619	0.328677074774035	0.0787460626968652	0.0306352843032781	c3
TNFSF8	5.56014268508648e-05	0.0780297771785895	39.4412489728841	34.3632818359082	0.000699303649239656	c3
RPL35	1.02710865541622e-58	0.216373361248911	99.835661462613	99.3212839358032	4.02411616692955e-56	c3
RPL12	7.82796150448035e-18	0.103325914542785	100	99.9587520623969	5.55274389330444e-16	c3
FAM102A	0.000347150702618082	0.0738709530353358	45.3574363188168	41.960401979901	0.00349792185645987	c3
RPL7A	8.71895446918156e-37	0.142469297668493	100	99.9550022498875	1.56264070151385e-34	c3
RPLP2	7.77225705845454e-54	0.188641554936486	100	99.9587520623969	2.51806182045738e-51	c3
KRTAP5-1	2.85553892689054e-06	0.000939588419031129	0.0821692686935086	0	4.8442342737394e-05	c3
AC068580.6	0.00171375259093258	0.0018778045095512	0.164338537387017	0.0187490625468727	0.0138141578466225	c3
KCNQ1	0.000336049250092888	0.0199841156116095	3.12243221035333	1.74366281685916	0.003400253283072	c3
RPL27A	2.67324481738781e-07	0.0946710586801118	97.0419063270337	96.0701964901755	5.63304007986647e-06	c3
SBF2	1.5480865203382e-24	0.0718691298010216	10.1068200493016	4.05354732263387	1.63514818859798e-22	c3
ADM	0.000128769670173225	0.00408207261695409	0.410846343467543	0.0749962501874906	0.00146679015105364	c3
ARNTL	0.000209246630899465	0.0493354671095654	15.2013147082991	12.0293985300735	0.00224820024921128	c3
SPON1	2.06865719359612e-06	0.0160894512680948	2.62941659819228	1.12119394030298	3.68595110952024e-05	c3
RPS13	5.80290213962102e-59	0.196624005173045	100	99.9062546872656	2.30027040814577e-56	c3
IGSF22	0.0001095991565076	0.0149784148319085	2.79375513557929	1.42492875356232	0.00127076186488888	c3
RP11-17A1.3	0.000388263960265505	0.0113534427917574	1.47904683648316	0.633718314084296	0.00385336255587214	c3
CD44	1.51761010885255e-09	0.142692813072383	88.8249794576828	83.9020548972551	4.68263324246134e-08	c3
TSPAN18	1.99766380944427e-09	0.0200496061658346	2.62941659819228	0.903704814759262	6.05780623704562e-08	c3
P2RX3	2.85553892689054e-06	0.0012495179574656	0.0821692686935086	0	4.8442342737394e-05	c3
DTX4	7.90834566090871e-06	0.00172532560972613	0.164338537387017	0.00749962501874906	0.000121009899499845	c3
STX3	2.34028323006299e-10	0.0319167943032893	4.10846343467543	1.67241637918104	8.17982397860398e-09	c3
CD6	2.18150165817615e-08	0.122350404250565	62.9416598192276	57.9983500824959	5.64977070488755e-07	c3
BEST1	1.00972236902768e-05	0.0328892269704666	6.08052588331964	3.65981700914954	0.000150205675505601	c3
FTH1	1.87308027138315e-53	0.23418568201068	100	99.6175191240438	6.01062539656987e-51	c3
AHNAK	8.91487253320381e-39	0.33140902898748	76.417419884963	61.4669266536673	1.71644408647868e-36	c3
RP11-864I4.4	0.00158281849577354	0.000922326295844568	0.0821692686935086	0.00374981250937453	0.0129335916007737	c3
WDR74	0.00227436924359455	0.0494867661442175	22.3500410846343	19.4427778611069	0.0175843499985486	c3
RASGRP2	4.40337072682776e-20	0.133638059949569	29.6631059983566	19.2402879856007	3.59904542862165e-18	c3
MAP4K2	0.00296221242973052	0.0459516518196309	19.4741166803615	16.750412479376	0.0220571901894675	c3
FAU	2.77422726543459e-30	0.112912516076594	100	99.9325033748313	3.86259559841128e-28	c3
RPS3	2.88046612629431e-102	0.252050741220235	100	99.9925003749812	2.42636064148401e-99	c3
GDPD5	1.21385904484335e-20	0.0693694193115126	10.4354971240756	4.63101844907755	1.04336139430999e-18	c3
TSKU	0.00171530409016807	0.00171652508394371	0.164338537387017	0.0187490625468727	0.0138167477920447	c3
RP11-739B23.1	0.00303246450704372	0.00189434485488252	0.246507806080526	0.0449977501124944	0.0224957857992803	c3
SYTL2	3.25777132748809e-18	0.107927478543092	19.7206244864421	11.6506674666267	2.37591660407757e-16	c3
MAML2	0.000358841074256992	0.0549367608273588	22.5143796220214	18.8578071096445	0.00359310286954386	c3
BIRC3	0.000130418589326519	0.0944030849065526	55.2177485620378	50.7799610019499	0.00148406752744604	c3
EXPH5	0.000754579148289802	0.00822827276049729	1.15036976170912	0.461226938653067	0.00690515747487142	c3
RP11-356J5.12	0.000367636094283585	0.0112896506670805	1.80772391125719	0.83620818959052	0.00366483152686128	c3
ZBTB16	1.55667698976804e-20	0.0446121607871386	5.7518488085456	1.89365531723414	1.32117567993058e-18	c3
MPZL3	2.09754944377302e-09	0.0709912655945074	15.6121610517666	10.5107244637768	6.33287015757063e-08	c3
MPZL2	6.7387647926074e-07	0.00883831148665115	0.903861955628595	0.202489875506225	1.32703647528997e-05	c3
RPS25	7.55772864512071e-54	0.177749279090401	100	99.9662516874156	2.47233115503589e-51	c3
THY1	0.00315970228234207	0.00344063545215516	0.328677074774035	0.0749962501874906	0.023298171844012	c3
SORL1	7.98240946761693e-15	0.14235257317095	38.8660640920296	29.4622768861557	4.38044470035643e-13	c3
SCN3B	0.00158281849577354	0.00144902376882078	0.0821692686935086	0.00374981250937453	0.0129335916007737	c3
ETS1	0.000269178892888676	0.0771721354451492	60.7230895645029	57.4471276436178	0.00280275451699353	c3
KLF6	6.60665180088166e-105	0.586441784624685	98.3566146261298	90.5354732263387	5.85801383628702e-102	c3
RP11-536K7.3	0.000512595902832478	0.00198810635451201	0.164338537387017	0.0149992500374981	0.00489772949486179	c3
VIM	2.32842600924428e-32	0.340184434272494	98.9317995069844	93.6290685465727	3.59880669520535e-30	c3
BMI1	0.00352279439392412	0.0324320406797109	9.20295809367297	7.15089245537723	0.0254603140370738	c3
RP11-573G6.10	0.00158281849577354	0.000950174550615856	0.0821692686935086	0.00374981250937453	0.0129335916007737	c3
YME1L1	2.70986688372595e-05	0.085671096945186	43.2210353327855	39.4667766611669	0.000368467533415102	c3
SVIL	1.06240238727509e-27	0.0701678308813882	8.95645028759244	3.18359082045898	1.31123025775995e-25	c3
RP11-14C22.6	2.85553892689054e-06	0.000924657287700328	0.0821692686935086	0	4.8442342737394e-05	c3
RP11-135A24.2	0.00158416728605665	0.000707670671222727	0.0821692686935086	0.00374981250937453	0.0129335916007737	c3
ITGB1	0.000374370725423923	0.0757375411120427	54.5603944124897	49.2837858107095	0.00372865717482521	c3
RP11-508N22.12	3.58954961168392e-11	0.00194110793504338	0.164338537387017	0	1.38224325275518e-09	c3
ALOX5	0.0050167934056725	0.00674683319500769	0.903861955628595	0.382480875956202	0.0343150298438346	c3
C10orf128	4.6206745782377e-08	0.0313932552658796	4.7658175842235	2.32488375581221	1.13558723004479e-06	c3
ANK3	1.29704360437212e-20	0.100473724419596	17.8307313064914	9.7757612119394	1.11202511973828e-18	c3
ZNF365	2.42968155679798e-15	0.0275277554240809	3.28677074774035	0.937453127343633	1.41147742025433e-13	c3
JMJD1C	0.00132466752089353	0.0627554927821404	35.0862777321282	32.1546422678866	0.0112115919238851	c3
HKDC1	0.002177283152452	0.0120099084791756	1.8898931799507	0.989950502474876	0.0169386697157049	c3
TSPAN15	3.18677577086239e-07	0.01151819870336	1.31470829909614	0.36373181340933	6.63629312876622e-06	c3
C10orf54	1.17933898819903e-15	0.160006868442364	54.5603944124897	44.9415029248538	7.07057791252282e-14	c3
RP11-464F9.21	2.85553892689054e-06	0.000924080151324599	0.0821692686935086	0	4.8442342737394e-05	c3
ZSWIM8-AS1	0.00158416728605665	0.000896769440509176	0.0821692686935086	0.00374981250937453	0.0129335916007737	c3
VCL	0.00386249993714784	0.0172946973564356	4.02629416598192	2.66611669416529	0.0275395837206208	c3
RPS24	1.28388185030446e-09	0.0614314731097987	100	99.9625018749063	4.00176827605537e-08	c3
SH2D4B	0.00158416728605665	0.000816305363887625	0.0821692686935086	0.00374981250937453	0.0129335916007737	c3
PANK1	1.88679181758855e-06	0.0155290445949867	1.8898931799507	0.693715314234288	3.40511855928381e-05	c3
RP11-107I14.4	2.85553892689054e-06	0.000958177156920814	0.0821692686935086	0	4.8442342737394e-05	c3
RP11-753C18.12	3.9867636183792e-05	0.0084317725818848	1.15036976170912	0.378731063446828	0.000521062891224472	c3
MXI1	1.04249732185493e-07	0.0473733334198457	8.70994248151191	5.29473526323684	2.37337194341756e-06	c3
DUSP5	6.84736307461105e-05	0.0335533881363978	7.06655710764174	4.66851657417129	0.000840798292405046	c3
PDCD4	2.42097978860968e-10	0.139237980552041	64.6672144617913	58.1783410829458	8.42691043361720e-09	c3
ABLIM1	1.64536241984626e-17	0.149889441705953	35.9079704190633	26.0574471276436	1.14071690070576e-15	c3
PLEKHA1	0.00431126431983964	0.0410906911219271	18.3237469186524	15.5542222888856	0.0302066417119311	c3
CHST15	0.00206287639503625	0.00416073918454767	0.493015612161052	0.138743062846858	0.0161605573713907	c3
ADAM8	6.56741217141546e-14	0.122107740580202	29.9917830731307	22.0338983050847	3.28312144960939e-12	c3
RP11-122K13.7	2.85553892689054e-06	0.000996427486072064	0.0821692686935086	0	4.8442342737394e-05	c3
RP11-598F7.3	2.85553892689054e-06	0.00107743399506889	0.0821692686935086	0	4.8442342737394e-05	c3
CACNA2D4	6.10472019046802e-07	0.040393366210424	6.57354149548069	3.80605969701515	1.21495831126775e-05	c3
PIANP	0.00650849967733651	0.00383589877242031	0.57518488085456	0.202489875506225	0.0429489596804105	c3
CD4	1.67879557590039e-20	0.161399989063949	41.1668036154478	28.9110544472776	1.41767764747839e-18	c3
GNB3	0.00177799156598277	0.00209072368384252	0.246507806080526	0.0412479376031198	0.0142501540971036	c3
SLC2A3	0.000133790965550026	0.112420857107007	64.5028759244043	60.01199940003	0.00151731834171746	c3
KLRG1	4.28474757994417e-32	0.202275130178605	40.0986031224322	24.5125243737813	6.50316598912787e-30	c3
KLRB1	1.14932115943178e-108	0.581774377222026	49.7945768282662	23.6838158092095	1.29084090486314e-105	c3
CD69	2.24147694898842e-105	0.675369332953039	97.2884141331142	85.6757162141893	2.09789789775599e-102	c3
TAS2R8	2.85553892689054e-06	0.000931880482310795	0.0821692686935086	0	4.8442342737394e-05	c3
TAS2R13	0.00158281849577354	0.000915698237143235	0.0821692686935086	0.00374981250937453	0.0129335916007737	c3
BORCS5	0.00257425300303888	0.0471458618982408	20.9531635168447	18.1678416079196	0.0195882747706396	c3
CDKN1B	8.36177081403002e-10	0.137653210734528	62.202136400986	56.678416079196	2.69351343984634e-08	c3
EPS8	0.000381701714477382	0.00725082741824854	0.986031224322103	0.348732563371831	0.00379606185584442	c3
LDHB	1.1677177250107e-34	0.256819505108957	93.2621199671323	87.8281085945703	1.98712530436923e-32	c3
RP11-707G18.1	1.3730401646082e-05	0.060469652465303	19.7206244864421	15.3704814759262	0.000199067191507353	c3
RP11-946L16.1	2.85553892689054e-06	0.00113879989997238	0.0821692686935086	0	4.8442342737394e-05	c3
NELL2	4.14179036341602e-07	0.0986081612668298	40.5094494658998	33.9920503974801	8.44754748819246e-06	c3
SLC38A1	0.000570589368846786	0.0698691249862716	50.5341002465078	46.5239238038098	0.0053732359401687	c3
COL2A1	2.85553892689054e-06	0.000735854577852672	0.0821692686935086	0	4.8442342737394e-05	c3
CCDC65	1.37215538592406e-07	0.0218198352734465	3.36894001643385	1.46617669116544	3.05978845620948e-06	c3
FKBP11	8.65908067469317e-36	0.217265378466991	38.5373870172555	24.3212839358032	1.51170499613011e-33	c3
TUBA1A	1.23992921094097e-10	0.176520780142125	52.506162695152	46.3101844907755	4.49711246861625e-09	c3
RP11-161H23.5	0.00314360183648689	0.00309819792225409	0.328677074774035	0.0749962501874906	0.0232078265290511	c3
ACVR1B	0.000973835925316752	0.0162102710340366	3.04026294165982	1.75866206689666	0.00859864456698707	c3
GRASP	1.46738879483006e-15	0.0254363832608314	2.79375513557929	0.712464376781161	8.62865585567262e-14	c3
NR4A1	7.25667599263197e-09	0.081469682563324	14.9548069022186	10.07199640018	2.0107437573663e-07	c3
EIF4B	1.23989495569272e-15	0.17938583613132	77.4856203779786	69.8290085495725	7.40727316260826e-14	c3
RARG	3.94034761821887e-06	0.031229129744708	5.83401807723911	3.4010799460027	6.47323611156833e-05	c3
PFDN5	1.5573706478703e-11	0.107097715438131	99.0961380443714	98.267586620669	6.17341724815788e-10	c3
RP11-1049A21.2	0.00158281849577354	0.000964387331681163	0.0821692686935086	0.00374981250937453	0.0129335916007737	c3
TESPA1	1.16156049125418e-09	0.103697853722764	31.7173377156943	24.9625018749063	3.65772141984285e-08	c3
ERBB3	0.000192430264278414	0.00971033844595503	1.23253903040263	0.464976751162442	0.00209153074986996	c3
RPL41	2.69940829840343e-27	0.16946482717426	99.9178307313065	99.9062546872656	3.30741320750564e-25	c3
IL23A	0.00305290854116926	0.0226573725397168	6.32703368940016	4.54477276136193	0.0226275187827006	c3
MIP	2.85553892689054e-06	0.000988051167081394	0.0821692686935086	0	4.8442342737394e-05	c3
NACA	8.82851721964263e-11	0.0847908479232831	99.671322925226	99.5950202489876	3.24746789518165e-09	c3
RP11-756H6.1	0.00163065158694713	0.00423401072752365	0.493015612161052	0.134993250337483	0.0132393191736377	c3
METTL21B	1.70198709841866e-06	0.0153535850928908	2.21857025472473	0.873706314684266	3.09735902894416e-05	c3
LINC01465	2.32337464732336e-05	0.0100496510431635	1.23253903040263	0.408729563521824	0.000320572421649931	c3
RASSF3	0.00292125405239599	0.0379256842060242	13.8044371405094	11.2456877156142	0.021795556696508	c3
IFNG-AS1	5.41598835758968e-14	0.0882279680139473	19.5562859490551	12.1831408429579	2.72774755935167e-12	c3
GLIPR1	1.61036051867177e-17	0.183805507710866	54.1495480690222	43.7340632968352	1.12012382919104e-15	c3
RP11-585P4.5	0.000499596377949153	0.00906558120370648	1.23253903040263	0.494975251237438	0.00480405261376106	c3
PHLDA1	5.4536123280367e-10	0.136159554527926	28.8414133114215	22.0526473676316	1.82476677041578e-08	c3
OSBPL8	8.35209667112783e-05	0.0801110985896126	42.1528348397699	38.4655767211639	0.00100076651933493	c3
DUSP6	9.13241036622201e-06	0.038819746071084	7.72391125718981	4.93850307484626	0.000137492151420681	c3
ATP2B1	3.14981816539138e-14	0.129362622219442	30.4847986852917	22.3601319934003	1.63780822939347e-12	c3
LINC00936	2.58729051502262e-14	0.132072296954079	33.3607230895645	24.6025198740063	1.36000259926946e-12	c3
BTG1	2.70306989998108e-109	0.346477120184777	100	99.8575071246438	3.25275847178437e-106	c3
RP11-796E2.4	4.57488758703455e-05	0.0880521780847341	38.3730484798685	33.9395530223489	0.00058767160639551	c3
ELK3	2.11384192378931e-14	0.116934635223786	25.7189811010682	18.0628468576571	1.12517835355698e-12	c3
RP11-341G23.4	0.00426749097904203	0.00231298315749843	0.164338537387017	0.0224988750562472	0.0299809927122273	c3
BTBD11	0.00065258509844033	0.0166670033535735	3.36894001643385	1.96865156742163	0.00607241157328044	c3
FAM222A	0.000512595902832478	0.00191838904382348	0.164338537387017	0.0149992500374981	0.00489772949486179	c3
RPL6	5.57837678151803e-21	0.110775321932374	99.9178307313065	99.8762561871906	4.92036197058818e-19	c3
RPLP0	2.15578360027561e-55	0.229251974812933	99.835661462613	99.6625168741563	7.56635131538401e-53	c3
CABP1	0.00158281849577354	0.00112188549086375	0.0821692686935086	0.00374981250937453	0.0129335916007737	c3
MORN3	0.000737674154105785	0.0259844560408409	6.24486442070666	4.27103644817759	0.0067633178090994	c3
LINC00944	0.00347739386024921	0.0280343613278703	7.72391125718981	5.75971201439928	0.0251864378175488	c3
RP11-572C21.1	2.85553892689054e-06	0.000838549583745329	0.0821692686935086	0	4.8442342737394e-05	c3
RP11-897M7.1	9.41912887052848e-05	0.0049203157236517	0.57518488085456	0.131243437828109	0.00111318178941981	c3
RP11-495K9.6	2.85553892689054e-06	0.00102427929999337	0.0821692686935086	0	4.8442342737394e-05	c3
LATS2	0.000492603837959688	0.00836919320370324	0.986031224322103	0.35623218839058	0.00474087224113503	c3
RPL21	1.17889846036026e-33	0.242309542590363	99.7534921939195	99.3512824358782	1.91892776441442e-31	c3
GTF3A	0.00117359352589992	0.065163307593513	59.4905505341003	57.5221238938053	0.0100978192700899	c3
FRY	8.52930671626627e-06	0.0101508672595042	1.31470829909614	0.427478626068697	0.000129104429693565	c3
SPG20	2.71172532952022e-21	0.0740312834907431	10.7641741988496	4.77726113694315	2.44956764752961e-19	c3
SMAD9	0.00427250161677837	0.00138606809601837	0.164338537387017	0.0224988750562472	0.0299849342794689	c3
RGCC	3.50618897038285e-05	0.118726414359163	56.2037797863599	53.1760911954402	0.000464742451487332	c3
TPT1	7.20089331965234e-102	0.301587653416835	99.9178307313065	99.9212539373031	5.91772925639917e-99	c3
SIAH3	1.85025741166751e-09	0.0163204610748953	1.97206244864421	0.573721313934303	5.64186183065386e-08	c3
ITM2B	2.6088362425158e-14	0.139289441710962	96.1380443714051	94.3152842357882	1.36919203045681e-12	c3
KLF5	2.63181787305386e-05	0.0193978503076352	3.69761709120789	1.96115194240288	0.000358433595047198	c3
GPR183	6.75179061202782e-90	0.488162842656295	64.7493837304848	38.5330733463327	4.7394756850347e-87	c3
TNFSF13B	9.8709201492416e-40	0.18249782958191	23.0895645028759	11.193190340483	1.95641637357969e-37	c3
MYO16	0.000652931071150344	0.00630672976978101	0.657354149548069	0.194990250487476	0.00607395348187181	c3
RP11-88E10.4	0.00158416728605665	0.00078112387361641	0.0821692686935086	0.00374981250937453	0.0129335916007737	c3
RPPH1	5.8572902298954e-05	0.0213646032276907	4.02629416598192	2.25363731813409	0.000732846405518365	c3
PNP	4.2817734979091e-05	0.0779597239239453	26.4585045193098	22.8288585570721	0.000555525900032919	c3
NDRG2	0.000636110555793932	0.0168658364170065	3.12243221035333	1.78866056697165	0.00592989404487751	c3
ARHGEF40	0.00414055763035633	0.00814038968658243	1.06820049301561	0.476226188690565	0.0292110445555331	c3
TRAV8-1	0.00287732675751331	0.0295813960730844	4.19063270336894	2.75236238188091	0.0215202325788354	c3
LTB4R2	9.65974750300156e-08	0.0390705024737324	6.82004930156122	3.82480875956202	2.20511878296839e-06	c3
ARHGAP5	5.60644129534824e-07	0.0412757474466166	9.20295809367297	5.79721013949302	1.11975953174549e-05	c3
FAM177A1	0.00749923669732198	0.0623418780154086	42.0706655710764	40.6854657267137	0.0484152675377595	c3
NFKBIA	9.55180338449734e-141	0.842686578048031	92.7691043549712	77.9923503824809	1.89316743080737e-137	c3
CTD-3028N15.1	0.00158416728605665	0.000551325274497734	0.0821692686935086	0.00374981250937453	0.0129335916007737	c3
RPS29	1.53303876437877e-13	0.110980588762127	99.7534921939195	99.730013499325	7.46448094320495e-12	c3
RPL36AL	9.62356231880421e-31	0.181494012714896	98.6852917009039	97.607619619019	1.36817007919742e-28	c3
RP11-596C23.2	1.82258287638802e-08	0.0691121472036442	15.0369761709121	10.2032398380081	4.78214886491324e-07	c3
PTGDR	0.00610315182706346	0.0288525887339125	10.8463434675431	8.5983200839958	0.0406662207914209	c3
PTGER2	8.3708462508378e-123	0.326047986249196	35.6614626129827	12.7006149692515	1.28203315261695e-119	c3
FBXO34	6.78460652451757e-10	0.0944306345066737	24.1577649958915	17.9428528573571	2.23679581445298e-08	c3
KTN1	0.00564284759757188	0.0575690744652403	53.3278553820871	51.1549422528874	0.0380488507009379	c3
RP11-930O11.1	0.00158416728605665	0.000747880147724416	0.0821692686935086	0.00374981250937453	0.0129335916007737	c3
SYNE2	0.000195560454524605	0.078211503176611	58.0115036976171	53.7723113844308	0.00211939979245804	c3
PLEKHG3	3.27754300320184e-18	0.0434826588969435	5.66967953985209	1.9874006299685	2.38517351943591e-16	c3
CTD-2540L5.5	2.85553892689054e-06	0.000910351504767903	0.0821692686935086	0	4.8442342737394e-05	c3
TTC9	0.00514786764934151	0.0181430597596055	4.02629416598192	2.70736463176841	0.0351260130775441	c3
PCNX	1.21148849576046e-07	0.0711686455121759	18.0772391125719	13.1505924703765	2.73225524606111e-06	c3
NPC2	3.06303637924478e-08	0.0978981415632399	36.8118323746919	30.2947352632368	7.75401560948713e-07	c3
TMED10	3.54987965773225e-07	0.0975262659725489	50.2054231717338	45.3202339883006	7.33351595264441e-06	c3
FOS	1.06072388646252e-287	1.54606026012279	97.4527526705012	77.362381880906	1.78700153152341e-283	c3
GPR65	0.00284675189714677	0.0535619730725013	27.0336894001643	24.0400479976001	0.0213484216386519	c3
TC2N	2.06851797346322e-18	0.196844230146539	64.0920295809367	51.0686965651717	1.52843518854977e-16	c3
FBLN5	0.00323506458911906	0.0397588169482019	13.7222678718159	11.2156892155392	0.023727093222851	c3
PPP4R4	0.000357629473760312	0.00615301992417062	0.821692686935086	0.262486875656217	0.00358310065087124	c3
LINC00239	0.00108411165385949	0.0367988521529541	11.6680361544782	8.98830058497075	0.00943389929368329	c3
CRIP2	8.84036988968657e-27	0.0903498225833378	12.3253903040263	5.21598920053997	1.05626745767056e-24	c3
IGHV3-11	0.00158416728605665	0.000838141262223535	0.0821692686935086	0.00374981250937453	0.0129335916007737	c3
CYFIP1	0.000525615089126189	0.0172208123402112	3.20460147904684	1.83740812959352	0.00500284599237791	c3
FMN1	3.69396268256129e-05	0.0171560089473965	3.04026294165982	1.52992350382481	0.000486949838130752	c3
GOLGA8B	0.00326924211662581	0.0476920611230804	26.7871815940838	23.9238038098095	0.0239360808078205	c3
RP11-532F12.5	4.69092396563908e-08	0.0160157271372528	2.05423171733772	0.682465876706165	1.14949812435086e-06	c3
SPINT1	2.75932800958691e-07	0.0219817089448627	2.79375513557929	1.15119244037798	5.79992501278986e-06	c3
LTK	1.96508721970365e-11	0.00981928438774977	0.986031224322103	0.146242687865607	7.69902892798776e-10	c3
RORA	1.10947261082543e-36	0.240726643811646	49.6302382908792	33.5645717714114	1.97791376450539e-34	c3
USP3	0.0026413949860406	0.0554004883186338	27.8553820870994	25.3449827508625	0.0200351413520705	c3
RPL4	1.92958618187738e-20	0.177466104339268	98.3566146261298	96.7526623668817	1.62133358633856e-18	c3
SMAD3	8.6014282765364e-08	0.0672186222930156	15.7764995891537	11.1744412779361	1.98504468732615e-06	c3
RPLP1	1.76767023066607e-60	0.181873303504935	100	100	7.53922541165349e-58	c3
NR2E3	2.85553892689054e-06	0.00114493513094847	0.0821692686935086	0	4.8442342737394e-05	c3
NEO1	9.47829095438041e-08	0.0217306166908729	3.04026294165982	1.25618719064047	2.16810275232107e-06	c3
LOXL1-AS1	1.08348510036414e-05	0.0315095955861632	5.99835661462613	3.61106944652767	0.000160258766337442	c3
GOLGA6A	2.85553892689054e-06	0.000824538495506461	0.0821692686935086	0	4.8442342737394e-05	c3
NEIL1	0.00364922047519717	0.0127696561064518	2.21857025472473	1.25993700314984	0.0262808991306682	c3
UBE2Q2	0.00171267608559987	0.0481880556198262	17.6663927691044	14.8755062246888	0.0138120890445672	c3
RP11-593F23.1	0.00158281849577354	0.000894925333597012	0.0821692686935086	0.00374981250937453	0.0129335916007737	c3
CHRNB4	2.85553892689054e-06	0.000937082780722409	0.0821692686935086	0	4.8442342737394e-05	c3
PDE8A	6.21111132911719e-05	0.0321475934343735	7.06655710764174	4.64226788660567	0.000772664542478722	c3
SLCO3A1	5.56622099987924e-06	0.0285142830634385	5.01232539030403	2.80860956952152	8.80508217699208e-05	c3
SYNM	9.76034540038549e-06	0.0225863023725916	3.61544782251438	1.84115794210289	0.000145708940150903	c3
RP11-66B24.4	0.00158281849577354	0.000918713304493959	0.0821692686935086	0.00374981250937453	0.0129335916007737	c3
TARSL2	2.11979956411282e-05	0.0690032513747693	20.8709942481512	16.7691615419229	0.000296490354973919	c3
NME4	0.00171739089805033	0.0317782207803424	9.77814297452753	7.43212839358032	0.0138255976952425	c3
RP11-161M6.3	0.000250743758655696	0.0158993667809777	2.71158586688578	1.42492875356232	0.00263384274130687	c3
BAIAP3	0.000410937894607268	0.0117938861675865	1.56121610517666	0.686215689215539	0.00405450700465514	c3
TMEM204	4.21114737665214e-05	0.0656496494741377	21.0353327855382	17.1928903554822	0.000546573188401068	c3
RPS2	4.72538615026478e-21	0.149973972495416	100	99.9062546872656	4.20098049992141e-19	c3
PRSS22	1.06316180598804e-07	0.0109515130692223	1.23253903040263	0.311234438278086	2.41715073488267e-06	c3
SOCS1	6.51621879535426e-07	0.125484319798497	56.5324568611339	50.5699715014249	1.28697231002735e-05	c3
CTD-3088G3.6	2.85553892689054e-06	0.000946951595219642	0.0821692686935086	0	4.8442342737394e-05	c3
MPV17L	0.0017176337612716	0.00172226052083199	0.164338537387017	0.0187490625468727	0.0138255976952425	c3
RPS15A	3.52972492382975e-11	0.0699078214066535	99.9178307313065	99.9850007499625	1.36232017850538e-09	c3
COQ7	0.00151259043459465	0.0352436324878432	12.1610517666393	9.52827358632068	0.0126151539859485	c3
CRYM-AS1	0.00158416728605665	0.000896568266144195	0.0821692686935086	0.00374981250937453	0.0129335916007737	c3
RP11-105C19.1	6.73296013469053e-05	0.00443403024613984	0.493015612161052	0.0974951252437378	0.000828259798387232	c3
CTD-2574D22.6	2.85553892689054e-06	0.000932115565443845	0.0821692686935086	0	4.8442342737394e-05	c3
RP11-347C12.3	5.20097539480848e-05	0.0107362154842859	1.31470829909614	0.472476376181191	0.000660043935791626	c3
AC026471.6	0.0075707196373761	0.00391713940676883	0.657354149548069	0.251237438128094	0.0488206368347848	c3
RBL2	6.37048987909043e-06	0.0934787801283042	53.9030402629417	49.8350082495875	9.95581103831508e-05	c3
GNAO1	0.000172471941605532	0.0216579204034269	4.60147904683648	2.77486125693715	0.00190283876897734	c3
TEPP	8.91419453176669e-06	0.0158067461993667	2.38290879211175	1.031198440078	0.000134447122002393	c3
TRADD	1.44405670795369e-12	0.130230131729126	39.2769104354971	31.6896655167242	6.32718422858148e-11	c3
RP11-5A19.5	0.00158416728605665	0.000675977816249476	0.0821692686935086	0.00374981250937453	0.0129335916007737	c3
SLC7A6	5.19790311507088e-07	0.0789644984473813	24.4864420706656	19.4127793610319	1.04248897356666e-05	c3
KIAA0513	2.04322322217033e-05	0.038793487307119	9.531635168447	6.50592470376481	0.000286732041848426	c3
RP11-542M13.3	0.000231220230962948	0.011993921014899	2.05423171733772	0.971201439928004	0.00244841147442808	c3
RPL13	1.26818243354136e-52	0.18530289445884	100	99.9925003749812	3.84956206448133e-50	c3
TLCD2	9.93930148920335e-06	0.0073218832360088	0.821692686935086	0.202489875506225	0.000148183550609388	c3
ARRB2	0.00423974977099464	0.0617328278178645	45.7682826622843	42.9503524823759	0.0298358664962183	c3
CXCL16	5.30695897874003e-05	0.0114302331058462	1.80772391125719	0.753712314384281	0.00067147080672049	c3
PER1	1.29170198568483e-21	0.110653767934707	17.6663927691044	9.67076646167692	1.19240018371684e-19	c3
LINC00324	1.17619427764136e-05	0.057257359014951	15.2834839769926	11.4594270286486	0.000172532390034166	c3
RPL26	0.0045962929582594	0.057972472547084	98.7674609695974	98.7700614969252	0.0318985571443033	c3
USP43	7.901860576453e-06	0.00184687458051462	0.164338537387017	0.00749962501874906	0.000120965602118586	c3
CTC-297N7.1	7.91483583337456e-06	0.00176540962179156	0.164338537387017	0.00749962501874906	0.000121054234484667	c3
HS3ST3B1	0.000248889162783231	0.0466651208462918	14.9548069022186	11.7406629668517	0.0026173756088696	c3
RP11-160E2.6	1.95441172177e-09	0.0417526164659451	6.49137222678718	3.31483425828709	5.93260797777644e-08	c3
RP11-138P22.1	0.00427751758911025	0.00153263614765991	0.164338537387017	0.0224988750562472	0.0299951462325663	c3
RPL23A	4.43176555973568e-28	0.149058094810874	100	99.9025048747563	5.61368078081707e-26	c3
CCL5	0.00170655318176859	0.460970504161687	91.0435497124076	63.6418179091045	0.0137712511204559	c3
CTB-75G16.3	0.00171530409016807	0.00174881836219689	0.164338537387017	0.0187490625468727	0.0138167477920447	c3
RPL19	1.24847671846274e-52	0.166168246082056	100	99.9925003749812	3.82419768653487e-50	c3
PTGES3L-AARSD1	1.24069204039596e-16	0.00343194085968439	0.328677074774035	0.00374981250937453	8.11725778817501e-15	c3
RPL27	6.263968023425e-08	0.0894521231153274	99.1783073130649	98.6725663716814	1.48319141659369e-06	c3
MPP2	0.00313940669281113	0.00348263215109274	0.410846343467543	0.108744562771861	0.0231870164637392	c3
RP11-156P1.2	2.85553892689054e-06	0.000968677111064304	0.0821692686935086	0	4.8442342737394e-05	c3
RP5-890E16.4	2.85553892689054e-06	0.00109281307742358	0.0821692686935086	0	4.8442342737394e-05	c3
HOXB6	0.000663245125595103	0.00528498594072908	0.57518488085456	0.15749212539373	0.0061596971504414	c3
ZNF652	0.000275692993485848	0.0381369158183382	11.0106820049302	8.16334183290835	0.00286173743761927	c3
RP11-304F15.3	0.000685429113740578	0.00333040255485471	0.410846343467543	0.0899955002249887	0.00634997210843416	c3
TOB1	3.98752613307012e-12	0.146915612726415	32.949876746097	25.6149692515374	1.66487863107391e-10	c3
MARCH10	0.00561688343694329	0.00361436521232076	0.57518488085456	0.19874006299685	0.0378965299408024	c3
TANC2	2.51387910428318e-05	0.00977891349287565	1.47904683648316	0.539973001349933	0.000343900294517732	c3
CYB561	1.2691786546735e-31	0.123358087128065	18.8167625308135	9.010799460027	1.89219936241456e-29	c3
ACE	1.3038688056992e-22	0.031645445574182	3.45110928512736	0.768711564421779	1.2624297568744e-20	c3
PRR29-AS1	0.000206663437287505	0.00323128228305061	0.328677074774035	0.0524973751312434	0.00222257192976866	c3
ICAM2	4.13498225387407e-18	0.160823748233252	41.9063270336894	31.8621568921554	2.98338526899428e-16	c3
ERN1	5.81510197438781e-39	0.242701813295974	42.810188989318	26.6799160041998	1.12605773520128e-36	c3
AXIN2	0.00770273859390069	0.00567480118195099	0.821692686935086	0.348732563371831	0.0495581581407084	c3
RP11-147L13.13	0.00734784710973948	0.0106410090911339	1.8898931799507	1.07244637768112	0.0475837710004924	c3
RPL38	1.50859906538206e-31	0.179315014535698	98.9317995069844	98.2150892455377	2.23923951140895e-29	c3
TTYH2	8.46612188762429e-05	0.0122931418600564	1.8898931799507	0.821208939553022	0.00101298831989209	c3
DNAI2	0.0012707480435239	0.00841424012463063	1.23253903040263	0.528723563821809	0.0108095391513492	c3
CD300A	3.25702936417846e-06	0.0426737854399936	10.7641741988496	7.26338683065847	5.45710330167226e-05	c3
CD300C	0.00158281849577354	0.00102503269070999	0.0821692686935086	0.00374981250937453	0.0129335916007737	c3
ST6GALNAC1	1.02759703122776e-06	0.00823450474087675	0.986031224322103	0.23998800059997	1.95725575863133e-05	c3
CTD-2246P4.1	0.00158281849577354	0.000923751665539116	0.0821692686935086	0.00374981250937453	0.0129335916007737	c3
RP11-936I5.1	4.05587659028581e-05	0.0297842082049525	6.49137222678718	4.10979451027449	0.000529274615929861	c3
CYTH1	8.48852361792481e-07	0.0929925880005796	39.2769104354971	34.0182990850457	1.63716264901178e-05	c3
USP36	0.00221829736488676	0.0471835064789219	20.8709942481512	17.9578521073946	0.0172124175311616	c3
SMCHD1	6.82243576391849e-06	0.0973396747544448	62.4486442070666	58.5195740212989	0.00010588445445853	c3
LPIN2	0.000741442391466705	0.0647981201382357	30.7313064913722	27.5461226938653	0.00679232189724828	c3
MTCL1	0.00158281849577354	0.000870194283055601	0.0821692686935086	0.00374981250937453	0.0129335916007737	c3
PRELID3A	0.00475559848334063	0.00389843440721155	0.493015612161052	0.153742312884356	0.0328216172260711	c3
LDLRAD4-AS1	0.00158416728605665	0.000851122290882666	0.0821692686935086	0.00374981250937453	0.0129335916007737	c3
TTC39C	0.00135675144389448	0.0659353477201556	45.2752670501233	42.5041247937603	0.0114572388848573	c3
TTC39C-AS1	1.40941590044594e-07	0.0356919456841382	5.42317173377157	2.84985750712464	3.13457817489277e-06	c3
RNF125	0.00280390832683009	0.0520852885797029	27.1980279375514	24.1675416229189	0.0210881444562976	c3
PSTPIP2	0.0034482685040845	0.0217286095986538	5.7518488085456	4.07979601019949	0.0250124015482057	c3
SMAD7	0.000311993696693291	0.0299325379205515	7.31306491372227	5.04349782510874	0.00318616826758021	c3
RAB27B	0.000181169395631506	0.0225103432548748	4.43714050944947	2.66236688165592	0.00198063647514859	c3
DSEL	0.000536838327419837	0.0189774932018627	4.19063270336894	2.56487175641218	0.00509240726466328	c3
CD226	3.28027866662215e-05	0.0659161914849199	22.7608874281019	18.8690565471726	0.000438420108659923	c3
PLCB1	7.47825007904824e-19	0.0552126575831911	7.80608052588332	3.14234288285586	5.73968469620619e-17	c3
CDK5RAP1	1.67511767157798e-08	0.0753310163845264	16.8447000821693	11.9956502174891	4.43025234114195e-07	c3
SNTA1	8.80102874452716e-07	0.0220456544409636	3.61544782251438	1.70991450427479	1.69452492867485e-05	c3
CEBPB	1.60405452887808e-08	0.10857170798444	41.4954806902219	35.2332383380831	4.24897903270583e-07	c3
C20orf197	0.00685030610414623	0.00379312440969903	0.493015612161052	0.161241937903105	0.0448792949393551	c3
RPS21	7.98544890424595e-73	0.231617083171408	100	99.8687565621719	4.07669265726762e-70	c3
NTSR1	0.00426582195106819	0.00228838930827145	0.164338537387017	0.0224988750562472	0.0299786416854983	c3
STMN3	8.83607322464635e-13	0.110448026595352	28.759244042728	20.8639568021599	3.94334637392363e-11	c3
GPX4	0.000148836599653544	0.0882693143149353	76.253081347576	71.6889155542223	0.00166774206475773	c3
RPS15	8.16309450628536e-30	0.117779651965827	100	99.9925003749812	1.11355184734728e-27	c3
TJP3	0.000268054936228448	0.0171694431690184	3.45110928512736	1.95365231738413	0.00279364151601649	c3
ZFR2	0.00016521838226038	0.00827274057536921	1.06820049301561	0.371231438428079	0.00182819972803982	c3
EEF2	2.44252561049585e-14	0.13784251150852	96.3023829087921	94.9377531123444	1.28994448150544e-12	c3
RPL36	3.28412967115194e-53	0.189542613131812	100	99.9137543122844	1.04391948245088e-50	c3
CRB3	0.00657039723171187	0.00832584195972144	1.64338537387017	0.884955752212389	0.0433051796888176	c3
CTB-133G6.1	0.000158652983757488	0.0522205751634592	21.5283483976993	17.380380980951	0.00176482457402601	c3
RPS28	7.10464880054816e-42	0.159906672066024	100	99.9962501874906	1.50555997915516e-39	c3
ILF3-AS1	0.00171351519989975	0.0567539640158628	29.3344289235826	26.0686965651717	0.0138141578466225	c3
JUNB	2.85512761120752e-59	0.589919231394057	93.5086277732128	85.341982900855	1.17317889917105e-56	c3
IER2	4.54864400665551e-09	0.185198890972116	53.6565324568611	48.3163341832908	1.29883060305297e-07	c3
CTD-3252C9.4	3.25876583007686e-37	0.326374558562065	49.0550534100247	33.7970601469926	5.96743781948966e-35	c3
CTB-55O6.13	0.000537264162150117	0.0056394595209401	0.657354149548069	0.191240437978101	0.00509347148155235	c3
DNAJB1	1.39059593478317e-14	0.252299678634075	83.5661462612983	77.6248687565622	7.48478265600384e-13	c3
PGLYRP2	0.000942276030795581	0.0269450064653543	5.66967953985209	3.83230838458077	0.00837484795083786	c3
CTD-2562J15.6	1.85629117043107e-28	0.100466537642803	15.0369761709121	6.73841307934603	2.3781701405515e-26	c3
KLF2	2.53203703522056e-148	0.92706090430139	83.9769926047658	57.6571171441428	5.68763039098143e-145	c3
CTD-2013N17.4	0.00158416728605665	0.000727319579552984	0.0821692686935086	0.00374981250937453	0.0129335916007737	c3
RPL18A	1.75200613897467e-42	0.157369115432919	100	99.9775011249438	3.78410864401361e-40	c3
ARRDC2	0.000531398885988125	0.0529004511903111	17.9129005751849	14.8530073496325	0.00505218794144579	c3
JUND	2.4612494806092e-09	0.12462405722882	42.0706655710764	35.8407079646018	7.33239080456644e-08	c3
UBA52	3.49367223545005e-12	0.0886436272272726	99.7534921939195	99.4375281235938	1.4677779588685e-10	c3
TMEM59L	0.00171452817914744	0.00165834650605785	0.164338537387017	0.0187490625468727	0.0138167477920447	c3
PBX4	7.71705296426063e-07	0.0889461271081295	30.8134757600657	25.8474576271186	1.50212814891853e-05	c3
AC002306.1	2.04711356987433e-06	0.0117005058782101	1.31470829909614	0.3974801259937	3.65142639615382e-05	c3
RP11-678G14.3	2.85553892689054e-06	0.000993708130321608	0.0821692686935086	0	4.8442342737394e-05	c3
ZNF208	7.34449786324368e-08	0.0194481967720955	2.46507806080526	0.914954252287386	1.70901595997329e-06	c3
TDRD12	8.94753471732621e-07	0.00350663551126482	0.328677074774035	0.0299985000749962	1.72076618016889e-05	c3
FXYD1	3.98623387120478e-07	0.0457007945387408	10.1068200493016	6.48342582870857	8.17979074642959e-06	c3
FXYD7	7.04702840727607e-05	0.0445073338736089	12.0788824979458	8.87580620968952	0.000861860526877532	c3
FXYD5	1.0667743366275e-52	0.303615182869827	98.1922760887428	94.4315284235788	3.29760499984652e-50	c3
LSR	3.55736716604782e-13	0.103153490954417	24.8972884141331	17.1628918554072	1.65326799024573e-11	c3
SPINT2	1.97729505094433e-22	0.129460166501227	25.1437962202136	15.2092395380231	1.89809058252188e-20	c3
ZFP36	1.03742421426711e-70	0.643113146526129	92.5225965488907	82.5746212689366	5.06593789500232e-68	c3
RPS16	3.65479621189484e-21	0.118670511835945	99.9178307313065	99.8387580620969	3.27512509477619e-19	c3
SERTAD1	1.36467011602201e-07	0.0852202551775475	26.4585045193098	20.7514624268787	3.04511224432089e-06	c3
HNRNPUL1	8.60205067188353e-07	0.0962959993779355	46.6721446179129	40.7117144142793	1.65716120833873e-05	c3
RPS19	5.41994236028589e-106	0.279164676985432	100	99.9850007499625	5.21770108249922e-103	c3
PLAUR	4.00268480693576e-14	0.031042928583203	3.86195562859491	1.27868606569672	2.04653204681174e-12	c3
FOSB	1.49680074264537e-72	0.419403309096576	56.2037797863599	34.3670316484176	7.52734391383481e-70	c3
MEIS3	6.2822853796045e-09	0.00533429861257325	0.493015612161052	0.0487475626218689	1.75664168946385e-07	c3
GLTSCR2	3.86831754639463e-33	0.254658059934441	92.7691043549712	86.3656817159142	6.14807034944437e-31	c3
EMP3	2.16734264039866e-07	0.140808258356063	84.2235004108463	76.8749062546873	4.651365791439e-06	c3
RPL18	6.83051590389088e-49	0.169180166293561	100	99.9287535623219	1.84117922292559e-46	c3
PPP1R15A	6.7837030331501e-34	0.300835591599459	63.9276910435497	50.1087445627719	1.12596103447763e-31	c3
FTL	1.51318406675641e-28	0.220929067995896	99.2604765817584	97.937603119844	1.94600091394239e-26	c3
LHB	0.000513143837826911	0.00233287479903432	0.164338537387017	0.0149992500374981	0.00490059672222043	c3
FLT3LG	6.86786104140507e-36	0.272938623090219	63.7633525061627	48.7325633718314	1.20523807254741e-33	c3
RPL13A	2.61927544106053e-17	0.117298000109475	99.506984387839	99.5387730613469	1.79013928420068e-15	c3
NOSIP	1.39280679862049e-22	0.217729195636651	56.3681183237469	47.116394180291	1.34467714248478e-20	c3
IL4I1	5.54379006665217e-18	0.0473395181207367	6.16269515201315	2.27988600569972	3.9743077128889e-16	c3
ZNF677	4.97148402292767e-05	0.0277130194625739	6.08052588331964	3.80605969701515	0.000633065694136526	c3
MYADM	5.3336919236885e-13	0.145383126396345	31.9638455217749	24.0250487475626	2.43844526020028e-11	c3
RPS9	2.39175886113277e-32	0.174398138060582	99.7534921939195	99.3775311234438	3.67981383867615e-30	c3
LAIR1	7.60290812704163e-13	0.0890418484778562	18.9811010682005	12.3518824058797	3.40654769192208e-11	c3
NLRP7	0.00158281849577354	0.000942535502561827	0.0821692686935086	0.00374981250937453	0.0129335916007737	c3
RPL28	3.35269224130291e-11	0.0799766672327618	100	99.9925003749812	1.29845531469495e-09	c3
ZSCAN18	7.12812879566752e-06	0.0392586630301223	9.03861955628595	5.96595170241488	0.000110071114409359	c3
RPS5	1.24834585379777e-49	0.204661527869034	99.5891536565325	99.4150292485376	3.47617894197207e-47	c3
LA16c-60D12.1	2.85553892689054e-06	0.000789122760361989	0.0821692686935086	0	4.8442342737394e-05	c3
DGCR6L	0.000532814991466215	0.0647648260706822	40.6737880032868	37.2918854057297	0.00506422237587098	c3
GGT2	0.00158416728605665	0.000870938297383009	0.0821692686935086	0.00374981250937453	0.0129335916007737	c3
KB-1440D3.14	2.85553892689054e-06	0.00146852159883471	0.0821692686935086	0	4.8442342737394e-05	c3
XBP1	8.25856684482091e-38	0.267417189600964	52.834839769926	37.7981100944953	1.54591195149664e-35	c3
CTA-292E10.6	6.17956399505734e-05	0.0379681994213448	9.12078882497946	6.32593370331483	0.000769169668450173	c3
RP4-539M6.22	4.72862398317591e-08	0.0299805883165341	4.27280197206245	1.99490025498725	1.15537531899296e-06	c3
PIK3IP1	1.26661087877208e-05	0.107735667433943	73.7058340180772	68.2353382330884	0.000184510103542354	c3
RP1-90G24.11	2.85553892689054e-06	0.001322989498606	0.0821692686935086	0	4.8442342737394e-05	c3
EIF3L	0.000137485877671556	0.0757033800969531	70.6655710764174	67.8603569821509	0.00155242934392273	c3
RPL3	5.25786627306375e-77	0.296045555856095	99.835661462613	99.7637618119094	2.85739590652597e-74	c3
SMDT1	0.000766745369812993	0.0760551054956894	65.5710764174199	63.0680965951702	0.00699777653374941	c3
RNU12	0.00584640465349212	0.0348216909320145	9.61380443714051	7.60086995650217	0.0391575294828207	c3
CERK	2.9034525304802e-05	0.0632213143963676	19.391947411668	15.4717264136793	0.000392729544608591	c3
CTA-29F11.1	6.64587221742594e-06	0.0621528764393142	17.0912078882498	12.9893505324734	0.0001033345724476	c3
LL22NC03-75H12.2	7.25211351286068e-08	0.011994349130383	1.47904683648316	0.412479376031198	1.69219330126266e-06	c3
CTA-384D8.33	0.00158281849577354	0.000970659005275049	0.0821692686935086	0.00374981250937453	0.0129335916007737	c3
AP000266.7	0.00158281849577354	0.000844186189916311	0.0821692686935086	0.00374981250937453	0.0129335916007737	c3
ERVH48-1	0.00485321116975185	0.00204590364042017	0.246507806080526	0.0487475626218689	0.0333586489501467	c3
PRMT2	0.000305074835071803	0.0771726942267595	56.5324568611339	53.6935653217339	0.003127225887712	c3
MT-ND1	4.00750927068117e-104	0.427212506115459	99.835661462613	98.5713214339283	3.4622824965726e-101	c3
MT-ND2	5.36408302826621e-100	0.458186020572206	99.0139687756779	94.9452527373631	4.20319566405585e-97	c3
MT-CO1	2.60995170470431e-49	0.248348725009849	100	99.8387580620969	7.20817317527108e-47	c3
MT-CO2	1.74850222420117e-57	0.242015642896149	100	99.9137543122844	6.61955437553195e-55	c3
MT-ATP8	4.90012013409526e-51	0.286195041214262	99.9178307313065	98.938803059847	1.43569258954961e-48	c3
MT-ATP6	3.07220215613993e-48	0.303267368794196	99.9178307313065	99.298785060747	8.2154586864269e-46	c3
MT-CO3	3.16529945404222e-140	0.461112698782963	100	99.5725213739313	5.61324209497361e-137	c3
MT-ND3	7.26054964428732e-98	0.371102001696656	100	99.2725363731813	5.55993090260493e-95	c3
MT-ND4L	4.70075700056542e-81	0.302962908862541	100	99.8350082495875	2.73081562719054e-78	c3
MT-ND4	1.55082349766946e-40	0.291998971740964	98.9317995069844	95.9464526773661	3.12894891799251e-38	c3
MT-ND5	3.61329435986081e-75	0.371049776765211	99.3426458504519	96.6214189290535	1.90228656501797e-72	c3
MT-ND6	2.13421894176763e-08	0.129891938389164	59.3262119967132	53.7610619469027	5.54009037164242e-07	c3
MT-CYB	1.2401655410885e-155	0.510119824496495	99.9178307313065	99.5537723113844	4.17861377414359e-152	c3
