gene	p_val	avg_log2FC	pct.1	pct.2	p_val_adj	cluster
RP5-857K21.4	4.0524089640451e-05	0.00688451216171739	0.704225352112676	0.106160998645532	0.00118218067216048	c26
TTLL10	0.00115065433020428	0.000976368477235737	0.176056338028169	0.0109821722736757	0.0204827316373358	c26
TNFRSF14	0.0017763214747825	0.107975233608447	61.7957746478873	52.3154079877	0.0291673371205271	c26
RPL22	1.98427442597406e-52	0.318785518768836	99.8239436619718	99.2422301131164	1.07835713723823e-49	c26
RNF207	0.00206183237587035	0.0202309975975815	4.04929577464789	2.14518431745799	0.033050133240997	c26
TNFRSF25	0.00204703573875282	0.0604323284808975	32.3943661971831	25.5372112603873	0.032859848585773	c26
RP4-633I8.4	0.000124506424264443	0.00174598338507207	0.176056338028169	0.00732144818245049	0.00313771088942868	c26
RP5-1113E3.3	1.8670729695911e-09	0.00220764452679614	0.352112676056338	0.0109821722736757	1.15854800437205e-07	c26
RP4-635E18.9	0.000124506424264443	0.00175261226240861	0.176056338028169	0.00732144818245049	0.00313771088942868	c26
PTCHD2	0.00304278260927443	0.00307266784435983	0.352112676056338	0.0512501372771534	0.0455914351222101	c26
DHRS3	3.77099396265354e-24	0.156266921138279	26.9366197183099	12.1536039828678	7.74755308400296e-22	c26
UQCRHL	1.26704832452009e-05	0.0928875918099755	36.443661971831	26.7415894864004	0.000413032613042435	c26
RP11-108M9.4	3.71896000655643e-07	0.0492152666029758	9.6830985915493	4.9163524545155	1.65094385323995e-05	c26
RP4-745E8.2	0.000585641899966635	0.00616588720104466	0.704225352112676	0.139107515466559	0.0118871193840216	c26
TCEA3	1.20277485780792e-13	0.0478863331776167	7.3943661971831	2.42339934839111	1.27441182575409e-11	c26
RP1-150O5.3	0.00114860107106753	0.00157336668621767	0.176056338028169	0.0109821722736757	0.0204827316373358	c26
MDS2	1.98752423690337e-14	0.0686194293923886	11.0915492957746	4.31233297946334	2.24723629658464e-12	c26
RPL11	4.20401934636132e-84	0.320044856452877	100	99.9780356554526	1.0117873418307e-80	c26
RCAN3	0.000338010453919435	0.0733182014123357	36.6197183098592	27.8434674378592	0.00740502225901264	c26
LDLRAP1	6.68537113620134e-11	0.146588620689525	41.5492957746479	27.6384668887506	4.9725583899154e-09	c26
UBXN11	5.71341307895356e-10	0.111810270011837	27.4647887323944	16.9308489219168	3.81907469195489e-08	c26
CD52	0.00122334089382176	0.14307870780119	99.8239436619718	97.4741003770546	0.0214125964033404	c26
RP3-476K8.3	0.00115065433020428	0.00170119089641784	0.176056338028169	0.0109821722736757	0.0204827316373358	c26
RP11-467D18.2	4.07141268363747e-12	0.00224501960334521	0.176056338028169	0	3.46419643844649e-10	c26
AKIRIN1	0.000112013102952367	0.100116859885032	43.1338028169014	34.7183072811802	0.0029393843386893	c26
PABPC4	6.65652300372059e-07	0.0958084294515194	31.6901408450704	21.9863088918988	2.81411400360554e-05	c26
ZMYND12	0.000171287638197744	0.00586856933298885	0.880281690140845	0.179375480470037	0.00409898130783721	c26
C1orf228	0.00237380902969807	0.045125125985407	26.4084507042254	20.1266610535564	0.0371151375622491	c26
RPS8	7.88840324675232e-63	0.299659786430037	100	99.9926785518175	6.81517587169417e-60	c26
PLK3	0.000210449632988705	0.0697427273568924	30.8098591549296	23.0918475674488	0.00488017201233408	c26
CMPK1	5.92210227227349e-06	0.144941545402574	62.3239436619718	50.0713841197789	0.000205076376117146	c26
SPATA6	6.74850628165908e-06	0.0119119724791221	1.58450704225352	0.3770545813962	0.000232024663932878	c26
ZFYVE9	0.00170343352972622	0.0160099825267451	3.34507042253521	1.62902222059523	0.0281764797990158	c26
FAM159A	0.000369687543365872	0.059220671747544	22.3591549295775	16.2938829300436	0.00800461003539286	c26
JUN	0.00341228245588766	0.163278578478879	88.556338028169	82.3955778452978	0.0499016688666141	c26
RP11-467C18.1	4.07141268363747e-12	0.0020055077007764	0.176056338028169	0	3.46419643844649e-10	c26
INADL	0.00268563516713965	0.033667823605027	11.6197183098592	8.03895010433064	0.0412254174585892	c26
DOCK7	0.000159823961043737	0.0194901258986764	3.34507042253521	1.42036094739539	0.00387139363293147	c26
DNAJB4	0.000913006389841457	0.0520372646031811	17.6056338028169	12.6551231833657	0.0171763469007918	c26
MCOLN3	0.000656850749100959	0.00271911131208936	0.352112676056338	0.0402679650034777	0.013111332429033	c26
ODF2L	0.000300137305675422	0.0879877142794269	44.1901408450704	34.7695574184574	0.0066972360115415	c26
LINC01364	4.07141268363747e-12	0.00178339982796758	0.176056338028169	0	3.46419643844649e-10	c26
FLJ27354	0.00339293305482926	0.0229409325727093	5.98591549295775	3.62045612622177	0.0496618098824575	c26
RPL5	1.59351346022289e-56	0.340697073925035	100	99.5424094885968	1.01305363261793e-53	c26
CDC14A	3.62779470643607e-16	0.172429574638128	38.9084507042254	23.4579199765714	4.73778739684716e-14	c26
RP11-421L21.3	0.000314606927676992	0.0259725505564569	6.86619718309859	3.85108174396896	0.00697523881866249	c26
RP4-575N6.4	2.77861510309748e-19	0.0654336957505634	8.27464788732394	2.35384559065783	4.41616307942294e-17	c26
S1PR1	8.86227702071708e-39	0.261699191287662	41.1971830985916	18.380495662042	3.28137980149496e-36	c26
C1orf194	0.00117462904638778	0.00359095529687646	0.352112676056338	0.0439286890947029	0.0207677620793154	c26
GNAT2	1.5747920572753e-06	0.00182019108912591	0.176056338028169	0.00366072409122524	6.04339904075559e-05	c26
GSTM2	0.00119260164222796	0.0241959900643009	5.80985915492958	3.31661602665007	0.0210274828535997	c26
KCNA3	1.88718866313311e-05	0.0764442771451163	31.3380281690141	22.0595233737233	0.000589313575677543	c26
C1orf162	1.99172795745936e-59	0.353045499987651	43.8380281690141	17.4836182596918	1.52521094996899e-56	c26
CSDE1	0.000432344214684416	0.125037777564649	73.4154929577465	63.7478493245964	0.00914463651574181	c26
ATP1A1	0.00110444823907469	0.094420788716865	49.2957746478873	41.0623421312736	0.0201370557182806	c26
RP11-344P13.6	0.000209942257408152	0.00589294202475232	0.704225352112676	0.124464619101658	0.0048717592431889	c26
LIX1L	4.75942083958907e-06	0.0986900095244018	38.3802816901408	28.4657905333675	0.000168449501858313	c26
TXNIP	6.91641785790506e-66	0.731700055090074	98.2394366197183	93.7548047003697	6.85417009718392e-63	c26
RP11-326G21.1	2.98616681840959e-05	0.0159296009789074	2.2887323943662	0.739466266427499	0.000893569314205088	c26
LINC00869	0.00167717378719448	0.0507521101736794	27.2887323943662	20.4707691181316	0.0279065153509782	c26
RP11-404E16.1	0.000124357935635676	0.00172324103146701	0.176056338028169	0.00732144818245049	0.00313771088942868	c26
THEM4	1.09560188214736e-12	0.162768314033308	44.7183098591549	28.9673097338654	1.08255747264144e-10	c26
S100A10	5.92550173760953e-07	0.212290717910831	95.5985915492958	83.4315627631145	2.53367836988598e-05	c26
S100A11	1.17766995100895e-27	0.444629301102309	96.6549295774648	79.1961049895669	2.91767730362467e-25	c26
RPS27	1.6691536478524e-34	0.218756253150918	100	100	5.06670837934583e-32	c26
ATP8B2	0.00128418177277811	0.0313913395255454	12.3239436619718	8.2805578943515	0.0222922311447633	c26
IL6R	2.83752154555248e-30	0.195716425438916	32.3943661971831	14.6245927444449	7.77296349234516e-28	c26
PBXIP1	0.000130286745332011	0.115797048543102	58.9788732394366	46.9268221254164	0.00325658872197091	c26
SSR2	0.000438972429616784	0.122573694002692	89.9647887323944	82.9117399421606	0.00925578037766452	c26
CD48	1.12147608157171e-12	0.24099256825018	90.3169014084507	80.3711974228502	1.10488348223618e-10	c26
HSPA6	7.47362209026561e-12	0.175831295211352	9.85915492957746	4.11099315444595	6.18713077910097e-10	c26
SELL	1.37430687721728e-17	0.360417249457416	69.1901408450704	51.7699600981074	1.98737750733729e-15	c26
RP11-160H22.3	0.000333643891033793	0.00296032674972369	0.352112676056338	0.0366072409122524	0.00732364642637956	c26
GLUL	9.81374288995558e-17	0.177147230936525	37.3239436619718	21.6751473441447	1.3279688872858e-14	c26
NCF2	0.000237977687880709	0.0130761561978305	2.11267605633803	0.74678771460995	0.00544729634201944	c26
LINC01036	0.00152031860411621	0.00530052069280806	0.528169014084507	0.0951788263718564	0.0257803799935036	c26
RGS18	4.35393284405246e-06	0.0119626349634777	1.76056338028169	0.435626166855804	0.000154911735213837	c26
CFH	1.49347584434245e-12	0.0406769210039053	5.28169014084507	1.51920049785848	1.45017795675143e-10	c26
F13B	4.07141268363747e-12	0.00146500748833154	0.176056338028169	0	3.46419643844649e-10	c26
CRB1	0.00114860107106753	0.00220989850131213	0.176056338028169	0.0109821722736757	0.0204827316373358	c26
NUAK2	0.000695164753511525	0.024993144038463	6.51408450704225	3.7119742285024	0.0137619748559444	c26
C1orf186	5.8168092781156e-05	0.00753164665282963	0.704225352112676	0.109821722736757	0.00164009683528726	c26
EIF2D	0.00158455576109158	0.040209286268132	15.4929577464789	11.0956547205037	0.0266816700720739	c26
CD55	2.42441351353421e-06	0.07883731550891	24.8239436619718	16.5977230296153	9.02631921823443e-05	c26
RP11-61J19.5	5.0303226377864e-05	0.0187812941791698	3.52112676056338	1.4350038437603	0.00144335785207911	c26
MARK1	0.000124506424264443	0.00170808191259327	0.176056338028169	0.00732144818245049	0.00313771088942868	c26
TP53BP2	4.37446477274186e-06	0.063983594581474	15.3169014084507	9.51788263718564	0.000155384748348162	c26
TMEM63A	1.19072063548722e-09	0.0924927415564203	23.0633802816901	13.537357689351	7.65651547559281e-08	c26
PRSS38	1.57197048007424e-06	0.00122666961639182	0.176056338028169	0.00366072409122524	6.04339904075559e-05	c26
CCSAP	0.00121388508955719	0.0173561090742219	2.99295774647887	1.37643225830069	0.021269185755351	c26
MAP10	0.0028042331646568	0.0106740933290119	1.93661971830986	0.794377127795878	0.0428312929510182	c26
ACTN2	0.000124357935635676	0.00151457106940333	0.176056338028169	0.00732144818245049	0.00313771088942868	c26
GREM2	2.42031836968268e-10	0.018932261035234	2.2887323943662	0.439286890947029	1.67798780140099e-08	c26
EFCAB2	2.70950105164122e-07	0.0615609824370674	13.3802816901408	7.49350221473807	1.24209426440815e-05	c26
NLRP3	1.63669198118607e-05	0.0357174443369829	7.3943661971831	3.81813522714793	0.000518783627601915	c26
OR2L13	0.00258001157488016	0.00439072591963106	0.528169014084507	0.102500274554307	0.039894864618638	c26
SH3YL1	7.88075369137409e-16	0.112375209464883	22.1830985915493	11.0663689277739	9.94509793547411e-14	c26
ADI1	0.000357078544373964	0.0620785462285002	28.169014084507	20.9942526631768	0.00776720753656316	c26
RPS7	2.34651277407651e-21	0.148207877382541	100	99.9487498627228	4.16123165314389e-19	c26
COLEC11	0.000124506424264443	0.00151929539160818	0.176056338028169	0.00732144818245049	0.00313771088942868	c26
RP11-439M11.1	0.000124506424264443	0.00106495376840258	0.176056338028169	0.00732144818245049	0.00313771088942868	c26
RNF144A	2.20077016790757e-05	0.0382970538169849	9.6830985915493	5.44349672365194	0.000674729299704075	c26
BIRC6-AS2	4.07141268363747e-12	0.00197451857075878	0.176056338028169	0	3.46419643844649e-10	c26
LINC00486	1.57197048007424e-06	0.00214676850011682	0.176056338028169	0.00366072409122524	6.04339904075559e-05	c26
ZFP36L2	5.88074293991786e-23	0.377367064201322	100	97.3057070688582	1.1322614435291e-20	c26
RPS27A	2.63496885398185e-84	0.321844235798618	100	99.9816963795439	7.04474535270028e-81	c26
CFAP36	1.69210585304244e-07	0.0883458324564295	26.056338028169	17.0736171614745	7.95171751916484e-06	c26
LINC00309	4.87544435540103e-06	0.0193923617656847	2.99295774647887	1.01035984917817	0.000172013845142285	c26
FBXO48	3.07411193859095e-06	0.0286702562386074	5.28169014084507	2.27330966065088	0.000112586008324873	c26
AAK1	0.000858295067579257	0.102623403631328	57.0422535211268	46.5753926126588	0.0162926163419806	c26
TLX2	0.00304906473827274	0.0023639309738443	0.352112676056338	0.0512501372771534	0.0456195325450097	c26
LINC01293	0.000124506424264443	0.00171001763019886	0.176056338028169	0.00732144818245049	0.00313771088942868	c26
TRABD2A	5.72488733936727e-31	0.172998387744943	27.9929577464789	11.5898524728191	1.60745295010534e-28	c26
TMSB10	4.20019349939413e-08	0.102069261516866	100	99.967053483179	2.17390660166798e-06	c26
MAL	3.81153971717511e-51	0.332073552087791	49.4718309859155	21.7080938609657	1.97578491123843e-48	c26
MGAT4A	1.20807044441203e-09	0.14081160262205	42.7816901408451	29.1430244902442	7.75328105790836e-08	c26
RPL31	3.3729944156819e-24	0.236701307906042	99.2957746478873	97.4228502397774	7.01541196555468e-22	c26
RFX8	0.0032628636620297	0.00481789629663236	0.528169014084507	0.106160998645532	0.0482399860589859	c26
NCK2	0.00305552851804279	0.0456338501118949	20.9507042253521	15.8143280740931	0.0456959511260247	c26
SEPT10	0.000126974018822317	0.0104134140621092	1.40845070422535	0.380715305487425	0.00319276763954751	c26
FBLN7	1.45473926708004e-16	0.166482152828528	35.387323943662	20.3865724640334	1.95282808227071e-14	c26
ZC3H6	0.00297010547554042	0.0550889546513118	24.6478873239437	19.2846945125746	0.0447561421703305	c26
MZT2A	0.000801423978993992	0.117065720707755	63.3802816901408	52.1579968517773	0.0154480432198075	c26
MGAT5	0.00256692962163208	0.0294035831326677	13.0281690140845	9.03832778123513	0.0397473008599593	c26
LCT	1.5747920572753e-06	0.00182692201335537	0.176056338028169	0.00366072409122524	6.04339904075559e-05	c26
CXCR4	0.00103881399442442	0.174256131075348	97.5352112676056	92.166050444778	0.0191475923020441	c26
ARHGAP15	3.93606396664648e-20	0.304040987761163	77.4647887323944	60.0724823370063	6.53309060552643e-18	c26
ACVR2A	1.95034590608275e-11	0.0457952199965542	7.21830985915493	2.5954533806787	1.5003414374327e-09	c26
EPC2	0.000622388266704276	0.0312350389440528	7.57042253521127	4.52099425266318	0.0125498206213847	c26
ACVR1C	1.69945778193678e-06	0.0205376535833659	3.16901408450704	1.05062781418165	6.48488454185481e-05	c26
DPP4	1.58761744086772e-08	0.0729480593861731	15.8450704225352	8.79671999121426	8.6980783825361e-07	c26
AC074363.1	4.07141268363747e-12	0.00161329354942688	0.176056338028169	0	3.46419643844649e-10	c26
ITGA6	6.54952129836319e-10	0.0891239645049506	18.6619718309859	10.3635099022587	4.352654252999e-08	c26
AC078883.4	9.03424308701179e-17	0.003532825347376	0.528169014084507	0.0109821722736757	1.22741849424909e-14	c26
SLC40A1	7.3687181667173e-51	0.163414344546805	19.5422535211268	5.13965662408024	3.65882633279061e-48	c26
AC020571.3	3.31372993498422e-25	0.0881045267126246	11.6197183098592	3.42643774938683	7.39422625359988e-23	c26
AC013264.2	8.64015819203131e-12	0.0784611642667866	14.2605633802817	6.79430391331405	7.08324793484922e-10	c26
RP11-686O6.1	0.00114757571192868	0.00148125246388492	0.176056338028169	0.0109821722736757	0.0204827316373358	c26
EEF1B2	7.80679134430053e-53	0.402265986293307	99.6478873239437	97.3386535856793	4.31216438614528e-50	c26
ADAM23	1.44038476703048e-17	0.0304448544916482	3.52112676056338	0.596698026869715	2.07403095471474e-15	c26
RPL37A	6.29067737203591e-35	0.254926240538031	100	99.4325877658601	1.92689166703071e-32	c26
AC053503.4	1.80397251857138e-05	0.00420347343162325	0.352112676056338	0.0256250686385767	0.00056700606381291	c26
DOCK10	0.000644248837627264	0.0799013220385865	38.556338028169	30.4682066112677	0.0129287196754098	c26
NPPC	5.78309234290691e-05	0.00279668333181788	0.352112676056338	0.029285792729802	0.00163332366640323	c26
AC097713.4	0.000198132429125373	0.0186350691152614	4.57746478873239	2.20009517882637	0.00464570220386243	c26
AC107079.1	0.000124357935635676	0.00172606147523843	0.176056338028169	0.00732144818245049	0.00313771088942868	c26
PASK	2.86522496823621e-17	0.233524316054065	48.2394366197183	30.4462422667204	4.03936778576364e-15	c26
IL5RA	2.82600011707329e-05	0.0212637745397856	3.34507042253521	1.29589632829374	0.000850171856648815	c26
GRM7-AS1	4.07141268363747e-12	0.00157003682271213	0.176056338028169	0	3.46419643844649e-10	c26
RPL32	2.48119682160328e-86	0.336768859189379	100	99.9780356554526	8.3601445707101e-83	c26
WNT7A	9.80135773600412e-11	0.023505342266586	3.69718309859155	0.948127539627338	7.13276344615384e-09	c26
SH3BP5	1.79261137457953e-17	0.168203093173133	33.8028169014084	19.1382655489256	2.5485336563326e-15	c26
BTD	1.26985726000208e-06	0.0574742111012001	12.6760563380282	7.26287659699088	5.09363934744169e-05	c26
ANKRD28	2.0769610056044e-05	0.0653733132005591	17.4295774647887	11.4507449573526	0.000639681207704157	c26
SATB1	2.38183109396008e-05	0.0774918762838134	24.8239436619718	17.5604934656075	0.000724963115446169	c26
RPL15	5.22302412293707e-29	0.187392610706054	100	99.82062451953	1.36422151006389e-26	c26
CMTM8	1.46551591528309e-56	0.281652298553234	37.6760563380282	13.943698063477	9.495979471067e-54	c26
CMTM7	0.00156319328283507	0.0900179804604395	48.7676056338028	40.4473404839477	0.0263746792548047	c26
CCR4	0.00253247118717225	0.0432462619519774	15.669014084507	11.3958340959842	0.0393040461449019	c26
CRTAP	7.633028382455e-06	0.0967149417438941	39.2605633802817	28.5829337042867	0.000259000260139415	c26
SCN11A	0.00115065433020428	0.00137097346429275	0.176056338028169	0.0109821722736757	0.0204827316373358	c26
RPSA	8.76213520904603e-71	0.348553558824672	100	99.6558919354248	1.2836147118852e-67	c26
RPL14	2.1555992285498e-62	0.279578551422312	100	99.9414284145404	1.81576901016892e-59	c26
VIPR1	2.1109515174682e-07	0.0359286296438434	5.98591549295775	2.49295310612439	9.81053799028599e-06	c26
VIPR1-AS1	0.00115065433020428	0.00163050570591375	0.176056338028169	0.0109821722736757	0.0204827316373358	c26
TGM4	1.5747920572753e-06	0.00183645250248951	0.176056338028169	0.00366072409122524	6.04339904075559e-05	c26
CCR9	8.29161254346258e-08	0.00703827105504576	0.704225352112676	0.0658930336420544	4.06072082906146e-06	c26
RP13-131K19.7	0.00194993008782653	0.00329900662960379	0.352112676056338	0.0475894131859282	0.0315706145325822	c26
IMPDH2	0.000758444964786852	0.0609020219700601	30.8098591549296	23.3590804261083	0.0148059354829248	c26
DOCK3	0.000210694760708315	0.00606021468432029	0.704225352112676	0.124464619101658	0.00488249605729435	c26
ABHD14B	0.000424633204977129	0.10148081708113	54.5774647887324	44.8658344620566	0.00901549540548166	c26
RPL29	2.59086230689803e-54	0.256541411645586	100	99.9304462422667	1.50511232014866e-51	c26
SFMBT1	2.87126892624538e-14	0.0965411073871814	17.7816901408451	8.57341582164952	3.19288895052514e-12	c26
ATXN7	0.000911001266143376	0.0672912652198984	30.2816901408451	23.3920269429293	0.0171673806831291	c26
FAM19A1	4.94955024739162e-06	0.0122499636666747	1.76056338028169	0.439286890947029	0.000174263475481309	c26
FOXP1	2.86680217137509e-06	0.134161227617358	54.0492957746479	41.7725226049713	0.000105567248483401	c26
FOXP1-AS1	1.57197048007424e-06	0.00144181264064438	0.176056338028169	0.00366072409122524	6.04339904075559e-05	c26
MTRNR2L12	2.58910060538524e-08	0.227645432635894	72.1830985915493	54.9401471611085	1.38471675869604e-06	c26
CRYBG3	4.6824460933823e-08	0.0272241954779239	3.52112676056338	1.07625288282022	2.40137501781466e-06	c26
RP11-389G6.4	0.000124209613953337	0.00209697226406557	0.176056338028169	0.00732144818245049	0.00313771088942868	c26
GPR15	1.03415549822298e-06	0.0159339208479791	1.93661971830986	0.472233407768057	4.22361640692427e-05	c26
RPL24	2.10919981841484e-18	0.155006217914071	99.8239436619718	99.6851777281546	3.15855016362976e-16	c26
LINC00636	4.07141268363747e-12	0.00186623715446128	0.176056338028169	0	3.46419643844649e-10	c26
LINC01215	7.43252905603858e-14	0.0625668797478634	10.9154929577465	4.27938646264231	7.97552974567401e-12	c26
TRAT1	1.40525883949403e-11	0.197797194270096	58.8028169014084	41.2819855767471	1.11147397506836e-09	c26
C3orf52	0.00254580494528667	0.00707622711293215	1.05633802816901	0.318482995936596	0.0394927955002252	c26
GCSAM	5.3738109727628e-19	0.087345531222011	13.9084507042254	5.23849617454332	8.42163660075673e-17	c26
RP11-572C15.5	1.34127307348753e-09	0.00748659037151444	0.880281690140845	0.0805359300069554	8.52695376190358e-08	c26
RP11-384F7.1	2.28237475695511e-15	0.0037795265676748	0.352112676056338	0.00366072409122524	2.79644854766711e-13	c26
PFN2	1.43313760930951e-07	0.0306838536177504	4.57746478873239	1.66562946150749	6.81073887278907e-06	c26
SERP1	1.96880636365315e-12	0.241571669577596	89.2605633802817	76.2675257165867	1.90077253916702e-10	c26
GPR171	4.75705313662866e-56	0.4501325521605	57.0422535211268	28.8282022183988	2.91425724337393e-53	c26
P2RY14	1.51652778642238e-10	0.0349686130156687	4.04929577464789	1.12018157191492	1.07801449864379e-08	c26
RAP2B	2.52675116972321e-05	0.0700455003852699	26.5845070422535	18.706300106161	0.000764926809637502	c26
TIPARP	7.62069478509521e-11	0.101980643922647	24.2957746478873	14.0169125453015	5.6309581159868e-09	c26
PTX3	1.57197048007424e-06	0.00229991066523088	0.176056338028169	0.00366072409122524	6.04339904075559e-05	c26
PPP1R2	6.74822629468875e-13	0.252831039963392	84.6830985915493	74.6897536332687	6.74702483006655e-11	c26
RPL35A	2.08724991062505e-50	0.239788368095897	100	99.9487498627228	1.01924345635653e-47	c26
SPON2	2.00162202617471e-05	0.0648548507383655	21.4788732394366	14.4781637807958	0.000621018900091444	c26
NSG1	2.71971241979365e-07	0.0619281075187467	12.5	6.88216129150346	1.24508138957238e-05	c26
RP11-539L10.3	0.00330633686577972	0.0168720943908593	4.40140845070423	2.44170296884724	0.0486691631085985	c26
RP11-689P11.3	4.07141268363747e-12	0.00160949975974227	0.176056338028169	0	3.46419643844649e-10	c26
BST1	0.00116960012763437	0.00375703648984435	0.352112676056338	0.0439286890947029	0.0207522415484531	c26
LINC01258	0.00114757571192868	0.00175185269414405	0.176056338028169	0.0109821722736757	0.0204827316373358	c26
KLF3	5.17801253903268e-20	0.17411652597027	34.5070422535211	18.2853168356701	8.51063192634962e-18	c26
RP11-360F5.3	0.00117239150971634	0.00341045710822617	0.352112676056338	0.0439286890947029	0.0207664788597545	c26
RPL9	2.56053422015166e-73	0.412360029558716	100	99.6046417981477	4.10831619113286e-70	c26
SMIM14	0.000189045677281077	0.0395460624495887	14.0845070422535	9.10056009078596	0.00444811805189149	c26
RP11-121C2.3	0.00115065433020428	0.00147931694451813	0.176056338028169	0.0109821722736757	0.0204827316373358	c26
TXK	1.14144218858439e-25	0.205214272563348	35.5633802816901	17.5312076728777	2.59863196636233e-23	c26
TEC	2.21521519366773e-05	0.0250399924740645	4.92957746478873	2.22205952337372	0.000678540552140369	c26
USP46	1.86575848886377e-10	0.0484967234175986	7.21830985915493	2.73822162023648	1.30968471924533e-08	c26
RP11-584P21.2	0.000124506424264443	0.00100424402023261	0.176056338028169	0.00732144818245049	0.00313771088942868	c26
TMPRSS11E	1.77364971755858e-08	0.00689565011278024	0.528169014084507	0.0329465168210272	9.65449977115005e-07	c26
EPGN	1.56625615249653e-11	0.0131580096296713	1.58450704225352	0.205000549108614	1.22728918144693e-09	c26
AREG	7.2910588786012e-15	0.186036748819062	29.4014084507042	16.7990628546326	8.58968314180381e-13	c26
CCNI	0.00022158119167779	0.115257200902635	97.0070422535211	93.6193579089944	0.00511717386730052	c26
ANTXR2	5.25342322724967e-06	0.0502222864752621	13.556338028169	8.04993227660431	0.000183619130932521	c26
PLAC8	2.69460471182653e-14	0.133305443524947	29.7535211267606	16.7368305450818	3.00635798543983e-12	c26
RP11-576N17.5	4.07141268363747e-12	0.0012932682499536	0.176056338028169	0	3.46419643844649e-10	c26
GPAT3	5.56633428828915e-06	0.0244031069993445	3.34507042253521	1.20803895010433	0.00019375213585704	c26
AFF1	0.00217358148718877	0.0500474593975866	18.4859154929577	13.7313760661859	0.0345293043985566	c26
SNCA	4.23046605234712e-07	0.0137170367884928	1.76056338028169	0.384376029578651	1.85842663843264e-05	c26
MMRN1	1.26822859681471e-12	0.0275714132107903	3.34507042253521	0.713841197788923	1.24220041689171e-10	c26
CCSER1	8.45906102732035e-07	0.0106263514784578	1.05633802816901	0.164732584105136	3.51442172940237e-05	c26
PPP3CA	0.000234711322933236	0.0519234581293986	16.7253521126761	11.5495845078156	0.00537983898973637	c26
SLC39A8	6.20285248268735e-07	0.0616040078441336	15.4929577464789	9.16645312442801	2.63887514585439e-05	c26
RP11-710F7.3	0.00114757571192868	0.0020708662358107	0.176056338028169	0.0109821722736757	0.0204827316373358	c26
LEF1	1.06712847314236e-18	0.241801198006936	57.9225352112676	36.9403668045539	1.64934985202104e-16	c26
RPL34	5.2446080726036e-87	0.346722922074296	100	99.9816963795439	1.96346471553673e-83	c26
CASP6	1.35018684740893e-10	0.10652109558682	24.4718309859155	14.6062891239887	9.70004171356001e-09	c26
C4orf32	1.06430834595328e-07	0.0425626811001546	8.27464788732394	3.85474246806018	5.15241457019395e-06	c26
SNHG8	5.23733641401978e-10	0.21594860266126	77.2887323943662	63.4549913972984	3.52933626267965e-08	c26
USP53	0.000170922286005276	0.0374336305591556	10.5633802816901	6.48314236555991	0.00409314534801831	c26
IL2	2.06017288653327e-28	0.102400140004162	13.0281690140845	3.79617088260058	5.33965117221938e-26	c26
SPATA5	0.00057310638406603	0.0291863207038871	8.62676056338028	5.2641212431819	0.0116819398092685	c26
RP11-745L13.2	0.000124357935635676	0.0020311416073027	0.176056338028169	0.00732144818245049	0.00313771088942868	c26
RP11-362F19.1	4.07141268363747e-12	0.00149575726232613	0.176056338028169	0	3.46419643844649e-10	c26
INPP4B	1.24494257375352e-07	0.155092904344632	52.4647887323944	40.3411794853022	5.94151488385992e-06	c26
RP11-223C24.1	1.18600959972066e-18	0.0713389636212134	10.5633802816901	3.51063440348501	1.81642761149945e-16	c26
RP11-6L6.2	1.5747920572753e-06	0.00185203364687682	0.176056338028169	0.00366072409122524	6.04339904075559e-05	c26
RPS3A	1.31513184084834e-81	0.356440617837758	100	99.9414284145404	2.95413681636961e-78	c26
RP11-18H21.1	3.76678423616584e-35	0.274022133041723	42.0774647887324	20.3133579822089	1.18614979489132e-32	c26
TRIM2	1.34650890238558e-08	0.0210334914838055	2.8169014084507	0.721162645971373	7.47434447396701e-07	c26
KIAA0922	0.000239108208223512	0.0615070301199877	24.8239436619718	18.1791558370246	0.00546945822666871	c26
DCHS2	0.000124506424264443	0.00153512395396698	0.176056338028169	0.00732144818245049	0.00313771088942868	c26
SH3RF1	4.07141268363747e-12	0.00135491352602359	0.176056338028169	0	3.46419643844649e-10	c26
CFAP97	8.70535727169449e-05	0.0648474466984894	25	17.8753157374529	0.00234467072671842	c26
RP11-714G18.1	1.5747920572753e-06	0.00138261756759592	0.176056338028169	0.00366072409122524	6.04339904075559e-05	c26
FLJ33360	0.000124506424264443	0.00146513118001532	0.176056338028169	0.00732144818245049	0.00313771088942868	c26
SNHG18	1.37030270886794e-08	0.00959699989491102	0.880281690140845	0.0915181022806311	7.5939110974665e-07	c26
RAI14	0.00201682926100571	0.00466467226238963	0.704225352112676	0.161071860013911	0.0324677711993915	c26
IL7R	1.01962970492734e-117	1.1711259303303	99.6478873239437	79.4450342277703	1.71777016389109e-113	c26
FYB	2.51011780188299e-09	0.203826999954146	94.0140845070423	87.7329135703042	1.53774380393901e-07	c26
PTGER4	1.15118017581032e-08	0.170242508094595	47.7112676056338	36.3619723981404	6.47543653485026e-07	c26
RPL37	4.82794387140772e-66	0.298287105970639	100	99.967053483179	5.08352315010036e-63	c26
MOCS2	0.00263125671281859	0.0406790225728944	14.9647887323944	10.8467254823004	0.0405603178709581	c26
IL6ST	6.50383892087062e-12	0.180273662143559	50.8802816901408	35.1722370684921	5.42426605445086e-10	c26
FLJ31104	3.69047990591709e-06	0.0191214676263598	3.52112676056338	1.27027125965516	0.000132991475882321	c26
ANKRD55	1.97194747330596e-18	0.0924032396514805	13.556338028169	5.15063879635392	2.96619634667728e-16	c26
PIK3R1	8.37665225527588e-08	0.172064030213402	61.7957746478873	49.7089724347476	4.09047711723573e-06	c26
NSA2	0.000181926561325139	0.132684466340066	72.0070422535211	62.4153457553904	0.0043167841952741	c26
ANKRD31	0.00223688694574664	0.0128824029561901	2.11267605633803	0.882234505985284	0.0353184951968075	c26
F2RL1	2.24849193850964e-05	0.0197180082889711	2.99295774647887	1.09089577918512	0.000688107968902304	c26
SERINC5	8.39083531470932e-65	0.383590380665956	51.9366197183099	21.8215763077937	7.85335569705044e-62	c26
CTD-2015H6.3	0.000204292040847882	0.0100213405212361	1.40845070422535	0.395358201852326	0.00476360970541766	c26
RASGRF2	0.000188081322186115	0.0241529967682232	5.28169014084507	2.67232858659443	0.00443161683198529	c26
SSBP2	2.07654136258149e-12	0.0891699459541989	18.8380281690141	9.63868653219607	1.98769842814831e-10	c26
RPS23	1.87518500099892e-66	0.273219480418089	99.8239436619718	99.9816963795439	2.0381446265696e-63	c26
COX7C	9.21076335533249e-05	0.111999190900727	98.943661971831	96.1745433246696	0.00246503145746285	c26
CCNH	1.22073142091876e-07	0.165874619118688	61.443661971831	47.7285207013947	5.84251768415295e-06	c26
GPR150	5.92164948068997e-20	0.0436050853395219	5.63380281690141	1.21902112237801	9.68563386419261e-18	c26
ERAP2	0.00165987105133486	0.0557159975363295	25.7042253521127	19.8191602298935	0.0277281582566568	c26
MAN2A1	0.000355020496639468	0.0646147267314215	23.943661971831	17.714243877439	0.00772742933706088	c26
CAMK4	1.23301225600061e-07	0.159132951931002	60.0352112676056	45.4186037998316	5.89292410690561e-06	c26
TNFAIP8	3.31425165160746e-05	0.137804547485965	66.5492957746479	54.6326463374455	0.000984747752638993	c26
HINT1	6.7918025925858e-08	0.170101964405499	98.0633802816901	93.1214994325878	3.36039642517747e-06	c26
ACSL6	0.000106516576659409	0.0396241484869273	9.6830985915493	5.75099754731486	0.00280607469426281	c26
SLC22A5	0.00018486401184615	0.0211195578628231	3.69718309859155	1.64732584105136	0.00436191037475083	c26
TCF7	3.69331838010382e-23	0.29806189368259	63.0281690140845	39.0343009847348	7.19321789012822e-21	c26
TMEM173	7.07233709798436e-08	0.153908224544066	48.7676056338028	37.4711717977816	3.49406636626811e-06	c26
SLC25A2	0.000124506424264443	0.00188979140069017	0.176056338028169	0.00732144818245049	0.00313771088942868	c26
NDFIP1	1.8910976276664e-05	0.162174334624477	78.3450704225352	66.0028553647912	0.00058998743950548	c26
GRPEL2-AS1	0.000277743023923442	0.00571339368824426	0.704225352112676	0.128125343192884	0.00625777009499648	c26
RPS14	2.29355950926965e-60	0.275638833948944	100	99.9853571036351	1.83998081203171e-57	c26
SMIM3	1.35399161871656e-05	0.050090705650772	9.33098591549296	5.2348354504521	0.000436568359818526	c26
ITK	1.02177045074878e-07	0.186245184375315	67.0774647887324	55.0938975729399	4.9536019521625e-06	c26
NPM1	1.18113606764077e-10	0.177248021142384	98.2394366197183	94.2087344876817	8.5036749280103e-09	c26
DUSP1	1.49814905269739e-23	0.490209760860926	98.0633802816901	89.8488120950324	2.98690143086307e-21	c26
HRH2	6.28759909289471e-07	0.0389891180251039	7.04225352112676	3.25438371709924	2.66819098030219e-05	c26
RGS14	1.93607945081697e-07	0.115323689685008	39.4366197183099	28.3889153274518	9.04644006037057e-06	c26
FAM153A	0.000188280785903258	0.0109589528290553	2.2887323943662	0.82366292052568	0.00443321649212045	c26
RNF130	0.00164945133110796	0.0298051661484684	8.62676056338028	5.49108613683787	0.0275876654025011	c26
GNB2L1	1.11208430838855e-38	0.234231193842975	100	99.6815170040634	3.94427038808883e-36	c26
NHLRC1	0.000462586543976728	0.00549163275298991	0.704225352112676	0.135446791375334	0.00968098820667819	c26
FAM65B	1.25388468196752e-21	0.268030756402908	56.6901408450704	35.3406303766885	2.25927221787239e-19	c26
SLC17A3	0.000284863120761741	0.00426689414281313	0.528169014084507	0.0768752059157301	0.00639026497399873	c26
HIST1H4C	0.000458559801120338	0.12941219449131	75.5281690140845	65.4281216824688	0.00961463219598548	c26
HIST1H2AD	0.00114860107106753	0.00208144538510457	0.176056338028169	0.0109821722736757	0.0204827316373358	c26
HIST1H1D	1.85083520852012e-07	0.134779416795682	40.669014084507	29.6225793461947	8.66139465498291e-06	c26
ZNF311	0.00114962727694838	0.00161620821240177	0.176056338028169	0.0109821722736757	0.0204827316373358	c26
GNL1	0.00185548433837442	0.0568348785495125	24.2957746478873	18.7502287952557	0.0302600097036252	c26
LINC00243	0.000675187886570046	0.0245571965378979	7.74647887323944	4.58688728630523	0.0134137857606669	c26
LTB	1.81459961781688e-80	0.914889065545303	98.943661971831	76.370025991141	3.39672886237344e-77	c26
LST1	4.37645059008742e-06	0.0422633266425984	10.7394366197183	5.96698026869715	0.000155384748348162	c26
MSH5-SAPCD1	0.00328754956296791	0.0034794149717574	0.528169014084507	0.106160998645532	0.0484561220361509	c26
HSPA1A	0.00338804179102771	0.266018684536749	44.5422535211268	41.915290844529	0.0496117688426283	c26
HSPA1B	3.08626496172074e-10	0.385430532315861	50	40.0666251784603	2.12221656367793e-08	c26
C6orf48	1.19971333089635e-07	0.14983904346084	54.5774647887324	41.362521506754	5.75009117656069e-06	c26
SKIV2L	0.0021169694147387	0.037961135172142	16.3732394366197	11.7875315737453	0.033773280047446	c26
GPSM3	2.23825538627108e-16	0.280045278256226	90.8450704225352	77.8452977999048	2.95748145039285e-14	c26
RPS18	6.19253641870273e-90	0.39387970705009	100	99.9487498627228	2.98073317273957e-86	c26
LINC00336	0.000594178015106013	0.00529559783465867	0.704225352112676	0.139107515466559	0.012053121036112	c26
RPL10A	5.29373645318756e-47	0.301052437768472	100	99.3520518358531	2.41036697369867e-44	c26
FKBP5	1.09557717443241e-20	0.2822404815739	62.5	40.1654647289234	1.86436249067301e-18	c26
PI16	1.90732547426258e-37	0.0638080497541377	7.04225352112676	1.09455650327635	6.5576963805922e-35	c26
RP1-153P14.5	0.000333269013490037	0.00296928370259168	0.352112676056338	0.0366072409122524	0.00732364642637956	c26
CCND3	0.000766091864437227	0.128056052816804	75.7042253521127	64.652048175129	0.0149292650551463	c26
GNMT	7.09193609259893e-05	0.00364394909256214	0.528169014084507	0.0658930336420544	0.00195065873227778	c26
EEF1A1	5.57130551640306e-98	0.331141192431317	100	99.9963392759088	4.69298920174212e-94	c26
MEI4	4.07141268363747e-12	0.00157003682271213	0.176056338028169	0	3.46419643844649e-10	c26
CFAP206	1.57197048007424e-06	0.00170043614988143	0.176056338028169	0.00366072409122524	6.04339904075559e-05	c26
ANKRD6	0.000323202695361922	0.0112399572331644	1.76056338028169	0.578394406413589	0.00713629856980642	c26
BACH2	3.67969827029233e-05	0.0489346344010243	13.556338028169	8.45627265073031	0.00108188266596187	c26
RP3-355L5.4	0.00114962727694838	0.00163410834554038	0.176056338028169	0.0109821722736757	0.0204827316373358	c26
PRDM1	4.71153373007282e-08	0.145817333989055	47.5352112676056	34.1691986674964	2.41262032676403e-06	c26
AIM1	9.75841651698932e-16	0.223383512957908	48.7676056338028	32.4120511037083	1.2268659929979e-13	c26
SCML4	4.05803766822013e-21	0.279080429400044	62.5	41.6919866749643	7.08453477683985e-19	c26
SESN1	5.19291661581453e-21	0.245953927824828	39.9647887323944	23.2858659442838	9.01907899243582e-19	c26
RNF217-AS1	4.07141268363747e-12	0.00208875597346303	0.176056338028169	0	3.46419643844649e-10	c26
TMEM200A	1.52197346743594e-05	0.0396980919020408	7.57042253521127	3.97188563897939	0.000485619072081312	c26
RPS12	8.15699643925063e-81	0.337949512697374	100	99.9926785518175	1.71776148765069e-77	c26
SGK1	1.99461152590917e-10	0.108247110155504	19.0140845070423	10.5941355200059	1.39722330049862e-08	c26
TNFAIP3	0.000169150255573837	0.178166097092247	86.7957746478873	76.5896694366146	0.00406225852552022	c26
ABRACL	1.28767508412465e-08	0.206146947113001	82.3943661971831	68.4042903686349	7.17139244371835e-07	c26
HECA	2.81342213700695e-07	0.0643680828004913	16.9014084507042	10.0633305267782	1.28449113122374e-05	c26
CITED2	5.04884219738372e-08	0.24146420701306	59.6830985915493	48.7608448951203	2.57361102872386e-06	c26
RP1-67K17.3	1.57197048007424e-06	0.0016414358821329	0.176056338028169	0.00366072409122524	6.04339904075559e-05	c26
AIG1	5.82706088270148e-09	0.0663721891699523	13.9084507042254	7.26653732108211	3.38512050658179e-07	c26
DYNLT1	0.00160551993462649	0.109292922922038	66.0211267605634	55.2952373979573	0.0269850229376761	c26
C6orf99	9.94574593426995e-05	0.02072097336664	5.1056338028169	2.46732803748581	0.00263452801501016	c26
TAGAP	0.000812556220827826	0.13230674112838	75.3521126760563	64.2310649046381	0.015600153449899	c26
FNDC1	4.07141268363747e-12	0.00170118688183724	0.176056338028169	0	3.46419643844649e-10	c26
SOD2	0.000133737189773998	0.0749195088235944	26.2323943661972	19.5153201303218	0.003335411452439	c26
RP11-235G24.3	4.07141268363747e-12	0.00148704234421423	0.176056338028169	0	3.46419643844649e-10	c26
PACRG	3.12093245050919e-08	0.00863812040644801	1.05633802816901	0.135446791375334	1.64564472593829e-06	c26
RNASET2	1.48963534159437e-13	0.234018786646279	70.9507042253521	54.0322875864846	1.55392486686318e-11	c26
CCR6	8.94195153889867e-40	0.204664063234833	24.8239436619718	8.82966650803529	3.4237513085415e-37	c26
GPR146	2.62188501410553e-06	0.0203270148817529	2.99295774647887	0.984734780539591	9.70788941376613e-05	c26
RP11-449P15.1	0.00114757571192868	0.00168219586616708	0.176056338028169	0.0109821722736757	0.0204827316373358	c26
COL28A1	0.00114962727694838	0.00154415586237348	0.176056338028169	0.0109821722736757	0.0204827316373358	c26
TMEM106B	0.000622994832800972	0.0681338594880933	30.1056338028169	23.289526668375	0.0125545382155478	c26
AC005281.1	1.5747920572753e-06	0.00138165025859116	0.176056338028169	0.00366072409122524	6.04339904075559e-05	c26
TOMM7	3.29023101193807e-29	0.263608827619036	99.2957746478873	96.7199912142622	8.66101904033135e-27	c26
EEPD1	3.43563113936195e-10	0.0530515419044678	8.80281690140845	3.70831350441117	2.35284869125329e-08	c26
IGFBP3	0.00123054163572237	0.031294487309553	7.04225352112676	4.23911849763883	0.0215274506095689	c26
UPP1	0.000386411070382481	0.0778851976315927	34.1549295774648	26.5622140059304	0.00831931923672033	c26
DDC	0.000654819876023575	0.00314172564145494	0.352112676056338	0.0402679650034777	0.0130940658176489	c26
HSPB1	1.00053645681584e-08	0.19138328795155	68.8380281690141	53.5600541787166	5.6850042792501e-07	c26
SEMA3E	1.11182436429143e-11	0.00318812614225159	0.352112676056338	0.00732144818245049	8.94076614091535e-10	c26
AC074183.4	2.58245490086901e-06	0.00633779542356557	0.704225352112676	0.0841966540981806	9.5724131386007e-05	c26
TMEM243	9.98964245318965e-07	0.152519947342616	63.7323943661972	50.8401361789362	4.09976873103254e-05	c26
STEAP4	1.57197048007424e-06	0.0026883441882681	0.176056338028169	0.00366072409122524	6.04339904075559e-05	c26
RP11-506M12.1	0.00084560346319223	0.00374186947321443	0.528169014084507	0.0878573781894059	0.0160879520546578	c26
SYPL1	0.000597144802111785	0.0854946220460771	43.1338028169014	34.3522348720577	0.0121060150194672	c26
CBLL1	0.00193847398054051	0.0470333875099073	16.1971830985916	11.8461031592049	0.0314467704864381	c26
ST7-AS1	0.000124357935635676	0.00190982894582333	0.176056338028169	0.00732144818245049	0.00313771088942868	c26
C7orf77	4.07141268363747e-12	0.00161060431046585	0.176056338028169	0	3.46419643844649e-10	c26
AC016831.7	3.63512886385306e-09	0.0178930251073059	2.46478873239437	0.549108613683787	2.18328042671417e-07	c26
RP11-138A9.2	0.000498956449989414	0.0347703402393023	10.7394366197183	6.83091115422631	0.0103266822026679	c26
AC024084.1	0.000653469207639175	0.00373012442686591	0.352112676056338	0.0402679650034777	0.0130825855509176	c26
TRBV5-3	3.29452363906047e-09	0.0147140399808497	1.23239436619718	0.161071860013911	1.98579033084979e-07	c26
TRBV5-7	0.000314666201827239	0.00902420784298359	0.880281690140845	0.190357652743713	0.00697523881866249	c26
TRBVA	0.000124209613953337	0.0022037572022481	0.176056338028169	0.00732144818245049	0.00313771088942868	c26
EPHB6	0.000107284030097858	0.0423228471974105	11.443661971831	7.05787604788227	0.00282408446102909	c26
GSTK1	9.42347507800923e-11	0.203857679930279	92.2535211267606	84.1014752718088	6.87260972464163e-09	c26
ZNF783	0.000177167699002277	0.0233411889025604	5.28169014084507	2.66134641432075	0.00422170328867237	c26
KRBA1	0.00236322707323076	0.0161376117653862	3.34507042253521	1.66929018559871	0.0370011956344968	c26
RP4-751H13.7	0.000333456402967894	0.00304410487774263	0.352112676056338	0.0366072409122524	0.00732364642637956	c26
GIMAP7	1.38408862554091e-12	0.269851186573428	88.556338028169	76.5201156788813	1.35175310576741e-10	c26
NOS3	0.00172802438862509	0.0136298238434611	2.64084507042254	1.18241388146575	0.0284992920951219	c26
ATG9B	1.40783929978301e-05	0.0269118926892098	5.63380281690141	2.62107844931728	0.000452631081745122	c26
WDR86	1.24257568443196e-05	0.0354169608178128	5.98591549295775	2.86634696342937	0.00040612067725672	c26
ESYT2	0.000419226433910475	0.0473971929818288	13.7323943661972	9.33484643262437	0.00893448163452216	c26
SLC25A6	0.000166938565621054	0.127591676966539	92.2535211267606	86.6713035838489	0.00401773430716844	c26
CA5B	7.00731416096684e-10	0.122952977326501	29.2253521126761	18.7136215543434	4.63859417170171e-08	c26
AP1S2	0.000106151603870788	0.0748858503553641	29.0492957746479	22.0302375809935	0.00279864799751355	c26
SCML1	3.11543087392458e-13	0.106891047763188	19.5422535211268	10.0486876304133	3.20034536176875e-11	c26
EIF2S3	5.66899050660398e-11	0.212360186099686	70.4225352112676	54.5118424424351	4.26363763681952e-09	c26
DYNLT3	4.59941896087076e-05	0.0794529073381985	30.4577464788732	22.4292565069371	0.0013302388194642	c26
MID1IP1-AS1	4.35139584044971e-09	0.00785725456024275	0.704225352112676	0.0549108613683787	2.5722093236511e-07	c26
RP6-99M1.3	1.5747920572753e-06	0.00160294107448608	0.176056338028169	0.00366072409122524	6.04339904075559e-05	c26
TIMP1	4.0285761715336e-48	0.321544859952239	47.7112676056338	21.5689863454991	1.88526174338407e-45	c26
CFP	1.06456616168552e-20	0.0637547625893151	10.0352112676056	3.02741882344328	1.82078640872243e-18	c26
AL022578.1	0.00329422477151396	0.00409232611584499	0.528169014084507	0.106160998645532	0.0485332791654532	c26
PCSK1N	4.30205598126643e-05	0.0458711582524768	8.62676056338028	4.86876304132957	0.00125067708570139	c26
RP11-348F1.3	0.00158671805344237	0.0142677402883244	2.8169014084507	1.28125343192884	0.0267047343120315	c26
PAGE2	5.70269573961343e-08	0.00509603701277103	0.352112676056338	0.014642896364901	2.87644656063675e-06	c26
FAAH2	2.48294693082731e-07	0.0896039086596676	20.5985915492958	13.2005710729582	1.14446530625575e-05	c26
EDA	3.06168852036533e-06	0.0201130006508887	3.87323943661972	1.4496467401252	0.00011237530828452	c26
RPS4X	1.9901374610887e-59	0.278611687071579	100	99.9743749313614	1.52521094996899e-56	c26
MAGEE1	0.00176203675916118	0.0139569502508425	2.99295774647887	1.40205732693927	0.0290034521559242	c26
TAF9B	1.55217363734966e-05	0.0512743928552541	13.3802816901408	8.23296848116557	0.000493386212611883	c26
CYSLTR1	1.1200847294563e-21	0.144722842371163	20.4225352112676	8.86627374894754	2.029039509371e-19	c26
SATL1	4.07141268363747e-12	0.00153971785516092	0.176056338028169	0	3.46419643844649e-10	c26
NAP1L3	0.000807438045734114	0.0147427712565023	2.2887323943662	0.915181022806311	0.0155373029771361	c26
TSPAN6	0.000151761715292294	0.00892090233557771	1.23239436619718	0.311161547754146	0.00370014955758467	c26
RPL36A	4.64978957063635e-09	0.206064762517561	87.5	76.3919903356884	2.73898618519268e-07	c26
TCEAL2	6.86714162857522e-05	0.0120920711408496	1.58450704225352	0.439286890947029	0.00189501613458815	c26
BEX4	0.00116041988081315	0.0512494663555104	21.1267605633803	15.6862027309002	0.020621934316518	c26
BEX2	1.09150615637063e-07	0.0799480015730587	22.887323943662	14.3646813339679	5.27650049250389e-06	c26
WBP5	0.00131426833946576	0.00711623686912693	1.05633802816901	0.296518651389245	0.0227558876824046	c26
NGFRAP1	1.20327679488101e-06	0.0591235218034349	18.6619718309859	11.5093165428122	4.86129596243656e-05	c26
CXorf57	2.24149688827894e-07	0.0546705835183529	11.2676056338028	5.92305157960245	1.03946055400938e-05	c26
TSC22D3	1.97353813181441e-55	0.599986931708197	99.1197183098592	93.9634659735696	1.16660340023429e-52	c26
VSIG1	8.57377232785365e-07	0.0347901473626329	7.04225352112676	3.23974082073434	3.5489519019005e-05	c26
RPL39	5.18365581419736e-69	0.30756769792901	100	99.9450891386316	6.02269306908848e-66	c26
FIRRE	0.0023759776913299	0.00541302683580816	0.704225352112676	0.164732584105136	0.0371318146250788	c26
FHL1	4.98070479621217e-16	0.088403646156261	15.3169014084507	6.55269612329319	6.40533845051805e-14	c26
CD40LG	7.85824706436176e-143	0.727602365525595	73.0633802816901	25.8630157045064	2.64775776586605e-138	c26
MCF2	2.20320232203363e-06	0.00501741467388848	0.528169014084507	0.0475894131859282	8.23914528730313e-05	c26
CDR1-AS	1.5747920572753e-06	0.0017843278763789	0.176056338028169	0.00366072409122524	6.04339904075559e-05	c26
LDOC1	0.000164442858822407	0.0353172185660241	7.92253521126761	4.5392978731193	0.00396333167751229	c26
DUSP9	0.000150087280707474	0.0027337275055383	0.352112676056338	0.0329465168210272	0.00366984095512164	c26
TKTL1	4.81661922755357e-07	0.0163572783867864	2.2887323943662	0.596698026869715	2.08868942410798e-05	c26
RPL10	7.70170890925696e-52	0.225394878599652	100	99.9926785518175	4.11906952362705e-49	c26
RAB39B	0.000143423237827731	0.0468262815811813	14.4366197183099	9.54350770582421	0.00354505141524811	c26
MYOM2	5.82139609893811e-14	0.031158231724564	3.87323943661972	0.849287989164257	6.28673462043656e-12	c26
CTA-398F10.2	5.7225945879863e-08	0.00351735503392848	0.352112676056338	0.014642896364901	2.8812103883664e-06	c26
MFHAS1	4.13211475000258e-13	0.0904300734253301	15.8450704225352	7.62162755793096	4.2062681083561e-11	c26
CTSB	3.60841935876258e-07	0.129677887984784	48.5915492957746	35.7652743712706	1.60822859621887e-05	c26
SORBS3	7.64859533882672e-19	0.141243513725621	25.7042253521127	12.7283376651902	1.19311005252976e-16	c26
TNFRSF10D	0.000790867112632342	0.024680580964518	6.16197183098592	3.48867005893766	0.0153058451999047	c26
CHMP7	1.29748444391085e-13	0.182295706624593	44.5422535211268	29.5274005198228	1.36617002666038e-11	c26
NEFL	2.1409101082032e-17	0.0241067856177617	2.8169014084507	0.402679650034777	3.03091702461338e-15	c26
PNMA2	4.07141268363747e-12	0.00147935620673559	0.176056338028169	0	3.46419643844649e-10	c26
TRIM35	0.000991936769025119	0.0409481259980951	13.2042253521127	9.0493099535088	0.018404359854368	c26
FBXO16	0.000124506424264443	0.00142315526842686	0.176056338028169	0.00732144818245049	0.00313771088942868	c26
SARAF	7.51652405812132e-28	0.250802742055255	99.8239436619718	98.9017827726324	1.89001314637567e-25	c26
LEPROTL1	0.000184689250571468	0.118196830337834	82.3943661971831	77.523154079877	0.00436084065084447	c26
RP11-51J9.5	5.27584305759219e-06	0.0737036221173484	25.7042253521127	17.4433502946883	0.000184211664230582	c26
KB-1836B5.4	0.00114860107106753	0.00229277611973654	0.176056338028169	0.0109821722736757	0.0204827316373358	c26
RP11-589C21.5	0.000299837455821981	0.0241210488870836	5.45774647887324	2.84804334297324	0.00669497895060692	c26
AP3M2	4.10398097823812e-07	0.0884538831314768	22.0070422535211	14.2658417835048	1.80757562197066e-05	c26
RPS20	8.23259209466307e-36	0.352414211875417	97.887323943662	91.4778343156276	2.64179960035788e-33	c26
CHD7	0.000117884485159233	0.049334108002572	12.6760563380282	8.14511110297617	0.00306924583906666	c26
AC022182.3	3.88407784828251e-05	0.0348816679714465	6.69014084507042	3.46670571439031	0.00113701232858411	c26
RP11-16E18.3	0.00303901900066046	0.00310676849230669	0.352112676056338	0.0512501372771534	0.0455914351222101	c26
AC084082.3	0.000150643468192644	0.00327838600636107	0.352112676056338	0.0329465168210272	0.00368076941064753	c26
C8orf89	0.000124357935635676	0.0019645487887597	0.176056338028169	0.00732144818245049	0.00313771088942868	c26
RPL7	4.13481746680081e-33	0.29304598761251	98.943661971831	96.1452575319398	1.20102189419299e-30	c26
LY96	8.62703946020134e-05	0.0513712037663095	16.1971830985916	10.8284218618443	0.00232543574057619	c26
RP11-758M4.4	0.000685331627938426	0.0156391360747958	3.34507042253521	1.5375041183146	0.0135967859039552	c26
TPD52	6.334272028512e-05	0.0483821669371162	14.4366197183099	9.28359629534722	0.00176677948450897	c26
ZBTB10	0.000404592793892424	0.0439487688150092	12.6760563380282	8.39404034117949	0.0086719781154016	c26
SLC10A5	4.07141268363747e-12	0.00199589736189065	0.176056338028169	0	3.46419643844649e-10	c26
ZFAND1	0.00225386209722254	0.0469347018732039	26.2323943661972	19.9619284694513	0.0355531973332474	c26
RP11-37B2.1	8.07236445430758e-05	0.0290729453491146	6.33802816901408	3.30197313028517	0.00219016657628158	c26
RIPK2	1.05266691394611e-84	0.345906434773889	39.7887323943662	12.3403009115203	3.22441445440911e-81	c26
C8orf88	0.00236725755156596	0.0185117660691001	3.87323943661972	2.02804114653879	0.0370469491208078	c26
TRIQK	3.48346213452703e-07	0.0110119778096483	1.40845070422535	0.259911410476992	1.56287314461723e-05	c26
RPL30	1.14184466831722e-61	0.253086886901408	100	99.9890178277263	9.38373518397084e-59	c26
PABPC1	1.77346796564268e-45	0.382524999767346	99.8239436619718	96.7749020756306	7.56395311827397e-43	c26
EIF3E	5.20346140717442e-17	0.273338919252101	89.0845070422535	77.1717245671194	7.21503821618663e-15	c26
FBXO32	3.59607512616561e-05	0.0853345053479275	30.2816901408451	22.2828275432881	0.0010609996085904	c26
NDUFB9	0.00233473360006493	0.106942385388739	69.3661971830986	59.6844455833364	0.0366231442833276	c26
MTSS1	0.000230620820346307	0.040369555232108	8.62676056338028	5.15063879635392	0.00530774448138557	c26
CASC19	0.00114962727694838	0.00175345020082884	0.176056338028169	0.0109821722736757	0.0204827316373358	c26
CASC11	0.000149902314892958	0.00300271470015203	0.352112676056338	0.0329465168210272	0.00366984095512164	c26
MYC	3.72499319072085e-07	0.0788478218040058	17.7816901408451	10.8174396895706	1.65144632326511e-05	c26
ST3GAL1	3.79795111882024e-06	0.114692762872682	42.7816901408451	32.3717831387048	0.000136572214511771	c26
EEF1D	1.56768796276811e-14	0.173494064133512	100	99.1250869421972	1.79056536330538e-12	c26
EPPK1	0.00281479674677304	0.00752177003083384	1.05633802816901	0.322143720027822	0.0429148242469551	c26
CYHR1	0.00228021861810233	0.0380835237001778	16.0211267605634	11.5788703005454	0.0358514634243303	c26
CTD-2517M22.17	0.000124209613953337	0.00193465761105665	0.176056338028169	0.00732144818245049	0.00313771088942868	c26
RPL8	3.20308533000133e-37	0.212079067771412	100	99.8755353808983	1.08596804390044e-34	c26
SPATA6L	3.86402181338923e-05	0.0163347898475963	2.99295774647887	1.1165208478237	0.00113212479113336	c26
CDC37L1	1.73775990142146e-11	0.113429069034115	27.112676056338	16.0742394845701	1.34602487628723e-09	c26
RPS6	2.57836392771261e-92	0.418485672130649	100	99.8425888640773	1.73750788360697e-88	c26
AQP3	3.23485091384733e-40	0.330915249942402	51.056338028169	26.0387304608852	1.25281685851922e-37	c26
CA9	0.00114962727694838	0.00177156961763714	0.176056338028169	0.0109821722736757	0.0204827316373358	c26
RECK	0.00164982328563067	0.0304217786747107	10.0352112676056	6.60028553647912	0.0275876654025011	c26
FAM201A	0.00241051473777896	0.010451813507315	1.58450704225352	0.585715854596039	0.0376017979512613	c26
CNTNAP3	4.07141268363747e-12	0.00163060508854605	0.176056338028169	0	3.46419643844649e-10	c26
RP11-4L24.3	4.26610703673509e-06	0.00281268040590821	0.352112676056338	0.0219643445473515	0.000152430764046397	c26
FP325317.1	0.000124209613953337	0.00197729727863828	0.176056338028169	0.00732144818245049	0.00313771088942868	c26
KLF9	5.15405380284144e-07	0.0788055167957931	21.1267605633803	13.4641432075264	2.22641908760179e-05	c26
ANXA1	2.06015627440193e-42	0.601342186815337	91.0211267605634	61.7198081780576	8.36324162767452e-40	c26
GNAQ	1.59588375824869e-07	0.0471847583525302	10.2112676056338	5.16528169271882	7.52051851054986e-06	c26
TLE4	1.58506150391796e-05	0.0788161220172044	27.8169014084507	19.632463301241	0.000502891358879583	c26
CTSL	1.74833469586139e-37	0.22711223096216	31.6901408450704	12.7795878024673	6.07302981879934e-35	c26
SHC3	1.5747920572753e-06	0.00194936454121376	0.176056338028169	0.00366072409122524	6.04339904075559e-05	c26
HEMGN	5.99312190331854e-11	0.0283718078879395	3.69718309859155	0.937145367353663	4.49737749243686e-09	c26
ANP32B	6.9573288246207e-06	0.168925333728795	85.0352112676056	73.3609107881539	0.000238231948594278	c26
TBC1D2	0.00034091815520589	0.0231945992608496	4.92957746478873	2.51857817476297	0.00745902358539433	c26
SLC44A1	3.15805640079027e-07	0.0557305292163373	12.1478873239437	6.62591060511769	1.42446522581295e-05	c26
C9orf43	0.000360673295454856	0.00628577043780546	0.704225352112676	0.131786067284109	0.00782519382939852	c26
TNFSF8	1.29497849743878e-23	0.271375396021125	56.5140845070422	34.128930702493	2.61275481992228e-21	c26
TLR4	0.00114860107106753	0.00136573291071591	0.176056338028169	0.0109821722736757	0.0204827316373358	c26
RPL35	4.36404999577889e-53	0.289900768043915	100	99.3300874913058	2.45070500929623e-50	c26
RPL12	8.17738557007722e-26	0.177910656045686	100	99.9597320349965	1.88718376300125e-23	c26
RP11-247A12.7	0.00114860107106753	0.00160051881056675	0.176056338028169	0.0109821722736757	0.0204827316373358	c26
GBGT1	0.000396336764470885	0.0141197662468101	2.8169014084507	1.17143170919208	0.00850584136438344	c26
ABO	4.09929232815144e-09	0.0249993916546646	3.69718309859155	1.06527071054655	2.43600627345211e-07	c26
RPL7A	6.98745066019805e-25	0.166121323108316	100	99.9560713109053	1.52879975678385e-22	c26
MAN1B1-AS1	7.88792367829469e-05	0.0228595028902398	4.40140845070423	2.01339825017388	0.00215028883832088	c26
IFITM3	1.6333588709234e-08	0.175365043893121	60.387323943662	45.3344071457334	8.93415483715798e-07	c26
RP11-326C3.10	4.07141268363747e-12	0.000900657406967104	0.176056338028169	0	3.46419643844649e-10	c26
RPLP2	4.97906807581653e-45	0.239872065756972	100	99.9597320349965	2.09705899683203e-42	c26
RP11-295K3.1	1.11574493931534e-11	0.00284898566604482	0.352112676056338	0.00732144818245049	8.95093094887882e-10	c26
KCNQ1	0.00208150418347908	0.0154070329817291	3.52112676056338	1.76812973606179	0.033302090198549	c26
APBB1	0.00114361950483421	0.0487793526481501	22.3591549295775	16.4695976864224	0.0204827316373358	c26
EIF3F	7.34263198409632e-12	0.218641811864676	93.6619718309859	85.2216568437237	6.0936611347818e-10	c26
RIC3	0.00189617733204314	0.0468181289883904	22.7112676056338	17.0187063001062	0.0308199705865228	c26
RPL27A	4.63661906388333e-35	0.323978253005584	99.4718309859155	96.0427572573855	1.43326828200445e-32	c26
DENND5A	1.42645038435994e-05	0.0216543221295607	3.87323943661972	1.55580773877073	0.000458177495239502	c26
MTRNR2L8	8.05783282751654e-09	0.0753349519715443	17.4295774647887	9.8034191163012	4.62522349728011e-07	c26
INSC	1.5747920572753e-06	0.0017858255283364	0.176056338028169	0.00366072409122524	6.04339904075559e-05	c26
RPS13	8.98771021400415e-64	0.296907845141185	100	99.9084818977194	8.18464616082854e-61	c26
IGSF22	0.00289012124440174	0.0136623772532112	2.99295774647887	1.45330746421642	0.0438845178949401	c26
DCDC1	4.25143012517988e-06	0.00349503661080935	0.352112676056338	0.0219643445473515	0.000152229210029555	c26
DNAJC24	0.00306946043658037	0.033043253109099	12.1478873239437	8.49287989164257	0.0458229507975803	c26
TSPAN18	8.82831088177743e-08	0.0213881700969097	3.16901408450704	0.933484643262437	4.30479170550808e-06	c26
RP11-430H10.2	4.07141268363747e-12	0.0019167451015588	0.176056338028169	0	3.46419643844649e-10	c26
GYLTL1B	3.13833439046014e-06	0.0186861101100491	2.99295774647887	0.988395504630816	0.000114688762421002	c26
AP000442.4	2.21980951447961e-06	0.00409562116043633	0.528169014084507	0.0475894131859282	8.28286398459314e-05	c26
PTGDR2	1.67782719498059e-19	0.012001122726022	1.40845070422535	0.0915181022806311	2.70491433051082e-17	c26
CD6	5.9812974403434e-08	0.184219677078527	70.4225352112676	57.9602445363693	2.99455922667059e-06	c26
CD5	6.78865434134066e-08	0.168234676610843	60.9154929577465	46.7291430244902	3.36039642517747e-06	c26
DAGLA	1.80810003264263e-05	0.0034015977602199	0.352112676056338	0.0256250686385767	0.000567677349292309	c26
FADS2	6.72554712017222e-05	0.0187027924000943	2.8169014084507	1.0579492623641	0.00185746380874658	c26
FTH1	1.28369976780925e-06	0.102046258298324	99.8239436619718	99.6302668667863	5.1308398548713e-05	c26
AHNAK	2.66035927614865e-05	0.170946783639605	74.6478873239437	61.8589156935242	0.000801055812784205	c26
RASGRP2	8.80391712313679e-26	0.207249036862214	38.0281690140845	19.3139803053044	2.01795362957123e-23	c26
MAP4K2	0.00128344083529719	0.0502474244627071	22.3591549295775	16.7551341655379	0.0222908533528369	c26
C11orf85	0.000124209613953337	0.00192934338196991	0.176056338028169	0.00732144818245049	0.00313771088942868	c26
FAU	1.87220754434579e-09	0.0899839536683258	100	99.9341069663579	1.15959854777917e-07	c26
SLC25A45	0.0016246028245277	0.0520706168881025	22.887323943662	17.2749569864919	0.0272470719609936	c26
CTC-1337H24.4	0.000124357935635676	0.0017177380494468	0.176056338028169	0.00732144818245049	0.00313771088942868	c26
IL18BP	0.000704261699939367	0.0325200768763548	10.0352112676056	6.38430281509683	0.0139093749811002	c26
RP11-809N8.4	0.00114860107106753	0.00192920181327747	0.176056338028169	0.0109821722736757	0.0204827316373358	c26
PLEKHB1	1.10969963312278e-11	0.0888270843793749	18.4859154929577	9.62038291173994	8.94076614091535e-10	c26
RPS3	1.30141767677311e-57	0.261988237722496	99.8239436619718	99.9963392759088	8.76999344023864e-55	c26
GDPD5	9.774346178494e-07	0.0438436648103643	9.33098591549296	4.79188783541384	4.02120659509374e-05	c26
RP11-727A23.10	0.000749281106623907	0.013072180186957	2.11267605633803	0.809020024160779	0.0146646082529166	c26
RP11-644L4.1	2.51953064545625e-05	0.00973541547511913	1.23239436619718	0.270893582750668	0.00076342684863312	c26
BIRC3	3.4393066758351e-37	0.464459326594254	75.7042253521127	50.4594208734488	1.14736632807513e-34	c26
TMEM123	9.46468773487681e-12	0.221559200453341	71.1267605633803	54.3946992715159	7.70703022742584e-10	c26
RP11-356J5.12	1.35137981428173e-39	0.0551541197769017	5.98591549295775	0.772412783248527	5.11611140027061e-37	c26
ZBTB16	3.97624166541018e-11	0.0399940461010526	5.98591549295775	1.98045173335286	3.00393467879665e-09	c26
RPS25	3.2046289807481e-59	0.253194568471529	100	99.967053483179	2.39948375282948e-56	c26
SORL1	2.85101521488404e-12	0.173712219982257	44.0140845070423	29.5786506571	2.69837378231187e-10	c26
ESAM	0.00114539879538632	0.00451029758692327	0.528169014084507	0.0915181022806311	0.0204827316373358	c26
RP11-50B3.4	0.000149994770958204	0.0032263107349332	0.352112676056338	0.0329465168210272	0.00366984095512164	c26
FLI1	1.22949087834547e-05	0.117163177071825	48.5915492957746	37.7786726214445	0.000402981183414127	c26
TMEM45B	4.28500633792631e-07	0.020330982659747	2.99295774647887	0.907859574623861	1.87818346965542e-05	c26
NFRKB	0.00327871192243372	0.0292417934861783	10.7394366197183	7.31046601017681	0.0483893646581173	c26
LINC00167	0.00219111999387906	0.00963124925111888	1.40845070422535	0.486876304132958	0.0347452182350404	c26
KLF6	6.53308055005592e-12	0.303484678497455	99.1197183098592	90.7054215323791	5.43520039638479e-10	c26
CAMK1D	0.000233931693636579	0.057433329655706	22.7112676056338	16.2536149650401	0.00536561911871401	c26
VIM	1.2266079490099e-13	0.326592726467706	99.6478873239437	93.7401618040048	1.29559022676926e-11	c26
BMI1	0.000544669114190845	0.0355043921040338	11.0915492957746	7.16037632243658	0.0111427329286863	c26
SVIL	1.33361721457203e-20	0.0721814063440083	10.5633802816901	3.28733023392027	2.25803509687387e-18	c26
ITGB1	3.90441371523438e-09	0.196285866856258	66.0211267605634	49.1708459933375	2.32841266763022e-07	c26
RP11-342D11.3	2.01861465414735e-09	0.0444949360923025	7.57042253521127	3.08599040890288	1.24798536067598e-07	c26
RP11-508N22.9	4.07141268363747e-12	0.00267820838557164	0.176056338028169	0	3.46419643844649e-10	c26
ALOX5	0.00172796454357349	0.00830929686483687	1.23239436619718	0.388036753669876	0.0284992920951219	c26
ANK3	1.53677662092242e-08	0.0790993347438121	17.4295774647887	9.97547314858879	8.46080906296735e-07	c26
RP11-131N11.4	1.678419144252e-11	0.0127154458371089	1.40845070422535	0.164732584105136	1.30908922792655e-09	c26
ZNF365	0.00316341926744651	0.0126218867313841	2.2887323943662	1.01402057326939	0.0470014548472363	c26
HKDC1	3.58021303529757e-07	0.0229515457307036	3.16901408450704	0.984734780539591	1.59988989404929e-05	c26
C10orf54	2.51733669136956e-23	0.303536796874652	66.3732394366197	44.9244060475162	4.98936132229447e-21	c26
CAMK2G	0.000759427006950855	0.0555220889314151	23.4154929577465	17.2676355383095	0.0148165220452821	c26
VCL	0.00286006500254464	0.0208571924495964	4.75352112676056	2.6833107588681	0.0435065599077829	c26
ADD3	1.00473777755418e-07	0.14768362584195	53.3450704225352	40.6450195848739	4.87804534249431e-06	c26
PDCD4-AS1	0.000357659673579808	0.0435403191492056	15.8450704225352	10.7295823113812	0.00777482905909552	c26
ABLIM1	9.84169559665389e-05	0.0783885501219593	35.387323943662	26.3023025954534	0.00261107158609178	c26
RP11-501J20.5	0.00115065433020428	0.00147112270464134	0.176056338028169	0.0109821722736757	0.0204827316373358	c26
BAG3	8.83689706220204e-14	0.0904939269281816	16.9014084507042	8.11948603433759	9.42248131689353e-12	c26
PLEKHA1	3.0216832271896e-12	0.106820085192309	27.2887323943662	15.4336127686056	2.85189340775704e-10	c26
JAKMIP3	0.00114962727694838	0.00163966248181224	0.176056338028169	0.0109821722736757	0.0204827316373358	c26
ADAM8	0.000190241540994883	0.069351660381578	29.9295774647887	22.2242559578285	0.00447313222769126	c26
RP11-664D1.1	8.00734987756141e-12	0.0448403010999257	6.86619718309859	2.36482776293151	6.59656838079594e-10	c26
CD4	8.32673723019574e-25	0.244538575036687	51.5845070422535	28.9856133543215	1.81007151118849e-22	c26
ENO2	0.000429825208191332	0.0515890946206464	20.2464788732394	14.4708423326134	0.00910278476731537	c26
CD69	5.39391717774473e-10	0.304014247695737	95.0704225352113	85.9977303510634	3.62037142205042e-08	c26
TAS2R10	0.000124357935635676	0.00153117452746165	0.176056338028169	0.00732144818245049	0.00313771088942868	c26
CREBL2	0.00194081994001929	0.0476584964280738	20.0704225352113	15.0748618076656	0.0314696761592925	c26
HEBP1	0.0013276552872971	0.0355808441738874	12.3239436619718	8.39404034117949	0.022917017033908	c26
EPS8	2.07084811097906e-06	0.0131796045720358	1.58450704225352	0.351429512757623	7.77872421976906e-05	c26
LDHB	7.8748680252105e-63	0.511643246690222	98.0633802816901	87.8573781894059	6.81517587169417e-60	c26
RP11-707G18.1	0.00128789082738969	0.0457302123734269	21.1267605633803	15.4445949408793	0.0223336044972044	c26
RP11-513G19.1	4.07141268363747e-12	0.00160713830823077	0.176056338028169	0	3.46419643844649e-10	c26
PPFIBP1	0.000818140572776443	0.0132435135277202	2.2887323943662	0.915181022806311	0.0156894868862433	c26
C12orf40	0.000828918139506634	0.0111053160646234	1.76056338028169	0.622323095508292	0.0158510600411672	c26
NELL2	9.02243810047192e-10	0.164065387838097	48.5915492957746	33.9788410147527	5.88011662199808e-08	c26
RP11-493L12.3	0.00117295052433924	0.00347015479460938	0.352112676056338	0.0439286890947029	0.0207664788597545	c26
FKBP11	0.000568875615651871	0.0665546248519892	32.7464788732394	24.7794413735037	0.0116097486334186	c26
KRT1	5.88144021814479e-05	0.0164732328560026	1.23239436619718	0.289197203206794	0.00165554926240744	c26
EIF4B	7.7464360761961e-12	0.226696314689971	81.1619718309859	69.9344730387671	6.39726512625861e-10	c26
RARG	0.00120888282710498	0.027082494621451	5.98591549295775	3.45572354211663	0.0212035908258591	c26
PFDN5	1.79505838184051e-21	0.206099403269895	100	98.2684775048505	3.20014270464202e-19	c26
PCBP2	3.16489364003212e-11	0.24042195910982	96.3028169014084	87.1325548193433	2.40175509700996e-09	c26
TESPA1	1.71069128444027e-18	0.194867911959608	41.5492957746479	24.9185488889702	2.60814625058509e-16	c26
DGKA	1.6116033565869e-09	0.160848158195848	51.9366197183099	37.4784932459641	1.0130851398664e-07	c26
RP11-973D8.4	1.57197048007424e-06	0.00162798880420364	0.176056338028169	0.00366072409122524	6.04339904075559e-05	c26
RPL41	3.24192227017518e-30	0.258244107458135	100	99.9048211736282	8.80913943316793e-28	c26
IL23A	0.0018893779397186	0.0248670069350913	7.3943661971831	4.56492294175788	0.0307242762069878	c26
NACA	1.93168291910249e-24	0.188390232771449	100	99.5899989017828	4.14561301122544e-22	c26
RP11-571M6.18	0.000124506424264443	0.00134734990695231	0.176056338028169	0.00732144818245049	0.00313771088942868	c26
GLIPR1	3.15032202146146e-21	0.29069587446438	63.3802816901408	43.7895815792364	5.55743194717918e-19	c26
NAP1L1	0.000470478519684237	0.12139426674517	64.9647887323944	54.5228246147088	0.00982783833988882	c26
OSBPL8	1.07324038905018e-09	0.165228833806083	51.7605633802817	38.3534063037669	6.95418493628014e-08	c26
SLC6A15	4.07141268363747e-12	0.0014501912581037	0.176056338028169	0	3.46419643844649e-10	c26
C12orf50	0.00304152760098598	0.00289474183416727	0.352112676056338	0.0512501372771534	0.0455914351222101	c26
ATP2B1	7.2293572930072e-08	0.118518713374576	32.3943661971831	22.5134531610353	3.56119831331264e-06	c26
LINC00936	0.00107331133723692	0.070971879145306	31.8661971830986	24.8416736830545	0.0196437545881916	c26
BTG1	3.77801519671015e-14	0.179461288778789	100	99.8608924845334	4.13300142980362e-12	c26
RP11-796E2.4	0.00043465338688649	0.0885010248369349	43.1338028169014	33.9458944979317	0.00918251691005691	c26
CLLU1	1.80122583120258e-05	0.00397226319389971	0.352112676056338	0.0256250686385767	0.000566671364673575	c26
RP11-1105G2.3	0.00195079300340821	0.00260865267145278	0.352112676056338	0.0475894131859282	0.0315706145325822	c26
NTN4	0.000117540611679999	0.00425119696652216	0.528169014084507	0.0695537577332796	0.00306296470993494	c26
ELK3	3.10066235819333e-08	0.105293738938563	27.4647887323944	18.2084416297544	1.63751908302455e-06	c26
CKAP4	0.00117700259081868	0.0182077217965943	3.16901408450704	1.48625398103745	0.020792650686662	c26
RP11-482D24.3	0.000124506424264443	0.00154532644144921	0.176056338028169	0.00732144818245049	0.00313771088942868	c26
TMEM116	1.99271575901691e-05	0.0595668750881298	19.0140845070423	12.5416407365377	0.000618825481883093	c26
RPL6	7.80332232505006e-22	0.159879354542535	100	99.8755353808983	1.42894099141433e-19	c26
RPLP0	5.57965165166176e-39	0.281266579256323	100	99.6632133836073	2.08889758612324e-36	c26
PXN	1.94763909937944e-14	0.14947856615308	33.6267605633803	20.2511256726581	2.20955393314784e-12	c26
UNC119B	0.00207756229005693	0.0172011730922853	3.69718309859155	1.89259435516345	0.0332548141573292	c26
MORN3	5.47533296072354e-10	0.0537066048733752	9.6830985915493	4.24643994582128	3.66771110891886e-08	c26
RP11-87C12.2	0.00195511284257729	0.00256946262764012	0.352112676056338	0.0475894131859282	0.0316253346700909	c26
LINC00944	0.00291697114649799	0.0307858763229654	8.80281690140845	5.78394406413589	0.0441926375045428	c26
RAN	0.000420688327465672	0.134570244798798	88.7323943661972	79.4157484350405	0.00895553998384768	c26
RPL21	3.62818669865557e-70	0.465620548058053	100	99.3557125599444	5.09367177602087e-67	c26
GTF3A	0.00316374724264059	0.108151492780868	67.2535211267606	57.4074751985943	0.0470014548472363	c26
FRY	0.000892723191683645	0.00791402078439575	1.40845070422535	0.44660833912948	0.0168701150984794	c26
SPG20	3.08764768171467e-18	0.0854647353554933	13.0281690140845	4.8724237654208	4.56294741174096e-16	c26
TPT1	9.18470135990034e-117	0.46649296418288	100	99.919464069993	1.03156442540161e-112	c26
RP11-290D2.3	0.000277830692490751	0.00443889433757822	0.704225352112676	0.128125343192884	0.00625777009499648	c26
RP11-90M2.5	0.000124357935635676	0.00206577106140691	0.176056338028169	0.00732144818245049	0.00313771088942868	c26
ITM2B	5.82254592884583e-09	0.182311882493505	99.1197183098592	94.2965918658711	3.38512050658179e-07	c26
LPAR6	9.1597604360309e-27	0.217768272029085	37.1478873239437	18.8051396566241	2.18885793001153e-24	c26
RCBTB2	2.13948429347231e-14	0.0891936641706273	16.9014084507042	7.86323534795183	2.41096266836977e-12	c26
CYSLTR2	0.000281204212186838	0.0128074149260779	1.93661971830986	0.662591060511769	0.00632502985675789	c26
SERPINE3	0.000149809912482748	0.00344165555244817	0.352112676056338	0.0329465168210272	0.00366984095512164	c26
KLF5	0.00176928178803392	0.0201376260387205	3.87323943661972	1.99875535380898	0.0290925145912877	c26
KCTD12	7.10973237492825e-07	0.0125102803843769	1.40845070422535	0.270893582750668	2.9944415330104e-05	c26
DOCK9	0.0032340488676807	0.0281795618304533	8.62676056338028	5.64849727276055	0.047919104022706	c26
GPR183	3.17429071957104e-33	0.398740074397672	64.2605633802817	39.1660870520189	9.30039578306319e-31	c26
MYO16	0.000549449111799378	0.00684342809341959	0.880281690140845	0.201339825017388	0.0112337004690341	c26
RP11-88E10.5	2.55194362031089e-06	0.0244552276962683	4.04929577464789	1.54482556649705	9.46973439898183e-05	c26
TMEM255B	5.86865774134375e-05	0.00633501069013571	0.704225352112676	0.109821722736757	0.00165333239077622	c26
GAS6	0.000208328101626026	0.0184481815041611	3.34507042253521	1.43866456785152	0.00484431128791397	c26
LINC00565	0.000284405902507272	0.00456220300087426	0.528169014084507	0.0768752059157301	0.00638425881351101	c26
RASA3	3.4954301233262e-07	0.0930211599836255	28.6971830985916	19.1602298934729	1.56615721509778e-05	c26
APEX1	4.76271642278959e-05	0.0975070507587118	43.3098591549296	33.64205439836	0.00137510683075812	c26
RNASE6	0.00108373235877833	0.0155866508696515	2.8169014084507	1.25196763919903	0.0198129561023749	c26
NDRG2	8.95227718315329e-05	0.0213504581281969	4.04929577464789	1.80107625288282	0.00240540691713849	c26
RP11-998D10.4	1.57197048007424e-06	0.0020854276169264	0.176056338028169	0.00366072409122524	6.04339904075559e-05	c26
TRAJ18	0.000124506424264443	0.00148838814964857	0.176056338028169	0.00732144818245049	0.00313771088942868	c26
TRAJ3	0.00114757571192868	0.00226798913531631	0.176056338028169	0.0109821722736757	0.0204827316373358	c26
AE000662.92	0.00137335858492678	0.00630937328785913	0.704225352112676	0.15375041183146	0.0235730739483051	c26
RP11-187E13.1	1.1045566956166e-05	0.0048526695155876	0.528169014084507	0.0549108613683787	0.000364157860098881	c26
ARHGAP5	8.29504470786904e-06	0.0461778159742898	10.387323943662	5.85349782186917	0.000279493236386939	c26
KIAA0391	6.54873978953038e-05	0.0531358076331871	15.8450704225352	10.4879745213603	0.00181160294309061	c26
NFKBIA	4.8877489792273e-42	0.6352700740032	94.1901408450704	78.3138704835817	1.9375036953657e-39	c26
RPS29	5.42739696086754e-22	0.193708461019992	100	99.7254456931581	1.00478413845863e-19	c26
RPL36AL	4.78975942230154e-05	0.103707781583544	99.1197183098592	97.6241900647948	0.00138173077033414	c26
RP11-218E20.3	0.000109249474265898	0.00696243146393083	1.05633802816901	0.234286341838416	0.00287357672592908	c26
PTGER2	2.18888021563023e-15	0.133043718431541	25.5281690140845	13.456821759344	2.69168357611113e-13	c26
FBXO34	3.09171381964862e-09	0.109242601019584	28.169014084507	18.007101804737	1.8784269729939e-07	c26
DACT1	2.19219721646959e-06	0.00577765270506219	0.528169014084507	0.0475894131859282	8.21622836615422e-05	c26
PLEKHG3	1.17345197130463e-09	0.0402070631017485	5.80985915492958	2.07196983563349	7.57438519562032e-08	c26
PLEK2	9.14435263027767e-06	0.0124188247656351	1.58450704225352	0.384376029578651	0.000305059225271857	c26
ACTN1	1.54023906183599e-05	0.0469651261011559	15.8450704225352	9.94252663176776	0.000490982166031239	c26
TTC9	0.000666592821339436	0.0241447020008519	5.1056338028169	2.71625727568913	0.013274337188068	c26
PCNX	6.54337971581991e-05	0.06506690285711	19.1901408450704	13.2444997620529	0.00181160294309061	c26
RP6-114E22.1	0.00114962727694838	0.00136988844527007	0.176056338028169	0.0109821722736757	0.0204827316373358	c26
NPC2	2.79521602434692e-11	0.156630528013742	44.5422535211268	30.2888311307977	2.1260047116105e-09	c26
FOS	3.95965587639285e-38	0.830510776672455	94.8943661971831	77.8928872130907	1.38975671978313e-35	c26
JDP2	0.00201069754366006	0.0043317944147518	0.528169014084507	0.0988395504630816	0.0323845330000393	c26
RP11-944C7.1	0.000416532770847488	0.00476724436516889	0.528169014084507	0.0805359300069554	0.00889395131871689	c26
FBLN5	3.76874599582342e-13	0.109200990610267	21.1267605633803	11.1212797891423	3.84800386615983e-11	c26
PPP4R4	2.03549976151903e-05	0.0115095500104009	1.23239436619718	0.267232858659443	0.000630368832395425	c26
SYNE3	3.01967984173338e-07	0.0544959844993982	12.1478873239437	6.63689277739137	1.37049287531336e-05	c26
C14orf132	4.8508018485824e-06	0.00963732846377444	1.23239436619718	0.241607790020866	0.000171323812878549	c26
LINC01550	6.44171061036625e-05	0.0715181792159479	27.112676056338	19.6251418530585	0.00179331489879487	c26
BCL11B	0.00289802649929859	0.0721182238473332	38.2042253521127	31.383387634074	0.0439847319222372	c26
LINC00239	1.06668477066789e-06	0.062019945309084	15.1408450704225	8.97975619577553	4.3302261039619e-05	c26
RP11-1017G21.4	1.85664228997899e-09	0.00345915109752273	0.352112676056338	0.0109821722736757	1.15420120513934e-07	c26
INF2	0.0013806616303976	0.0326265515843812	9.15492957746479	5.93769447596735	0.0236863609850391	c26
CRIP2	2.89623302118675e-34	0.148264596753559	17.0774647887324	5.28608558772925	8.71300673355949e-32	c26
APBA2	0.00090554835135524	0.0301070936916173	12.6760563380282	8.40502251345316	0.017083732447124	c26
FMN1	1.89557925477978e-25	0.0551910884343873	7.04225352112676	1.48259325694622	4.28655351748656e-23	c26
SERINC4	0.00304655046853203	0.00291092138971355	0.352112676056338	0.0512501372771534	0.0456021641433666	c26
RP11-154J22.1	0.000405062692829176	0.0105429584343106	1.58450704225352	0.501519200497858	0.00867653043368483	c26
CTD-2378E12.1	0.0016707390471867	0.00544775617852747	0.704225352112676	0.157411135922686	0.0278269310212105	c26
DMXL2	0.00205828676402714	0.00722856668992516	1.05633802816901	0.311161547754146	0.0330090024879251	c26
C2CD4A	0.000124506424264443	0.00146867028536921	0.176056338028169	0.00732144818245049	0.00313771088942868	c26
RPL4	7.38410965245329e-51	0.396726885044227	99.6478873239437	96.7639199033569	3.65882633279061e-48	c26
SMAD3	8.2719323749496e-06	0.0612164690998339	17.6056338028169	11.245744408244	0.000278993482924476	c26
EWSAT1	4.07141268363747e-12	0.00158073134989699	0.176056338028169	0	3.46419643844649e-10	c26
RPLP1	5.35849216904328e-28	0.165368143794016	100	100	1.36779572078594e-25	c26
HIGD2B	0.00117743151629818	0.00307491119794552	0.352112676056338	0.0439286890947029	0.020792650686662	c26
LOXL1-AS1	0.000851274282062081	0.0290058894507954	6.33802816901408	3.66072409122524	0.0161867018396161	c26
CTD-2026K11.6	0.000124357935635676	0.00162675142920168	0.176056338028169	0.00732144818245049	0.00313771088942868	c26
CTSH	0.00170317202259719	0.0379249004849419	10.387323943662	6.99564373833144	0.0281764797990158	c26
RPS17	7.66062681035106e-05	0.145339641790249	87.5	78.9764615440934	0.00209510681613611	c26
AP3B2	0.000658547615226445	0.00311402269468357	0.352112676056338	0.0402679650034777	0.0131218825236191	c26
ALPK3	4.27346367147247e-06	0.00200596271529648	0.352112676056338	0.0219643445473515	0.000152531869646815	c26
PDE8A	0.00316660640129971	0.0258707104180708	7.3943661971831	4.69304828495076	0.047023197922165	c26
CRAT37	3.12625317913877e-09	0.00395170847335709	0.528169014084507	0.029285792729802	1.89113060355299e-07	c26
SLCO3A1	7.29529680528691e-08	0.0374780356733928	6.69014084507042	2.82607899842589	3.58843402273485e-06	c26
TARSL2	0.000635494155402952	0.0540486585269206	22.887323943662	16.8246879232712	0.0127834866102371	c26
AC140725.4	4.07141268363747e-12	0.00158377199860283	0.176056338028169	0	3.46419643844649e-10	c26
RGS11	0.00115065433020428	0.00118193841962117	0.176056338028169	0.0109821722736757	0.0204827316373358	c26
NME4	0.000184105435427303	0.0396423380623915	11.7957746478873	7.44591280155215	0.00435315687107898	c26
RP11-161M6.2	0.000308893177960905	0.0116807605878992	1.93661971830986	0.666251784602995	0.0068653342600361	c26
IFT140	0.000421836652861985	0.0136950366505388	2.8169014084507	1.1750924332833	0.0089691910978314	c26
RPS2	2.26636610415834e-58	0.33535983734901	100	99.9084818977194	1.62474339390449e-55	c26
LA16c-321D4.2	4.07141268363747e-12	0.00166390734563753	0.176056338028169	0	3.46419643844649e-10	c26
RP11-396B14.2	0.00060475048797112	0.00363627104400102	0.528169014084507	0.0841966540981806	0.0122307700730486	c26
CTD-3088G3.8	5.11680398117103e-05	0.00734257053860002	0.880281690140845	0.161071860013911	0.00146261267259219	c26
RPS15A	1.20844447702089e-11	0.101292842006487	100	99.9816963795439	9.62584591223214e-10	c26
CDIPT-AS1	0.00114962727694838	0.00195774136775407	0.176056338028169	0.0109821722736757	0.0204827316373358	c26
RP11-44F14.2	1.55917745139933e-07	0.0278068496608376	4.40140845070423	1.57411135922686	7.35783263969876e-06	c26
GNAO1	0.000205643977993119	0.0241341051056306	5.45774647887324	2.80045392978731	0.00478850600863866	c26
BBS2	0.00252392233855316	0.0319856852998568	11.0915492957746	7.53377017974155	0.0392074869871877	c26
LINC00920	1.11057890671853e-11	0.0582831378213233	10.5633802816901	4.45510121902112	8.94076614091535e-10	c26
RP11-403P17.5	0.00114860107106753	0.00199919308892756	0.176056338028169	0.0109821722736757	0.0204827316373358	c26
TRADD	7.9089080889668e-08	0.131448023438713	43.3098591549296	31.7860672841088	3.88458818002401e-06	c26
FBXL8	0.00311594508546007	0.0241441162844606	5.80985915492958	3.50331295530256	0.0463935721208535	c26
AC009060.2	4.07141268363747e-12	0.00132495774200806	0.176056338028169	0	3.46419643844649e-10	c26
SYCE1L	0.00105571518847581	0.0266970834839955	5.80985915492958	3.29831240619394	0.0194060379489929	c26
COX4I1	0.000454638211086732	0.0951345430497326	97.7112676056338	95.6730241241718	0.00956215972806264	c26
APRT	0.00171134387408331	0.127586984758738	86.7957746478873	78.2150309331186	0.0282934349820231	c26
RPL13	1.58814448063436e-75	0.298984477454371	100	99.9926785518175	2.67554700652471e-72	c26
AC108004.3	0.000481379848660502	0.0152761228273543	2.64084507042254	1.08357433100267	0.010012106556029	c26
PITPNA-AS1	0.000136747686839773	0.0558270395130269	21.3028169014084	14.9503971885639	0.00340545200323674	c26
RP1-59D14.1	0.00114962727694838	0.00176725658706906	0.176056338028169	0.0109821722736757	0.0204827316373358	c26
RAP1GAP2	3.1975978923331e-07	0.0262622082263939	4.40140845070423	1.61071860013911	1.44037250513732e-05	c26
ARRB2	2.46456670482252e-05	0.118347783269226	54.0492957746479	42.8451147637003	0.00074946850678962	c26
CXCL16	0.000374581486376425	0.0147881537231784	2.11267605633803	0.772412783248527	0.00809566940472564	c26
TEKT1	4.07141268363747e-12	0.0016109201940644	0.176056338028169	0	3.46419643844649e-10	c26
PER1	1.10414100636853e-05	0.0581340772644993	15.669014084507	9.90225866676429	0.000364157860098881	c26
ADPRM	4.62752630290047e-12	0.104888262792806	23.0633802816901	12.8088735951971	3.90776619674006e-10	c26
RP11-138I1.2	0.00139470435749938	0.00993838881831721	1.58450704225352	0.556430061866237	0.0238788214225736	c26
SMCR8	0.0014917852427865	0.0232414962351627	7.21830985915493	4.36358311674049	0.0254116339587706	c26
CTD-2145A24.5	0.000654481966359732	0.00365105697304804	0.352112676056338	0.0402679650034777	0.0130940658176489	c26
CTC-457L16.2	0.00115065433020428	0.00144528294717859	0.176056338028169	0.0109821722736757	0.0204827316373358	c26
FLJ36000	0.000124506424264443	0.00108658406130688	0.176056338028169	0.00732144818245049	0.00313771088942868	c26
RPL23A	2.66458358701985e-24	0.194022884009945	100	99.9048211736282	5.57642729074826e-22	c26
CDK5R1	8.52831054486235e-05	0.0295450720697911	7.57042253521127	4.1329574989933	0.00230250717546949	c26
RFFL	0.00216004975606922	0.0558826719796316	23.0633802816901	17.9082622542739	0.0343467279287382	c26
RASL10B	1.57197048007424e-06	0.00174045978008053	0.176056338028169	0.00366072409122524	6.04339904075559e-05	c26
CTC-268N12.2	4.07141268363747e-12	0.00157003682271213	0.176056338028169	0	3.46419643844649e-10	c26
RPL23	1.02785166525866e-06	0.170504584735074	93.8380281690141	86.4772852070139	4.20807217609056e-05	c26
RPL19	5.76277869599966e-66	0.262285337542445	100	99.9926785518175	5.88397167827311e-63	c26
CCR7	9.41584943506201e-39	0.428699169947869	69.3661971830986	40.3155544166636	3.41137237489225e-36	c26
CNTNAP1	1.10943725706577e-05	0.00473349722855367	0.528169014084507	0.0549108613683787	0.000365409373798376	c26
RPL27	1.2365217306112e-33	0.255350209900229	99.8239436619718	98.6711571548852	3.65468098168543e-31	c26
RP11-392O1.4	4.07141268363747e-12	0.00168571311395623	0.176056338028169	0	3.46419643844649e-10	c26
MAPT	0.00149379111748987	0.0111452670564555	1.76056338028169	0.655269612329319	0.025420099955911	c26
DLX3	0.00115065433020428	0.000780474718879987	0.176056338028169	0.0109821722736757	0.0204827316373358	c26
RP11-1094H24.4	6.71988944488384e-07	0.00191917596689151	0.352112676056338	0.0183036204561262	2.83734279393379e-05	c26
CYB561	9.83585355100434e-12	0.0869453745322636	17.9577464788732	9.26163195079987	7.98576504933832e-10	c26
ACE	4.96295873284097e-16	0.0312805541991719	4.04929577464789	0.820002196434455	6.40533845051805e-14	c26
PRR29	0.000543726384321234	0.00738847736108943	0.880281690140845	0.201339825017388	0.0111302046131954	c26
ICAM2	4.77347652050279e-26	0.265087638713207	53.5211267605634	31.8592817659333	1.11692720751265e-23	c26
ERN1	5.87888039909204e-17	0.202224424536406	44.1901408450704	27.0344474136984	8.11815558061505e-15	c26
AXIN2	1.47290444082307e-06	0.0116285535208354	1.58450704225352	0.344108064575173	5.81124616265719e-05	c26
PRKCA	4.11534374616822e-17	0.099670676018937	18.3098591549296	8.20368268843577	5.72985091666909e-15	c26
RPL38	2.43219284563355e-42	0.298782657977985	99.8239436619718	98.2135666434821	9.75598877866391e-40	c26
DNAI2	9.11770619784168e-06	0.0134398856322492	1.93661971830986	0.53080499322766	0.000304471746907906	c26
CD300A	6.28246324781355e-05	0.04187833079654	11.9718309859155	7.32144818245049	0.00175815047069626	c26
AANAT	5.77915031721432e-05	0.00304567082140665	0.352112676056338	0.029285792729802	0.00163332366640323	c26
ST6GALNAC1	9.26866817170195e-06	0.0100967709179656	1.23239436619718	0.252589962294542	0.000308290725940104	c26
RP11-936I5.1	1.06488487580313e-10	0.0526327108615625	9.6830985915493	4.10001098217227	7.71617871081951e-09	c26
LGALS3BP	9.39504793367641e-10	0.0888423142564866	19.8943661971831	11.4214591646228	6.11113407485121e-08	c26
FSCN2	5.72924247701515e-08	0.00331760528583596	0.352112676056338	0.014642896364901	2.8812103883664e-06	c26
SMCHD1	0.000714286337808077	0.121003941892385	68.4859154929577	58.4873888055057	0.0140719753461866	c26
LPIN2	0.00298338207624186	0.0611529756994351	34.5070422535211	27.5432880623787	0.0449361089302161	c26
L3MBTL4-AS1	0.00114860107106753	0.00195944019230011	0.176056338028169	0.0109821722736757	0.0204827316373358	c26
NDUFV2-AS1	1.21805106030569e-09	0.084565466015156	21.1267605633803	12.0803895010433	7.80247384523575e-08	c26
RP11-691H4.4	0.000124506424264443	0.000927646973406855	0.176056338028169	0.00732144818245049	0.00313771088942868	c26
TTC39C	0.00206887920497443	0.087357353022063	51.7605633802817	42.435113665483	0.0331315665077986	c26
TTC39C-AS1	1.09797323548656e-38	0.09996523083331	12.1478873239437	2.77116813705751	3.93565002090256e-36	c26
HRH4	1.80947786887855e-05	0.00281379967343361	0.352112676056338	0.0256250686385767	0.000567677349292309	c26
TAF4B	0.000164089005634913	0.0353350568981006	9.50704225352113	5.69974741003771	0.00395763418458322	c26
RP11-158H5.8	2.19085368838324e-05	0.0043665445596702	0.528169014084507	0.0585715854596039	0.000672300766633742	c26
RP11-322E11.2	4.07141268363747e-12	0.000900657406967104	0.176056338028169	0	3.46419643844649e-10	c26
MALT1	0.00031355259361876	0.0686018967206388	27.2887323943662	20.6171980817806	0.00695971086257609	c26
BCL2	7.91827403894718e-05	0.080822999165503	34.5070422535211	25.8630157045064	0.00215507532688438	c26
KDSR	0.000127537595871812	0.0729644973085241	32.9225352112676	24.4939048943881	0.0031997406964295	c26
CD226	0.000104824379287767	0.0647914406301965	25.8802816901408	18.8966577589047	0.00276582038819264	c26
RP11-405M12.3	0.000306537482416257	0.0202271608744939	2.99295774647887	1.26294981147271	0.00682254220973307	c26
ISM1	0.000179264474564943	0.00953318988161682	1.05633802816901	0.245268514112091	0.00426563362005026	c26
DSTN	1.81999695114419e-05	0.103014124927795	42.7816901408451	32.4486583446206	0.000569916145649185	c26
RP5-872K7.7	4.07141268363747e-12	0.00159497709042623	0.176056338028169	0	3.46419643844649e-10	c26
ZSWIM1	0.000485317022850428	0.0128157264407763	2.8169014084507	1.18241388146575	0.0100877679012476	c26
ZFAS1	4.96301868794223e-05	0.151458718277353	89.612676056338	79.6719991214262	0.00142900783329315	c26
TMEM189-UBE2V1	5.7909840355557e-05	0.00329397625591249	0.352112676056338	0.029285792729802	0.00163418271435522	c26
CASS4	7.70518865315817e-06	0.0523961295429788	12.3239436619718	7.28484094153824	0.000261185740925062	c26
TFAP2C	0.000124357935635676	0.00118883789941551	0.176056338028169	0.00732144818245049	0.00313771088942868	c26
EDN3	3.89439624713021e-07	0.00575571372458789	0.704225352112676	0.0732144818245049	1.71976129948631e-05	c26
RPS21	1.20639429838546e-51	0.272652572698996	100	99.8718746568071	6.35128898278119e-49	c26
STMN3	6.41867858554072e-07	0.0906254608998275	30.6338028169014	21.0125562836329	2.72038938693345e-05	c26
GPX4	6.30209218976016e-05	0.157464399285295	83.9788732394366	71.6367097411868	0.00176071885772619	c26
RPS15	1.5816369163394e-40	0.191719266937627	100	99.9926785518175	6.19670630920228e-38	c26
AES	1.05367512523951e-08	0.201362544006207	81.5140845070423	69.0961672218765	5.97685684677105e-07	c26
TJP3	3.53596315212268e-06	0.0250354016455449	4.75352112676056	1.96214811289673	0.000128108325212496	c26
EEF2	2.10298278902389e-30	0.319619237431281	98.943661971831	94.9152542372881	5.80802476175172e-28	c26
RPL36	1.272078780809e-80	0.323666708929286	100	99.9158033459018	2.52126014356344e-77	c26
AC104532.4	0.000124506424264443	0.00161371505230518	0.176056338028169	0.00732144818245049	0.00313771088942868	c26
ACSBG2	0.000124506424264443	0.00189470365752152	0.176056338028169	0.00732144818245049	0.00313771088942868	c26
ALKBH7	3.90238664272394e-05	0.10727639821692	49.1197183098592	38.1776915473881	0.00114039042098821	c26
ADGRE1	3.58980405171503e-12	0.0747957624893742	13.2042253521127	6.0475161987041	3.35985715884684e-10	c26
CTB-133G6.1	2.16393451539609e-14	0.134969510256052	30.6338028169014	17.2895998828568	2.43038698539186e-12	c26
CTD-3214H19.4	0.000124506424264443	0.00187800871319346	0.176056338028169	0.00732144818245049	0.00313771088942868	c26
RPS28	4.9281394767313e-58	0.25776982944278	100	99.9963392759088	3.3887496230405e-55	c26
PRAM1	0.000599884788126196	0.00407435981237933	0.528169014084507	0.0841966540981806	0.0121542501810728	c26
MBD3L1	4.07141268363747e-12	0.000913557522999871	0.176056338028169	0	3.46419643844649e-10	c26
ICAM3	0.00306133727902779	0.10682860768037	70.5985915492958	60.9840026357213	0.0457219407267564	c26
MAN2B1	0.000621189546220926	0.0623033229567936	27.2887323943662	20.8331808031629	0.0125331500421364	c26
JUNB	0.000104713092471694	0.216613112311846	90.4929577464789	85.5987114251199	0.00276504932424865	c26
CTD-2265O21.7	0.00114962727694838	0.00148451969316123	0.176056338028169	0.0109821722736757	0.0204827316373358	c26
LYL1	0.00255967211780767	0.0294072465415619	8.27464788732394	5.35930006955376	0.0396896421249019	c26
DNAJB1	1.00639517240121e-18	0.466818056845771	89.2605633802817	77.6476186989787	1.56264879902702e-16	c26
CTD-2562J15.6	1.92113290511162e-16	0.089287408416296	16.1971830985916	6.91144708423326	2.55852379860992e-14	c26
KLF2	2.16645102537932e-72	0.928227445425153	91.5492957746479	58.1249771204744	3.31801822041504e-69	c26
RPL18A	1.56274407378073e-66	0.274790703433216	100	99.9780356554526	1.75516996073226e-63	c26
ARRDC2	4.59112633817644e-07	0.084099944457771	22.7112676056338	14.8259325694622	2.00120841964446e-05	c26
ISYNA1	5.32922095487832e-08	0.0546994026405288	11.9718309859155	6.19394516235311	2.70425859719383e-06	c26
UBA52	6.2761939155918e-23	0.178909178145618	100	99.4399092140425	1.20153453290881e-20	c26
PBX4	0.000953911293218643	0.0672912154390298	33.2746478873239	25.9142658417835	0.017846244927101	c26
AC002306.1	0.000410153404868628	0.00844304676091982	1.40845070422535	0.417322546399678	0.00876885077642357	c26
WDR88	1.57197048007424e-06	0.00204920469773761	0.176056338028169	0.00366072409122524	6.04339904075559e-05	c26
KIAA0355	1.41795663458134e-08	0.0615739442834379	13.556338028169	7.13841197788923	7.84343727866041e-07	c26
FXYD1	6.44268823215054e-13	0.0759815416618655	14.2605633802817	6.48314236555991	6.4799981281815e-11	c26
FXYD7	2.41359050292784e-24	0.142343464011365	21.3028169014084	8.76011275030201	5.08271990035317e-22	c26
FXYD5	4.24418334526222e-70	0.487983670889744	100	94.4832887945236	5.72014054541061e-67	c26
LSR	2.00504838344942e-13	0.129744310313806	29.9295774647887	17.2420104696709	2.07233436294309e-11	c26
CTD-2162K18.3	1.5747920572753e-06	0.00174634467482225	0.176056338028169	0.00366072409122524	6.04339904075559e-05	c26
CTC-454I21.3	1.5747920572753e-06	0.00192536771964293	0.176056338028169	0.00366072409122524	6.04339904075559e-05	c26
CTD-3220F14.1	1.81361738182906e-05	0.00274851749058806	0.352112676056338	0.0256250686385767	0.000568446735473009	c26
SPINT2	4.25615734544053e-19	0.153444370071196	29.5774647887324	15.3530768385987	6.73272138954335e-17	c26
EIF3K	0.00257390644446101	0.120177056841573	95.4225352112676	89.0983636563312	0.039818734499389	c26
RPS16	7.02190521634241e-50	0.25166199470374	99.8239436619718	99.8425888640773	3.37994391942059e-47	c26
RPS19	2.07035869049488e-47	0.262284314594774	100	99.9853571036351	9.55598160514172e-45	c26
LYPD3	2.78775989308286e-06	0.0312173725303301	6.51408450704225	3.0310795475345	0.000102768907918527	c26
SRRM5	0.00153320408323632	0.00416922964344222	0.528169014084507	0.0951788263718564	0.0259466491112831	c26
PLAUR	0.00101270444459264	0.0169316725628833	2.99295774647887	1.35812863784457	0.0187278065620771	c26
LYPD5	0.00194820530789471	0.00313261459434007	0.352112676056338	0.0475894131859282	0.0315706145325822	c26
TRAPPC6A	0.0022136212811183	0.0688764987156049	36.2676056338028	29.3956144525387	0.035033234122123	c26
GLTSCR2	1.95882602568948e-29	0.346572035092367	95.7746478873239	86.4553208624666	5.19690426059695e-27	c26
PLA2G4C	0.00245237151399663	0.0170236875317046	4.57746478873239	2.52223889885419	0.0381840137673764	c26
EMP3	5.58333713482406e-08	0.224659564545796	90.1408450704225	76.9264560530073	2.82894678828213e-06	c26
RPL18	5.83305695402107e-51	0.245369886176036	100	99.9304462422667	2.97786395467858e-48	c26
FTL	7.10410558551354e-08	0.172241536621139	99.4718309859155	97.9646374052788	3.50462274668072e-06	c26
FLT3LG	1.72862785167761e-24	0.325357640670063	71.6549295774648	48.9255774792254	3.7336145406683e-22	c26
RPL13A	8.57477359305079e-45	0.280408350435212	99.8239436619718	99.5314273163232	3.56689409190436e-42	c26
RPS11	4.93542500858225e-15	0.207929815644811	98.943661971831	95.8816853973716	5.89695780989966e-13	c26
NOSIP	1.57902728242705e-29	0.363556782407121	66.7253521126761	47.1208405022513	4.25629962032777e-27	c26
CTD-2126E3.3	0.00168278955750355	0.011510599240829	1.58450704225352	0.567412234139913	0.0279585361688977	c26
ZNF534	0.00114860107106753	0.00234186283579397	0.176056338028169	0.0109821722736757	0.0204827316373358	c26
CTD-3099C6.7	5.74923107662026e-08	0.00311030503034548	0.352112676056338	0.014642896364901	2.88695367951778e-06	c26
RPS9	5.40536781016738e-70	0.350290394164085	100	99.3813376285829	7.00494088445307e-67	c26
LAIR1	9.58035395540887e-06	0.0649488424895518	19.0140845070423	12.5086942197167	0.000317716974580262	c26
RPL28	4.52547076556922e-25	0.151561074233901	100	99.9926785518175	1.00316586825717e-22	c26
ZSCAN18	8.38937040168379e-07	0.0514688146050279	11.0915492957746	5.99626606142695	3.48977094215227e-05	c26
RPS5	5.27000234244503e-56	0.317120924411551	100	99.4106234213127	3.17084748082755e-53	c26
DRICH1	0.00114757571192868	0.0019733782168166	0.176056338028169	0.0109821722736757	0.0204827316373358	c26
XBP1	0.00282323304376775	0.0816424207268535	46.4788732394366	38.2875132701248	0.0430212636980662	c26
CTA-292E10.6	0.0013890162649115	0.030200458020887	9.85915492957746	6.37698136691438	0.02380544965917	c26
MORC2	0.0020959969790589	0.0188073817069423	5.1056338028169	2.88098985979427	0.0334862599395025	c26
SELM	0.00118684076304109	0.0847907350957615	47.0070422535211	36.6035801881612	0.0209478327238903	c26
PIK3IP1	3.29525925691122e-18	0.305566259214944	85.2112676056338	68.1260753377018	4.84849193896798e-16	c26
MYH9	6.37005863113362e-05	0.156977535375377	83.4507042253521	73.9100194018377	0.00177529160891163	c26
RP5-1119A7.14	0.00194993008782653	0.00308367026829856	0.352112676056338	0.0475894131859282	0.0315706145325822	c26
EIF3L	4.72246244301107e-14	0.255770308778015	82.9225352112676	67.6721455503899	5.13285966305855e-12	c26
RPL3	4.74888727433527e-90	0.445556211330441	100	99.7620529340704	2.66681679702421e-86	c26
TNRC6B	0.000273277833241017	0.0922623542577752	43.3098591549296	34.9342900025625	0.00617974719008244	c26
ADSL	6.09286757725517e-05	0.0894511756916948	35.5633802816901	27.4554306841893	0.0017107756679003	c26
RNU12	3.0735397120037e-06	0.052935722804803	13.0281690140845	7.57769886883626	0.000112586008324873	c26
CH507-9B2.1	0.00304278260927443	0.00300697835097604	0.352112676056338	0.0512501372771534	0.0455914351222101	c26
bP-2189O9.3	0.000124357935635676	0.000977072549928344	0.176056338028169	0.00732144818245049	0.00313771088942868	c26
APP	2.87354710501818e-22	0.112385346516656	18.6619718309859	7.47885931837317	5.40901095846272e-20	c26
CBR3	0.000361549456491144	0.0245272167168432	4.57746478873239	2.29893472928945	0.00783915533269795	c26
LINC01423	1.57197048007424e-06	0.0015175799264484	0.176056338028169	0.00366072409122524	6.04339904075559e-05	c26
ERVH48-1	0.00304403808985659	0.00343067440761448	0.352112676056338	0.0512501372771534	0.0455914351222101	c26
ITGB2-AS1	0.0013287685606335	0.0584494730186773	29.2253521126761	22.4182743346634	0.0229244894429007	c26
MT-ND1	4.20491069770968e-23	0.30616355645019	99.8239436619718	98.601603397152	8.14254373842701e-21	c26
MT-ND2	3.10932416172556e-09	0.220924195317754	99.4718309859155	95.0323974082073	1.88427281124426e-07	c26
MT-CO1	0.00012297518683361	0.128266100819542	100	99.8425888640773	0.00313771088942868	c26
MT-CO2	8.37778170904994e-11	0.156149119461248	100	99.9158033459018	6.16334010709015e-09	c26
MT-ATP8	2.08585592266088e-16	0.23600845875474	100	98.960354358092	2.76696178969039e-14	c26
MT-ATP6	5.2228743455808e-25	0.307429236093608	99.8239436619718	99.3154445949409	1.15019299477124e-22	c26
MT-CO3	2.16623101923365e-25	0.306806054241316	100	99.5826774536003	4.8659325308039e-23	c26
MT-ND3	4.95890832934667e-15	0.23089460626215	100	99.2898195263023	5.904079761449e-13	c26
MT-ND4L	6.53796910837767e-16	0.200179284122993	100	99.8389281399861	8.37605821816264e-14	c26
MT-ND4	4.64556860630152e-09	0.196473174718471	98.943661971831	96.0171321887469	2.73898618519268e-07	c26
MT-ND5	0.000204577605301426	0.140019064990023	99.4718309859155	96.6833839733499	0.00476696945575812	c26
MT-CYB	3.22303093696338e-37	0.377730749052733	100	99.560713109053	1.08596804390044e-34	c26
