p_val	avg_log2FC	pct.1	pct.2	p_val_adj	cluster	gene
1.90642748409245e-237	1.37983441409471	0.975	0.774	6.42351676490111e-233	c7	FOS
5.14946417028225e-212	1.72834374399333	0.587	0.206	1.7350604575349e-207	c7	TIMP1
7.07161664544438e-197	1.42081337075718	0.663	0.252	2.38271051251603e-192	c7	CD40LG
3.44065425923904e-190	1.23953157505954	0.949	0.61	1.159294046108e-185	c7	ANXA1
1.09246165391933e-175	0.903664976337061	0.987	0.788	3.68094029671578e-171	c7	S100A11
6.34763832725527e-169	0.943730906183954	0.987	0.791	2.13877325798539e-164	c7	IL7R
5.93052737946146e-168	0.892439028877387	0.988	0.897	1.99823189523574e-163	c7	DUSP1
8.67400480104185e-153	2.42184649594325	0.339	0.098	2.92261917766304e-148	c7	CDKN1A
5.60358217085638e-150	1.99207004160067	0.309	0.08	1.88807097664835e-145	c7	DPP4
2.04936400563369e-121	0.979705396085741	0.961	0.82	6.90512708058216e-117	c7	JUN
2.89199718842407e-113	0.604900010968401	0.998	0.936	9.74429532667605e-109	c7	VIM
1.50281049685514e-110	0.934983115710187	0.928	0.761	5.06356968810369e-106	c7	TNFAIP3
4.6315353539583e-110	0.983100393685231	0.776	0.482	1.56054952216271e-105	c7	FLT3LG
1.24032772103772e-109	1.27965911608349	0.354	0.123	4.17916022326448e-105	c7	CTSL
1.02820648177387e-104	1.03857286229055	0.487	0.202	3.46443891968888e-100	c7	HOPX
4.10465332529586e-101	0.718678485231361	0.977	0.857	1.38302189142519e-96	c7	CD69
4.31864406125081e-96	2.73341538515704	0.119	0.021	1.45512392999785e-91	c7	IL4I1
8.20277719361946e-96	0.32996324444699	0.999	0.999	2.76384374761814e-91	c7	TPT1
3.65784025271782e-95	0.657717973453298	0.977	0.831	1.23247269475074e-90	c7	S100A10
8.18219740988845e-92	0.555538862442523	0.992	0.874	2.75690959528781e-87	c7	S100A4
9.43154241779377e-92	1.08049168326633	0.461	0.201	3.17786390225143e-87	c7	CAPG
2.26607063878422e-90	0.586438390848036	0.975	0.76	7.63529841031956e-86	c7	LTB
3.63331019886759e-90	1.11026219932775	0.916	0.781	1.22420753840645e-85	c7	NFKBIA
2.93300426168505e-88	0.573455814566538	1	0.973	9.8824645593216e-84	c7	ZFP36L2
4.42387049567638e-88	1.07092493466945	0.635	0.355	1.4905789248132e-83	c7	PTGER4
1.03415031123752e-85	1.37718829642803	0.338	0.129	3.4844660586837e-81	c7	PTGER2
2.14569295906953e-83	1.43619522684246	0.315	0.117	7.22969785628889e-79	c7	DHRS3
7.75497188375677e-83	1.13559696372969	0.487	0.238	2.612960226513e-78	c7	KLRB1
9.16395021051981e-82	1.61847524010342	0.254	0.085	3.08770138393254e-77	c7	CCR6
2.24825116918812e-81	1.10527711457149	0.51	0.255	7.57525748946244e-77	c7	AQP3
1.7262362626548e-80	0.618519365397579	0.983	0.906	5.81638046338908e-76	c7	KLF6
9.5176408885187e-80	1.01645790841703	0.606	0.343	3.20687392097749e-75	c7	FOSB
1.75834392999086e-77	0.912420258202199	0.655	0.386	5.92456403771121e-73	c7	GPR183
2.02619462420717e-77	0.583790595502028	0.981	0.92	6.82706016680364e-73	c7	CXCR4
4.82576649055962e-74	0.288492618588121	1	1	1.62599376132916e-69	c7	RPS19
6.40138349205809e-70	1.14776733587403	0.456	0.227	2.15688215381405e-65	c7	SESN1
4.60447847326808e-68	0.621367521561401	0.979	0.939	1.55143297678295e-63	c7	TSC22D3
9.62666147534958e-67	2.75523383834326	0.074	0.011	3.24360731750429e-62	c7	PLAUR
5.92336250721914e-65	1.56489622150722	0.275	0.111	1.99581776318242e-60	c7	TNFSF13B
3.32443875253042e-62	0.27804932472789	1	0.993	1.1201363932776e-57	c7	RPL35
2.61543899897568e-58	0.672122666082886	0.801	0.596	8.81246016314866e-54	c7	ARHGAP15
3.66313668162752e-56	1.89838997389458	0.132	0.037	1.23425727350758e-51	c7	LTC4S
9.28061376029195e-56	1.45896500875227	0.209	0.076	3.12701000039277e-51	c7	ANTXR2
2.41643411625285e-54	0.318544759618573	0.998	0.974	8.14193311130237e-50	c7	CD52
2.90013231066253e-54	1.43149987336921	0.183	0.063	9.77170580754632e-50	c7	FHL1
7.56014099521798e-54	0.874535412221994	0.458	0.248	2.54731390692875e-49	c7	TNFRSF25
1.45553114541143e-53	0.743918552805423	0.595	0.368	4.90426664134927e-49	c7	TMEM173
9.5003638218003e-53	0.74968659432822	0.599	0.376	3.20105258611739e-48	c7	XBP1
3.76310416041375e-52	0.912790061576905	0.545	0.336	1.26794031580981e-47	c7	CTD-3252C9.4
4.47047319743288e-52	1.16437263923538	0.299	0.135	1.50628123914303e-47	c7	PERP
8.04193005420677e-50	0.560638900013541	0.958	0.853	2.70964791246443e-45	c7	JUNB
1.55457838406371e-49	1.02001317307141	0.362	0.181	5.23799640726427e-45	c7	S1PR1
1.16774651884352e-48	0.337198040124941	0.993	0.944	3.93460512059136e-44	c7	FXYD5
1.5842807114801e-48	0.222418040866115	1	1	5.33807542926105e-44	c7	RPLP1
3.0681229673664e-48	0.448275234716432	0.924	0.766	1.03377335262444e-43	c7	EMP3
3.73271171633235e-48	0.713385754748022	0.556	0.334	1.25769988570102e-43	c7	RORA
2.67747971393161e-46	0.656719995550373	0.927	0.826	9.02150014812116e-42	c7	ZFP36
1.11868769676631e-44	0.930690431683977	0.404	0.225	3.76930632548441e-40	c7	PLK3
1.52989203025076e-44	1.47701441865407	0.142	0.047	5.15481820672693e-40	c7	SPG20
1.87684850166378e-44	0.552705660251354	0.8	0.614	6.32385334150593e-40	c7	AHNAK
2.30385870504259e-44	0.550683958823717	0.779	0.58	7.76262152077049e-40	c7	KLF2
8.51521609408544e-44	1.33676440190786	0.19	0.075	2.86911691074115e-39	c7	RGS16
1.551879299424e-43	0.535095579686242	0.887	0.738	5.22890211147923e-39	c7	TAGLN2
3.00708614108283e-43	1.19217376266574	0.215	0.089	1.01320760437645e-38	c7	CYB561
3.14859062110882e-43	1.36508971946239	0.236	0.105	1.06088612387641e-38	c7	LMNA
3.31420669867363e-43	0.231190867046934	1	0.998	1.11668880505109e-38	c7	RPL3
1.25554716143345e-41	0.652262863085513	0.561	0.352	4.23044060573387e-37	c7	CTSB
2.70024170676098e-41	0.811136422493342	0.424	0.242	9.09819440676044e-37	c7	FKBP11
5.55702729492355e-41	0.210757298847247	1	0.999	1.87238477675154e-36	c7	RPS18
6.38992577762186e-41	0.280638450598325	0.998	0.996	2.15302159151191e-36	c7	MT-CYB
1.78338180394626e-40	0.702231503289479	0.684	0.5	6.00892665021652e-36	c7	PPP1R15A
9.89561624351089e-40	0.591917634693744	0.492	0.286	3.33422893708856e-35	c7	CD4
1.2889694850337e-39	0.720928570405228	0.571	0.378	4.34305378287256e-35	c7	PIM1
1.76640429644002e-39	1.94283750631551	0.095	0.027	5.951722636425e-35	c7	TTC39C-AS1
4.2841313620451e-39	1.08914410923587	0.209	0.089	1.44349522112748e-34	c7	MYBL1
5.02651978567301e-39	0.177031969156975	1	1	1.69363557658466e-34	c7	RPS27A
1.83135064183211e-38	2.69548746858834	0.043	0.007	6.17055285258912e-34	c7	RORC
6.19635294532865e-38	0.783312993425845	0.709	0.56	2.08779916139903e-33	c7	BTG2
1.47798324137282e-37	0.1611153130432	1	1	4.97991673348157e-33	c7	EEF1A1
2.25600844576198e-37	2.0118648406239	0.076	0.019	7.60139485715041e-33	c7	PLEKHG3
4.32956490335716e-37	0.875037947947273	0.384	0.224	1.45880359853716e-32	c7	PNP
5.40310835698698e-37	0.717702677285046	0.57	0.38	1.82052332980319e-32	c7	NCF1
7.35681301356765e-37	0.245819152936601	1	0.996	2.47880457679148e-32	c7	FTH1
8.5179135350354e-37	0.805822003126516	0.318	0.164	2.87002578649483e-32	c7	PLAC8
1.80141391311608e-36	3.24323259213651	0.025	0.003	6.06968403885332e-32	c7	TPBG
9.44467759513105e-36	0.585468721628729	0.635	0.434	3.18228966890346e-31	c7	GLIPR1
1.29961867393359e-35	1.1895375745179	0.231	0.111	4.37893515995184e-31	c7	ANKRD28
1.66879748065658e-35	1.45762356465247	0.112	0.037	5.62284623132429e-31	c7	IL2
1.06994289401261e-34	1.28827729565455	0.139	0.052	3.6050655870861e-30	c7	CRIP2
1.82956090714225e-34	1.12378820822951	0.164	0.066	6.16452252052509e-30	c7	NSG1
3.63009730224933e-34	1.3742326763915	0.136	0.051	1.22312498501989e-29	c7	SLC40A1
1.01745121234462e-33	1.61767433744938	0.101	0.032	3.42820011487395e-29	c7	RARG
1.55920152999339e-33	0.699633681455068	0.44	0.267	5.25357363515972e-29	c7	ERN1
2.13118314780176e-33	0.833050545315083	0.344	0.196	7.18080849820324e-29	c7	BHLHE40
5.54166096418712e-33	0.248466502906178	0.999	0.999	1.86720724527321e-28	c7	BTG1
1.16514647670686e-32	0.235132582316967	1	0.996	3.9258445386161e-28	c7	MT-CO3
1.23762220197236e-32	0.492348456519222	0.75	0.578	4.17004424732568e-28	c7	PDCD4
1.50249537577536e-32	0.771023055351802	0.289	0.151	5.06250791913749e-28	c7	SPINT2
1.79008432706102e-32	0.250149682891924	0.998	0.986	6.03151013159941e-28	c7	MT-ND1
1.75676587084151e-31	1.82300527524296	0.064	0.016	5.91924692521338e-27	c7	STX3
1.83913701956822e-31	1.47937282401195	0.211	0.103	6.19678827373316e-27	c7	SGK1
5.39758236189544e-31	0.227016172682664	0.995	0.965	1.81866140101705e-26	c7	MYL12A
5.45001364741761e-31	1.42838480255169	0.123	0.046	1.83632759836089e-26	c7	GDPD5
6.46845952883252e-31	0.247326798005044	0.981	0.909	2.17948275364483e-26	c7	S100A6
6.7738495954505e-31	1.12563798649912	0.181	0.081	2.28238088269109e-26	c7	ZBTB10
1.17014111491966e-30	1.67757908823304	0.099	0.033	3.9426734726103e-26	c7	AC020571.3
1.18582589286541e-30	0.887882279147817	0.248	0.125	3.9955217634207e-26	c7	SORBS3
1.40939449438711e-30	0.726076364313639	0.375	0.22	4.74881380938794e-26	c7	DYNLT3
2.63708876898005e-30	1.37108967462355	0.12	0.045	8.88540689820138e-26	c7	CCR2
3.5302195419387e-30	0.542001203258603	0.635	0.469	1.18947217246082e-25	c7	NOSIP
1.01869784658379e-29	0.150262699732919	1	0.999	3.43240052427943e-25	c7	RPL14
1.22518429408644e-29	2.3473937729164	0.043	0.008	4.12813596049485e-25	c7	TSPAN18
1.92497654072475e-29	1.48020662025161	0.095	0.032	6.48601595631796e-25	c7	SVIL
4.11352390306419e-29	3.80175753496234	0.015	0.001	1.38601074389845e-24	c7	RAI14
7.36536352957643e-29	0.714630400235636	0.387	0.238	2.48168558765548e-24	c7	MYADM
7.44732080873937e-29	0.18264377010738	0.998	0.994	2.50930027329664e-24	c7	RPS9
7.87041932943379e-29	1.37760953417915	0.196	0.096	2.65185908885942e-24	c7	ATF3
8.3927109564334e-29	0.715739990146607	0.345	0.201	2.82784002966067e-24	c7	FBLN7
8.91106496708181e-29	0.154529322964041	1	0.998	3.00249423000855e-24	c7	RPS6
1.2327865516927e-28	0.255151969759674	0.985	0.95	4.1537510072734e-24	c7	MT-ND2
1.71128369395413e-28	0.226602014891834	0.997	0.99	5.76599927840904e-24	c7	MT-ATP8
4.68266317553662e-28	0.674605351117431	0.467	0.314	1.57777653036531e-23	c7	TRADD
5.79230677606788e-28	0.59104105698971	0.455	0.288	1.95165984512831e-23	c7	MGAT4A
5.99952509915902e-28	2.60790955462933	0.033	0.005	2.02147998691064e-23	c7	ADAM23
7.22442169628047e-28	0.106027083694462	1	1	2.43419664634474e-23	c7	RPL32
1.56125028529454e-27	2.52682479391561	0.026	0.004	5.26047671127141e-23	c7	LL22NC03-75H12.2
1.63888875275088e-27	0.138970073174334	1	1	5.52207176351883e-23	c7	RPL13
1.71626026709178e-27	0.383439445182287	0.645	0.445	5.78276734393903e-23	c7	ANXA2
3.41712444123695e-27	0.256191638930952	0.988	0.942	1.15136590923038e-22	c7	ITM2B
7.11375680770671e-27	0.180876942435388	0.996	0.973	2.3969092187887e-22	c7	EEF1B2
1.28764505293089e-26	0.131228030804813	1	1	4.33859124134534e-22	c7	RPL34
1.48158652299489e-26	0.797713135033737	0.338	0.203	4.992057630579e-22	c7	IFNGR1
1.50681176887772e-26	1.08677900852187	0.199	0.101	5.07705157405659e-22	c7	ADAM19
1.53778891617366e-26	0.256749976809131	0.956	0.878	5.18142597415553e-22	c7	LDHB
1.69292763191981e-26	0.486189530092804	0.451	0.286	5.7041503629906e-22	c7	THEM4
2.66167383999952e-26	1.65875998746913	0.073	0.022	8.96824383649439e-22	c7	C10orf128
2.73732328072624e-26	0.465281276039438	0.868	0.775	9.223137062079e-22	c7	DNAJB1
7.62860871504824e-26	0.430236541688935	0.808	0.676	2.57038342044835e-21	c7	OCIAD2
7.68445194741779e-26	0.139088569337222	1	1	2.58919923916295e-21	c7	RPS25
8.59844718385612e-26	0.829928767841973	0.224	0.116	2.89716079412848e-21	c7	SYTL2
1.03938416656205e-25	0.399925205140962	0.732	0.576	3.50210101081416e-21	c7	CD6
1.20203315755655e-25	0.371279458983889	0.406	0.246	4.05013052107105e-21	c7	KLRG1
2.02720428224517e-25	0.589405913810091	0.471	0.317	6.83046210859688e-21	c7	ICAM2
3.0713029680424e-25	0.182309074304346	0.999	0.997	1.03484482205221e-20	c7	RPLP0
3.40831421073137e-25	1.38828073153272	0.097	0.036	1.14839739016383e-20	c7	CH17-373J23.1
6.45341078796657e-25	1.23626530194007	0.122	0.05	2.17441223089746e-20	c7	SMIM3
1.11063952879148e-24	1.1151660752594	0.133	0.057	3.74218882831e-20	c7	CXorf57
2.03898004999728e-24	0.217980548987335	0.992	0.966	6.87013938046085e-20	c7	MT-ND5
3.16129683296698e-24	1.35713895229174	0.097	0.037	1.06516735489989e-19	c7	NLRP3
3.76533637480782e-24	1.59706628423506	0.081	0.028	1.26869243812775e-19	c7	QPCT
1.10177331288696e-23	0.135684915818048	1	1	3.71231500044131e-19	c7	RPS3
1.28065025999945e-23	0.703042963623993	0.229	0.122	4.31502298604216e-19	c7	LAIR1
1.81142794363541e-23	0.626254162128654	0.377	0.241	6.10342531328515e-19	c7	KDSR
5.55072490189178e-23	1.65227103324388	0.053	0.014	1.87026124844342e-18	c7	CFH
6.28632606711005e-23	0.503586163629108	0.539	0.391	2.11811470505206e-18	c7	CCDC107
7.79230827574489e-23	0.134343103065707	0.998	0.994	2.62554035042948e-18	c7	RPS5
1.01834086979674e-22	0.904163834774092	0.217	0.118	3.43119772669314e-18	c7	CDK5RAP1
1.18500704975947e-22	2.43333906364901	0.023	0.003	3.99276275345956e-18	c7	SLC4A10
1.46831857445437e-22	0.66211228754401	0.423	0.289	4.94735260476656e-18	c7	GPR171
1.6944138942855e-22	0.373045880336293	0.841	0.728	5.70915817540556e-18	c7	CIB1
2.10349444562009e-22	0.394462420461368	0.605	0.447	7.08751418507233e-18	c7	C10orf54
3.34034390292557e-22	0.454470780591696	0.659	0.51	1.12549547465174e-17	c7	OSTF1
5.58481736825338e-22	1.19613451583518	0.119	0.051	1.88174836405929e-17	c7	GCSAM
6.86681575285481e-22	0.635244985286768	0.347	0.219	2.3137048997669e-17	c7	ADAM8
9.64511501936126e-22	2.35606455179293	0.028	0.005	3.24982505462358e-17	c7	TGFA
1.13629187545953e-21	1.22188027579759	0.103	0.042	3.82862184517334e-17	c7	IL18RAP
1.27672634264352e-21	0.8170804910742	0.224	0.125	4.30180173890309e-17	c7	RIPK2
1.92971613604796e-21	0.637009340196596	0.348	0.222	6.50198554879999e-17	c7	ATP2B1
5.76192014348918e-21	0.595483033338833	0.187	0.099	1.94142137314725e-16	c7	NR4A1
8.68647147898914e-21	0.113415610873516	1	1	2.9268197001306e-16	c7	RPS23
1.14826270107933e-20	0.841351456068799	0.334	0.219	3.86895634501669e-16	c7	PHLDA1
1.24116095490753e-20	0.478023014114836	0.447	0.3	4.18196772146542e-16	c7	NPC2
1.35699773701404e-20	0.678940150811543	0.617	0.485	4.5722681750951e-16	c7	CITED2
1.41576525230781e-20	0.115290190031159	1	1	4.77027944112592e-16	c7	RPL18A
2.38807852086178e-20	0.267547155179469	0.88	0.754	8.04639176819169e-16	c7	ZFP36L1
2.83213998505376e-20	0.776354369323855	0.186	0.098	9.54261246564013e-16	c7	ANK3
3.09833804352097e-20	0.425527677968775	0.607	0.463	1.04395402038395e-15	c7	CAST
3.83055819521109e-20	0.300585714635403	0.821	0.681	1.29066827829443e-15	c7	ABRACL
3.87008960584331e-20	0.423466596073417	0.967	0.937	1.30398799179284e-15	c7	TXNIP
6.30110831989622e-20	0.223495020480383	0.986	0.939	2.12309543730583e-15	c7	CALM1
7.76990178656733e-20	0.21915397550085	0.949	0.863	2.617990707966e-15	c7	GLTSCR2
8.21463693774536e-20	0.55108284966618	0.622	0.48	2.76783976980392e-15	c7	IER2
2.34283715132539e-19	0.162325232753123	0.998	0.993	7.89395549767578e-15	c7	MT-ND3
3.99546931700054e-19	0.205197626987225	0.64	0.492	1.34623343167016e-14	c7	TUBA1B
4.43451441638865e-19	0.230755442208161	0.972	0.914	1.49416528745799e-14	c7	MYL12B
4.65058411371119e-19	0.161539183458045	0.996	0.982	1.56696781127385e-14	c7	RPL38
5.3270118869242e-19	0.639198232491135	0.582	0.486	1.79488338518024e-14	c7	EEF1G
5.34313735535697e-19	0.449317896302014	0.729	0.597	1.80031670051398e-14	c7	SLC2A3
5.64754618255263e-19	2.37473089037497	0.027	0.005	1.90288421074928e-14	c7	SIAH3
7.14032482337172e-19	1.29972177014176	0.09	0.037	2.40586104598687e-14	c7	PGLYRP2
7.51136087264325e-19	0.897121300356809	0.2	0.113	2.53087793242842e-14	c7	ARL4A
7.69712538898201e-19	0.582330305718251	0.398	0.277	2.5934694285636e-14	c7	RELB
8.41526230331109e-19	0.120258666573524	1	0.999	2.83543848047764e-14	c7	RPL36
9.13841397436106e-19	0.405862730343785	0.671	0.527	3.07909720452121e-14	c7	RGCC
9.39042716218944e-19	1.4800408877179	0.06	0.02	3.16401052802811e-14	c7	SPINK2
1.60122352866412e-18	0.100442397969812	1	0.999	5.39516255748088e-14	c7	RPL8
1.74272522563993e-18	1.31514675624603	0.086	0.035	5.87193837527119e-14	c7	LOXL1-AS1
2.26669012290799e-18	0.111164769730513	1	1	7.63738570012618e-14	c7	RPS14
2.41543196755491e-18	0.900990145682794	0.158	0.083	8.13855647147951e-14	c7	FRMD4B
5.21707575984661e-18	0.372181791163539	0.764	0.627	1.75784150652272e-13	c7	MCL1
6.60999394660407e-18	0.10101435133502	1	1	2.22717136036878e-13	c7	RPS4X
7.32629922326931e-18	3.10688971653125	0.016	0.002	2.46852326028836e-13	c7	TRIQK
7.32934569405189e-18	2.04875502313155	0.033	0.008	2.46954973815384e-13	c7	ACE
8.11047015476624e-18	0.547786432502	0.319	0.203	2.73274181394694e-13	c7	RP11-18H21.1
1.25934417879203e-17	0.721092167056058	0.266	0.168	4.24323427602185e-13	c7	UBXN11
1.47141205295486e-17	0.621296174843205	0.284	0.18	4.95777577122612e-13	c7	ELK3
1.84397946542195e-17	0.610798323023247	0.302	0.194	6.2131044107927e-13	c7	TLE4
1.88117430662019e-17	0.704511039557597	0.267	0.167	6.33842870872607e-13	c7	AREG
1.94166255589373e-17	0.666838108284455	0.343	0.232	6.54223781582834e-13	c7	SKIL
2.36882200239257e-17	1.11631900456106	0.162	0.088	7.98150885486153e-13	c7	EGR1
2.50909690882027e-17	1.22041129730958	0.075	0.03	8.45415112457903e-13	c7	AF213884.2
2.73468023730188e-17	0.667155779348306	0.366	0.255	9.21423159156495e-13	c7	TOB1
3.23999022407468e-17	0.715353443702165	0.201	0.116	1.09168230609972e-12	c7	TRABD2A
4.30807558327307e-17	0.599646344453808	0.28	0.178	1.45156298702803e-12	c7	FBXO34
4.37551908143445e-17	0.619037301607033	0.236	0.14	1.47428739929852e-12	c7	CMTM8
5.74623867259525e-17	0.317719535303531	0.611	0.466	1.93613765834424e-12	c7	PBXIP1
6.0578900004889e-17	0.119656216651723	1	0.999	2.04114545676473e-12	c7	RPS21
6.38426964932086e-17	0.489826065774816	0.393	0.272	2.15111581564217e-12	c7	LPIN2
7.6383602288068e-17	0.106384612918112	1	1	2.57366909549416e-12	c7	RPLP2
7.71799886375322e-17	0.535558215125841	0.876	0.796	2.60050253715301e-12	c7	RPS10
7.73134064311384e-17	0.245904183527906	0.828	0.69	2.60499791629078e-12	c7	PLP2
8.27158688623288e-17	1.32114885047422	0.071	0.028	2.78702848544731e-12	c7	WDR86
9.15370090780758e-17	0.427550603238179	0.515	0.381	3.08424798387669e-12	c7	OSBPL8
9.76731821683305e-17	0.365811872960676	0.499	0.357	3.29100019997973e-12	c7	GLIPR2
1.00941762337318e-16	0.235464784010438	0.931	0.837	3.4011317401936e-12	c7	CD44
1.2339625473323e-16	1.72590919530244	0.037	0.01	4.15771340698146e-12	c7	F2RL1
1.24894247427406e-16	0.825989880193535	0.166	0.091	4.20818677281902e-12	c7	TPD52
1.86518157975824e-16	0.819110458020006	0.141	0.073	6.2845428148374e-12	c7	GALNT6
2.45247589091302e-16	2.07106709579054	0.034	0.009	8.26337226684233e-12	c7	LOXL1
3.70533144724148e-16	0.107447355786195	1	0.998	1.24847437783354e-11	c7	RPS16
4.87358637913267e-16	0.330334604054204	0.716	0.584	1.64210619458496e-11	c7	EIF5A
5.33925522469859e-16	2.20472289807339	0.026	0.006	1.79900865540994e-11	c7	ESPN
5.36560546033845e-16	0.820769331418852	0.161	0.088	1.80788710380644e-11	c7	MGAT5
7.87053455933805e-16	0.489465272955757	0.456	0.335	2.65189791442336e-11	c7	NFKBIZ
8.16660352996719e-16	0.484626699080913	0.29	0.185	2.75165539338714e-11	c7	CA5B
8.17038468915896e-16	0.475558400183931	0.378	0.263	2.75292941716522e-11	c7	UPP1
8.88137882815142e-16	0.525446217765669	0.441	0.325	2.99249178235734e-11	c7	IL27RA
8.94404165829246e-16	0.33558028347019	0.551	0.416	3.01360539634506e-11	c7	SCML4
9.24827385688847e-16	0.462339431363901	0.762	0.661	3.11611339334e-11	c7	CRIP1
1.22417093069457e-15	1.71979649224731	0.04	0.012	4.12472153388229e-11	c7	GPR150
1.30333228930317e-15	0.398921461840632	0.395	0.276	4.3914478155781e-11	c7	PRNP
1.7833236216745e-15	0.497953535389661	0.321	0.216	6.00873061087005e-11	c7	GLUL
1.89744518566681e-15	0.120330730355685	0.994	0.967	6.39325180858574e-11	c7	PABPC1
1.99355941279226e-15	1.18244093938201	0.088	0.04	6.71709908546225e-11	c7	DSE
2.03119986411582e-15	0.67808683618486	0.234	0.147	6.84392482215184e-11	c7	UBE2Q2
2.12753532594292e-15	0.720539291843523	0.17	0.095	7.16851752723207e-11	c7	SSBP2
2.71352859167073e-15	1.00195989193507	0.13	0.068	9.14296323677537e-11	c7	CTSH
2.73230933278198e-15	3.16539993248211	0.012	0.001	9.2062430658756e-11	c7	LTK
2.8066219686011e-15	1.36009180847224	0.063	0.024	9.45663206100456e-11	c7	VIPR1
2.9473274535599e-15	0.450014245934889	0.484	0.363	9.93072512202473e-11	c7	PDE4B
3.33086165438386e-15	0.14267570284732	0.99	0.967	1.1223005258281e-10	c7	TOMM7
3.98331452006303e-15	0.901430499804487	0.091	0.041	1.34213799439004e-10	c7	IGFBP3
4.31107735058027e-15	0.470775312427038	0.334	0.229	1.45257440250452e-10	c7	SOCS3
6.11827512133091e-15	0.586323708830043	0.242	0.153	2.06149161938124e-10	c7	CERK
6.71803154472554e-15	0.294465391449449	0.997	0.987	2.26357354867982e-10	c7	RPL26
6.76977202638112e-15	0.466504211580455	0.34	0.234	2.28100698656885e-10	c7	CDC14A
7.49027097124425e-15	0.502696116318659	0.292	0.19	2.52377190105104e-10	c7	SH3BP5
9.28460929247391e-15	0.118413351669938	1	0.993	3.12835625500616e-10	c7	RPL10A
9.47129948139854e-15	0.455327914347385	0.299	0.193	3.19125964726242e-10	c7	RASGRP2
1.22658907558132e-14	1.68801546572591	0.034	0.009	4.13286923126369e-10	c7	ZNF365
1.28169329160637e-14	0.470681837772959	0.358	0.248	4.31853737673851e-10	c7	TESPA1
1.28785325268493e-14	0.472730307605339	0.395	0.282	4.33929274959662e-10	c7	RGS14
1.58701443776137e-14	0.240782352708588	0.665	0.51	5.34728644659317e-10	c7	TC2N
1.60285503825154e-14	0.720511141528163	0.203	0.124	5.40065976588473e-10	c7	JAZF1
1.72439751196314e-14	1.91939533901688	0.034	0.01	5.8101849768086e-10	c7	LINC00309
2.11920033748454e-14	1.05163385229225	0.074	0.032	7.14043361712042e-10	c7	PLCB1
2.98782174839242e-14	1.36880729017085	0.036	0.011	1.00671665990334e-09	c7	SPON1
3.08200027325674e-14	0.669525232775869	0.2	0.122	1.03844917207113e-09	c7	NUDT14
3.76820340567249e-14	0.357864257508654	0.996	0.991	1.26965845550729e-09	c7	AC090498.1
4.03358334358091e-14	0.47075741216521	0.311	0.208	1.35907557178615e-09	c7	STMN3
4.06694208367288e-14	0.11837411986706	0.998	0.997	1.37031546567274e-09	c7	RPSA
4.29781147522274e-14	0.646059403961919	0.189	0.113	1.44810459846155e-09	c7	LGALS3BP
4.52244778241082e-14	0.856237774567344	0.232	0.15	1.5237935558055e-09	c7	MID1IP1
4.80296466731354e-14	0.35749118603643	0.542	0.407	1.61831091500462e-09	c7	ATP1A1
5.53851165633564e-14	1.50660477589833	0.055	0.021	1.86614611748573e-09	c7	CCL20
5.81820591588136e-14	2.29521363238488	0.018	0.003	1.96038630129707e-09	c7	TSPAN15
6.7292583262313e-14	0.303120267900844	0.529	0.392	2.26735630044037e-09	c7	STOM
7.13536567543077e-14	0.389403850596241	0.936	0.87	2.40419011067965e-09	c7	RPL17
7.81251527895767e-14	0.626560564752562	0.18	0.105	2.632348898092e-09	c7	TMEM71
7.93596623530191e-14	0.311786645161579	0.326	0.218	2.67394446332263e-09	c7	MAL
1.17300630569837e-13	0.278232560746308	0.433	0.309	3.9523274464201e-09	c7	LGALS3
1.47901115105334e-13	0.249519351634405	0.672	0.538	4.98338017235913e-09	c7	RNASET2
1.48307806609864e-13	0.163447702311122	0.998	0.993	4.99708323591276e-09	c7	MT-ATP6
1.75976588925512e-13	0.888575154474231	0.102	0.051	5.9293551872562e-09	c7	GNAQ
2.01624914754091e-13	0.143522549045707	0.989	0.96	6.79354987772433e-09	c7	RPL27A
2.41845013167177e-13	0.261210488794202	0.717	0.581	8.14872587365486e-09	c7	EMB
3.74812287143054e-13	0.761849000772989	0.149	0.085	1.26289252029981e-08	c7	SFMBT1
3.89994250236604e-13	0.172687785305759	0.963	0.88	1.31404662674721e-08	c7	CD99
4.25840104842254e-13	0.901111586665738	0.115	0.061	1.43482564925549e-08	c7	CDKN2C
4.40827493323796e-13	0.669775768947959	0.128	0.069	1.4853241560052e-08	c7	CTD-2562J15.6
4.93901839706956e-13	1.34489880010966	0.047	0.017	1.66415285870862e-08	c7	CLCF1
5.06805784209674e-13	0.368182138520655	0.425	0.31	1.70763140931608e-08	c7	CDC42EP3
5.65695203867692e-13	0.424735631684129	0.36	0.257	1.9060534199118e-08	c7	PBX4
6.34396725079049e-13	0.753808976616299	0.176	0.107	2.13753632548135e-08	c7	MYC
6.62716319280559e-13	0.39280506861723	0.318	0.218	2.23295636618392e-08	c7	P2RY8
6.88167497115863e-13	0.303257644147395	0.67	0.54	2.31871156478219e-08	c7	IDS
8.67211263020366e-13	0.379775834139524	0.426	0.316	2.92198162962082e-08	c7	TES
8.95047986933187e-13	1.25111295447161	0.064	0.028	3.01577468717268e-08	c7	SLCO3A1
1.23584341146527e-12	0.405463991462262	0.388	0.282	4.16405079059107e-08	c7	LIX1L
1.59501119129808e-12	0.399212319978301	0.362	0.261	5.37423070795974e-08	c7	ABLIM1
1.73101045543606e-12	0.170306016242188	0.963	0.914	5.83246662854626e-08	c7	RPS20
1.83170847248229e-12	0.58026963788809	0.251	0.17	6.17175852718184e-08	c7	CSRNP1
1.98543573046236e-12	0.701856230462226	0.141	0.08	6.68972715021986e-08	c7	CHD7
2.18495937911741e-12	0.20959361119814	0.864	0.762	7.36200213199819e-08	c7	RPL36A
2.28910374536396e-12	2.11830192629364	0.018	0.004	7.71290615962932e-08	c7	COLQ
2.99123059986508e-12	0.643206466991957	0.159	0.094	1.00786523831854e-07	c7	FOSL2
3.04219356067354e-12	0.441285032925189	0.339	0.243	1.02503669833334e-07	c7	ESYT1
3.4235223597051e-12	0.512123811066728	0.224	0.144	1.15352162387904e-07	c7	KMT2E-AS1
3.82153719270264e-12	1.96041405639009	0.026	0.007	1.28762874170923e-07	c7	GRASP
4.16085556322104e-12	0.761883137456701	0.172	0.108	1.4019586734717e-07	c7	SEPT11
4.38783080675836e-12	0.635889028845861	0.328	0.24	1.47843571202916e-07	c7	GADD45B
4.43081870494982e-12	0.564099907116853	0.25	0.167	1.49292005444579e-07	c7	ABHD13
5.30397982777979e-12	0.299006546534343	0.479	0.353	1.78712296317212e-07	c7	FAM65B
5.73667974597862e-12	0.449834336526368	0.368	0.27	1.93291687361004e-07	c7	NMRK1
7.79577076840115e-12	0.863577045111178	0.064	0.028	2.62670700270509e-07	c7	RP11-124N14.3
7.91452555770495e-12	0.741252384160292	0.152	0.091	2.66672024141311e-07	c7	SLC39A8
8.12136276137884e-12	0.5816258117926	0.18	0.111	2.73641196881898e-07	c7	RASSF3
8.66571706778143e-12	0.73027551952995	0.137	0.079	2.91982670881828e-07	c7	INADL
9.77871536112418e-12	0.5760078232183	0.211	0.135	3.29484035377718e-07	c7	TNF
1.04698943572397e-11	0.431695739494586	0.33	0.238	3.52772620472835e-07	c7	GPR65
1.22766898088213e-11	0.187439272251922	0.885	0.763	4.13650786418426e-07	c7	GIMAP7
1.28094601443914e-11	1.12627898323187	0.051	0.02	4.31601950105123e-07	c7	RP11-89K10.1
1.30790777150943e-11	0.352689296460485	0.429	0.322	4.40686444532387e-07	c7	DSTN
1.33779476839328e-11	1.0370010115757	0.067	0.03	4.50756569262432e-07	c7	NHSL2
1.43277910073523e-11	0.457085286257465	0.339	0.246	4.8276059020173e-07	c7	TMBIM1
1.51247109739614e-11	0.237047447910499	0.498	0.371	5.09612011556654e-07	c7	TPM4
1.5179015456792e-11	0.303024020932905	0.554	0.422	5.11441746801151e-07	c7	SAMSN1
1.85878621198374e-11	0.961015941675821	0.089	0.045	6.26299426265803e-07	c7	RP1-313I6.12
2.4867208321455e-11	0.684413324950891	0.116	0.064	8.37875717183105e-07	c7	FXYD1
2.58197797228909e-11	1.35412456375835	0.034	0.012	8.69971657983086e-07	c7	GPAT3
3.03423138744913e-11	0.656702732591509	0.169	0.105	1.02235392368711e-06	c7	MPZL3
3.07742202444439e-11	0.373087199596308	0.439	0.334	1.03690657691629e-06	c7	RGS19
3.1410137173754e-11	0.298326819875211	0.525	0.405	1.05833316193247e-06	c7	HNRNPUL1
3.15906452117677e-11	0.138090346192728	0.985	0.953	1.0644151997653e-06	c7	LAPTM5
3.33177930874123e-11	0.394601397017466	0.413	0.312	1.12260972028727e-06	c7	LYSMD2
3.57347762374685e-11	0.248551920118548	0.638	0.512	1.20404755054526e-06	c7	RNF149
3.61332806573218e-11	1.34525931104693	0.042	0.016	1.2174747584678e-06	c7	SEMA4C
3.7521216802571e-11	0.444111204053118	0.572	0.461	1.26423987894583e-06	c7	TUBA1A
3.85104153791357e-11	1.6413506067833	0.025	0.007	1.2975699357846e-06	c7	CXCL16
5.10008641391492e-11	1.18404251923836	0.056	0.024	1.71842311630449e-06	c7	PHLDA2
5.18337951223406e-11	0.990006905778108	0.075	0.037	1.74648789285214e-06	c7	EEPD1
5.63349710790226e-11	0.554675321477331	0.142	0.083	1.89815051553659e-06	c7	BACH2
6.64447644776199e-11	0.245035473182462	0.65	0.535	2.23878989430892e-06	c7	SYNE2
7.50965901170579e-11	0.135884893168661	0.817	0.696	2.53030450740415e-06	c7	SPOCK2
7.78954090393631e-11	2.58918357077591	0.018	0.004	2.6246079121723e-06	c7	HBEGF
8.438761481388e-11	0.54534695748361	0.216	0.144	2.84335629353887e-06	c7	RARA
1.14561799644539e-10	1.9603067852293	0.016	0.004	3.8600452772231e-06	c7	SNCA
1.24507022639209e-10	0.391892769510618	0.387	0.291	4.19513962080552e-06	c7	PLEC
1.34212951179698e-10	0.11860302514141	0.985	0.96	4.52217117704874e-06	c7	MT-ND4
1.67351986429229e-10	1.90412449100139	0.024	0.007	5.63875783074643e-06	c7	RP11-532F12.5
1.70426335134955e-10	0.413419547932288	0.285	0.199	5.74234493603716e-06	c7	SNRK
1.80274598894303e-10	0.348935891215615	0.404	0.308	6.07417233514466e-06	c7	GIMAP1
2.04198028492674e-10	0.956625806947744	0.076	0.038	6.88024837203215e-06	c7	LTB4R2
2.49548164622447e-10	0.81916183841198	0.082	0.042	8.40827585878872e-06	c7	SBF2
2.86583097748737e-10	0.293069937245994	0.312	0.221	9.65613089554594e-06	c7	SERINC5
2.98602342438649e-10	0.268081177832074	0.621	0.508	1.00611073261278e-05	c7	KTN1
3.05806595763599e-10	0.272272877574273	0.538	0.426	1.03038474376587e-05	c7	ARRB2
3.24347454540497e-10	0.440659708442915	0.365	0.275	1.09285631332875e-05	c7	NFKB1
3.67059944294201e-10	0.70016199980014	0.146	0.09	1.23677177630488e-05	c7	RASSF2
3.77581774868168e-10	0.781116824728812	0.085	0.044	1.2722240322408e-05	c7	LDOC1
3.78166453662937e-10	0.715889101897148	0.114	0.065	1.2741940489719e-05	c7	RELL1
3.85542323482144e-10	0.425821054307699	0.237	0.161	1.29904630474074e-05	c7	CAMK1D
4.62069200955987e-10	0.631430686512809	0.125	0.073	1.5568959657011e-05	c7	NME4
5.27048323418346e-10	0.25863473099781	0.568	0.453	1.77583662092577e-05	c7	CAMK4
5.31548779845472e-10	0.197802238406686	0.357	0.266	1.79100045881133e-05	c7	TNFSF10
5.47867126423652e-10	0.161278308246776	0.539	0.414	1.84598349577185e-05	c7	CKLF
6.16238912688317e-10	0.228766031755445	0.416	0.309	2.07635539241201e-05	c7	SLAMF1
6.36579742041762e-10	0.247584069381996	0.609	0.49	2.14489178283551e-05	c7	ITGB1
6.55339566685193e-10	0.386448546628589	0.25	0.172	2.20810113598909e-05	c7	LSR
7.2609158414152e-10	1.21936107229409	0.038	0.015	2.44649298360644e-05	c7	CCDC65
8.80410156622154e-10	0.647597072644178	0.174	0.115	2.96645398172269e-05	c7	ORAI2
8.92517487841985e-10	0.996343961310974	0.057	0.026	3.00724842353478e-05	c7	RAB27B
9.03030781107381e-10	0.103431711703271	0.998	0.986	3.04267191386321e-05	c7	RPL27
1.15600957962699e-09	0.348608759752605	0.391	0.298	3.89505867759517e-05	c7	SYTL1
1.17257947837813e-09	1.27348003272716	0.043	0.017	3.95088929444726e-05	c7	NDRG2
1.1870536800379e-09	2.53000217262167	0.011	0.002	3.99965866951972e-05	c7	TLCD2
1.21628867102314e-09	1.88919271524748	0.019	0.005	4.09816304814536e-05	c7	PLPP2
1.2169868542038e-09	1.31736571668656	0.037	0.014	4.10051550655427e-05	c7	CKAP4
1.29349096301641e-09	0.528692131279092	0.176	0.114	4.35828845078748e-05	c7	PPP3CA
1.34533681873524e-09	1.44246059156757	0.035	0.013	4.53297787704651e-05	c7	ID1
1.4077087791807e-09	0.587192468927349	0.132	0.08	4.74313396057147e-05	c7	CLIC5
1.5673304946935e-09	0.516127200028912	0.181	0.119	5.28096336882028e-05	c7	ARNTL
1.62527014611293e-09	0.488960003629535	0.27	0.196	5.4761852303129e-05	c7	C16orf54
1.65632506638411e-09	0.19422188022631	0.446	0.34	5.58082167867461e-05	c7	PRDM1
1.96298931837252e-09	0.229402513103419	0.745	0.633	6.61409620932437e-05	c7	SNHG8
2.00530273042339e-09	0.376427760571545	0.299	0.217	6.75666701988857e-05	c7	PRKX
2.73583889648831e-09	1.25756982630972	0.042	0.017	9.2181355778277e-05	c7	AGPAT4
2.85004002561786e-09	1.28391840641545	0.034	0.013	9.60292486231682e-05	c7	IL5RA
2.85278843129652e-09	0.268052580271913	0.621	0.511	9.61218534041051e-05	c7	DHRS7
2.97748063916294e-09	2.19764664600156	0.014	0.003	0.000100323232655956	c7	LZTS1
3.09836191288677e-09	0.63998510592339	0.113	0.066	0.000104396206292807	c7	AFAP1
3.39456600768469e-09	0.261546249333788	0.669	0.565	0.000114376507062928	c7	CDKN1B
3.45070576856685e-09	1.15179988646004	0.073	0.038	0.000116268080166092	c7	CACNA2D4
3.69083465144348e-09	1.73229098411971	0.019	0.005	0.000124358982745736	c7	TANC2
3.81449047414964e-09	0.347064399659666	0.309	0.225	0.000128525442035998	c7	SENP7
3.98880805505287e-09	0.237947305264012	0.61	0.506	0.000134398898606951	c7	BIRC3
4.08445332269907e-09	0.568875338643707	0.189	0.128	0.000137621570255022	c7	PFKFB3
4.09084400496893e-09	0.970621637254942	0.067	0.034	0.000137836897903423	c7	C3AR1
4.41303830161408e-09	1.62249891404237	0.013	0.003	0.000148692912534585	c7	KRT1
4.86739428652989e-09	0.458749450362406	0.26	0.187	0.000164001983090338	c7	TMEM256-PLSCR3
5.35446847762609e-09	1.71618716922572	0.019	0.005	0.000180413460885133	c7	IL23R
5.36357991713734e-09	0.811153390890869	0.09	0.05	0.000180720461728026	c7	SMAD7
5.57676878037238e-09	2.13414555409679	0.012	0.002	0.000187903647285867	c7	RFPL2
5.81706203904983e-09	0.374862566645635	0.248	0.174	0.000196000088343745	c7	SATB1
6.2452703386594e-09	2.21728291341692	0.015	0.003	0.00021042813879079	c7	SLC5A5
6.4764787132324e-09	0.251186259163662	0.537	0.424	0.000218218473763652	c7	RBMS1
7.337219007519e-09	0.903805348977167	0.071	0.037	0.000247220257239345	c7	RLN2
7.36926524758717e-09	0.369851262486248	0.26	0.188	0.000248300023252202	c7	CD226
7.71205637657910e-09	0.56485608706426	0.191	0.131	0.000259850027552456	c7	ZC3H12A
8.46123121358784e-09	1.12298192305043	0.045	0.02	0.000285092724510629	c7	RP4-539M6.22
9.74557076517908e-09	0.410674088338397	0.221	0.153	0.000328367261361944	c7	RP11-707G18.1
1.08611781321323e-08	0.456515840464961	0.275	0.204	0.000365956535984067	c7	CALHM2
1.11521971213663e-08	0.529399513288868	0.172	0.114	0.000375762129807315	c7	LINC00324
1.28453694296042e-08	0.274485510942771	0.436	0.342	0.000432811877561083	c7	SYPL1
1.3260605856714e-08	0.1480830122081	0.928	0.865	0.00044680285373612	c7	CYTIP
1.36401769518734e-08	0.392163531502196	0.22	0.153	0.000459592122216423	c7	ERAP1
1.37562797982097e-08	0.687081295824302	0.123	0.076	0.000463504091520877	c7	CD200R1
1.40957783427666e-08	0.250965163211488	0.632	0.534	0.000474943155481179	c7	PRMT2
1.43086299230796e-08	0.331229647896902	0.39	0.303	0.000482114976628243	c7	DOCK10
1.53277033680531e-08	0.258969182329634	0.593	0.505	0.000516451637283183	c7	SOCS1
1.54149661922899e-08	0.318189626113085	0.678	0.585	0.000519391870883017	c7	DDIT4
1.55540287860851e-08	1.40653707928244	0.025	0.009	0.000524077445918351	c7	METTL21B
1.60801786111562e-08	0.947582397009394	0.051	0.024	0.000541805538124296	c7	RP4-575N6.4
1.67267666034013e-08	0.241436570133087	0.563	0.462	0.000563591673935003	c7	M6PR
1.70967534905148e-08	0.977180259356004	0.044	0.02	0.000576058012109404	c7	ZBTB16
1.87347223019254e-08	0.972478749514503	0.054	0.026	0.000631247733241075	c7	VCL
1.98608702832195e-08	1.78897796538897	0.021	0.006	0.000669192163322798	c7	CPNE5
2.45967766642415e-08	1.23813297251811	0.028	0.01	0.000828763792924954	c7	ACVR1C
2.66095087547004e-08	0.291625445619175	0.362	0.277	0.000896580787980876	c7	RCAN3
2.80410734642981e-08	0.243138365853632	0.439	0.34	0.000944815929306061	c7	ITGB7
3.0524896578656e-08	1.61892529004598	0.026	0.009	0.00102850586532123	c7	WNT7A
3.09448928243121e-08	1.95306418883437	0.015	0.004	0.00104265721882237	c7	PLEK2
3.10654187517612e-08	0.697861111404104	0.111	0.068	0.00104671821942184	c7	NBL1
3.12889930902735e-08	0.218266214060842	0.954	0.897	0.00105425133318368	c7	HSP90AA1
3.1674034703404e-08	0.206079554012412	0.525	0.417	0.00106722492529649	c7	FAM102A
3.24880271984559e-08	0.614694189728461	0.15	0.098	0.00109465158842477	c7	PER1
3.25950378806225e-08	0.684408377940213	0.083	0.046	0.00109825720634969	c7	PDE8A
3.63627279542053e-08	2.19659674074158	0.01	0.002	0.00122520575568899	c7	DAB1
4.79208904579346e-08	1.11226080068086	0.045	0.021	0.00161464648308965	c7	NKD1
4.82917502632627e-08	1.05997663546169	0.072	0.039	0.00162714223337037	c7	TMEM200A
5.04308459965283e-08	1.07037541986534	0.039	0.017	0.00169921692500702	c7	HOOK1
5.31802881167826e-08	1.15929550588293	0.041	0.018	0.00179185662780687	c7	CYFIP1
5.42326796894872e-08	0.576836686777482	0.473	0.4	0.00182731590945758	c7	HSPA1B
5.92625585142789e-08	0.368014743288659	0.29	0.219	0.00199679264658011	c7	AP1S2
6.11049658550949e-08	0.770927677892769	0.083	0.048	0.00205887071952157	c7	TUBB2A
6.36505024498278e-08	0.278475282435677	0.387	0.299	0.0021446400295445	c7	ETHE1
6.39982001469245e-08	0.543501349597847	0.157	0.105	0.00215635535575048	c7	ELL
6.90535764737602e-08	0.648757534671369	0.098	0.058	0.00232669120570688	c7	ADRB2
6.98192574143062e-08	0.257158327234806	0.472	0.38	0.00235249005931763	c7	GATA3
7.07331106671642e-08	0.847326004885457	0.067	0.036	0.00238328143081943	c7	TRAV23DV6
7.24101361425968e-08	0.176949756355906	0.722	0.613	0.00243978712718866	c7	MSN
7.53607826320897e-08	0.706907320290917	0.074	0.041	0.00253920621000563	c7	RP11-936I5.1
8.10511358398734e-08	1.26883756055396	0.024	0.008	0.00273093697098869	c7	RP11-356J5.12
8.74800138534045e-08	0.322017956433692	0.231	0.165	0.00294755158677661	c7	CD55
9.29236264865207e-08	0.370226514773284	0.264	0.195	0.00313096867083683	c7	RIF1
9.61496515281046e-08	0.422295893229409	0.2	0.14	0.00323966635858795	c7	TIPARP
9.83732133197098e-08	0.900770133833073	0.067	0.036	0.0033145870495943	c7	IER3
1.08150619098123e-07	0.360552860821701	0.157	0.103	0.00364402695989216	c7	ITGA6
1.09485326758038e-07	2.71270704682034	0.01	0.002	0.00368899859978532	c7	S100A9
1.09938091478652e-07	0.23728768814825	0.436	0.343	0.0037042540542817	c7	TGFB1
1.19703918621626e-07	0.540594545028822	0.11	0.067	0.00403330383403707	c7	RP11-138A9.2
1.28974269848962e-07	0.54640724424458	0.136	0.089	0.00434565904829093	c7	CYSLTR1
1.29535411308059e-07	1.56943165476315	0.021	0.007	0.00436456614861372	c7	PANK1
1.35644820810748e-07	1.37744476590794	0.029	0.011	0.00457041659239734	c7	GBGT1
1.3760588389239e-07	0.167431621635508	0.656	0.543	0.0046364926518702	c7	TMEM123
1.42115113241323e-07	0.290504493799229	0.325	0.247	0.00478842662555315	c7	LINC00936
1.53562555463876e-07	0.280933691207549	0.485	0.393	0.00517413674379985	c7	YME1L1
1.60015683688413e-07	0.477613078062928	0.164	0.112	0.00539156844619738	c7	SMAD3
1.68713605651162e-07	0.163384060963822	0.823	0.715	0.00568463622881024	c7	GPX4
1.73442962337903e-07	0.727034516298371	0.07	0.038	0.0058439871730133	c7	C4orf32
1.74360274693062e-07	0.470049736770195	0.206	0.148	0.00587489509550802	c7	ARRDC2
1.78418590944905e-07	0.509501866084844	0.116	0.072	0.00601163600329761	c7	CD300A
1.7915817277518e-07	0.315905874922301	0.22	0.158	0.00603655547348693	c7	RBKS
1.81518348632454e-07	0.543106012437301	0.103	0.063	0.00611607923882191	c7	CTA-292E10.6
1.8223564217233e-07	0.252429537959875	0.541	0.452	0.00614024772735449	c7	TMED10
1.90366688934455e-07	0.258457345367145	0.441	0.358	0.00641421521695751	c7	JUND
2.02015690498813e-07	0.557690573949902	0.103	0.063	0.006806716675667	c7	CLU
2.06872951478049e-07	0.249599312508056	0.255	0.183	0.00697037722710137	c7	KLF3
2.10110339319643e-07	0.262993611722659	0.325	0.249	0.00707945777303604	c7	NFKB2
2.10380048584146e-07	0.935178058099225	0.029	0.011	0.00708854535699421	c7	PI16
2.1148873452459e-07	0.235438325835701	0.554	0.463	0.00712590142107153	c7	TMED2
2.30103391045991e-07	0.357477157252811	0.148	0.098	0.00775310365790363	c7	TGFBR3
2.39607573299978e-07	0.51057627793841	0.109	0.068	0.00807333757476947	c7	PRKD3
2.45001047918165e-07	0.256080244210771	0.401	0.313	0.00825506530855466	c7	MFNG
2.52054791541198e-07	0.986067800522977	0.043	0.02	0.00849273414618911	c7	EMILIN2
2.65304243927059e-07	0.202396160568102	0.285	0.211	0.00893916119487834	c7	NCF4
2.69368820327518e-07	0.142209866366158	0.856	0.773	0.00907611303211541	c7	LEPROTL1
2.77573957832777e-07	0.148406158945036	0.439	0.342	0.00935257693521757	c7	LYAR
2.81655271119986e-07	0.556456676911046	0.125	0.081	0.00949009270511682	c7	SNAI3
2.82156481227178e-07	0.336608654153575	0.269	0.2	0.00950698047846853	c7	TBC1D10A
2.89366488094513e-07	0.231449121710207	0.382	0.295	0.00974991444985652	c7	SORL1
3.25610446152344e-07	0.204293079982093	0.484	0.392	0.0109711183726571	c7	ZC3HAV1
3.39411548428173e-07	0.336230487617402	0.221	0.159	0.0114361327127389	c7	LINC00623
3.60296555444848e-07	0.216032922189307	0.407	0.323	0.0121398321391587	c7	ST3GAL1
3.79699042908611e-07	0.91253771318971	0.052	0.026	0.0127935795517627	c7	RASGRF2
4.22188386595127e-07	0.850730884132538	0.053	0.027	0.0142252154979362	c7	GSAP
4.36128620404083e-07	1.74744913170727	0.014	0.004	0.0146949177358952	c7	PRSS16
4.45765665621572e-07	0.332977751124059	0.154	0.103	0.0150196283374532	c7	EPHA4
4.52295236225269e-07	0.15155130291052	0.903	0.84	0.0152396356893742	c7	GSTK1
5.05458640867582e-07	0.333437796803637	0.202	0.144	0.0170309234453923	c7	ENO2
5.4998830890833e-07	1.25007439626686	0.033	0.014	0.0185313060803573	c7	RP11-161M6.3
5.76296881223976e-07	0.456952610954112	0.141	0.094	0.0194177471159607	c7	CH17-189H20.1
5.87183165841449e-07	0.390461118277756	0.175	0.122	0.0197845495898618	c7	CDKN2D
5.93491271370482e-07	0.605202595398538	0.132	0.088	0.019997094897557	c7	VAT1
6.1790739728278e-07	1.92552048408853	0.013	0.003	0.020819771844046	c7	RGAG4
6.2896475679256e-07	0.425872542941178	0.236	0.177	0.0211923385153685	c7	HIST1H1C
6.73526314298191e-07	1.94838283093946	0.011	0.003	0.0226937956339632	c7	KCTD12
6.81764915416267e-07	0.263561401143927	0.292	0.22	0.0229713870600357	c7	KCNA3
7.54648713146504e-07	2.12722596399976	0.015	0.004	0.0254271337407583	c7	RGS18
7.61303838428785e-07	0.875528406430488	0.052	0.027	0.0256513715320195	c7	TTC9
7.62401394676238e-07	0.349798402285881	0.232	0.171	0.0256883525922212	c7	TMEM204
8.33377510857192e-07	0.21360655367608	0.578	0.483	0.0280798218508222	c7	IRF1
8.45419061397536e-07	0.449290165661584	0.18	0.127	0.0284855498547286	c7	VPS13D
9.1098141034546e-07	0.748426960374716	0.047	0.024	0.0306946076401799	c7	RP11-138A9.1
9.51224367373284e-07	0.198397474052346	0.412	0.324	0.0320505538342754	c7	AIM1
9.59818177249411e-07	0.168084036165571	0.649	0.545	0.0323401136642417	c7	TNFAIP8
9.7414881872391e-07	0.364766171282414	0.162	0.111	0.0328229702980834	c7	SH3YL1
9.80221904843154e-07	0.356387891487971	0.2	0.143	0.0330275968617852	c7	BEX2
1.02349681334464e-06	0.598937345551911	0.11	0.071	0.0344857016288345	c7	BMI1
1.02907569056025e-06	0.876008141180074	0.056	0.03	0.034673676317737	c7	RP11-1398P2.1
1.0714405813048e-06	1.34532906813537	0.026	0.011	0.0361011189464841	c7	VASH1
1.11019209568744e-06	1.38963963006822	0.019	0.007	0.0374068124720926	c7	MAGI3
1.13446241692286e-06	0.217184661369553	0.375	0.295	0.0382245766757989	c7	DDX21
1.17655279863125e-06	0.634080958094071	0.087	0.053	0.0396427699970814	c7	GRPEL2
1.17984653577478e-06	0.247461592608614	0.362	0.282	0.0397537491763955	c7	DEGS1
1.19410911775739e-06	0.323506433474164	0.226	0.166	0.0402343126137174	c7	MAP4K2
1.24633707216239e-06	0.885054431591869	0.061	0.033	0.0419940813094395	c7	RP11-160E2.6
1.25122848939772e-06	0.266036525812681	0.274	0.207	0.0421588927217667	c7	TNFRSF10A
1.35805112636497e-06	1.34673584667902	0.025	0.01	0.0457581746517414	c7	RP11-542M13.3
1.42856799705146e-06	0.223703481177248	0.431	0.346	0.0481341700926519	c7	AKIRIN1
1.4521053048396e-06	0.706294254970263	0.071	0.041	0.0489272361412656	c7	RLN1
