gene	p_val	avg_log2FC	pct.1	pct.2	p_val_adj	cluster
RP5-902P8.10	5.93686980771982e-11	0.00131102910385207	0.157232704402516	0	1.21973714208117e-08	c22
RP4-758J18.13	7.56674481615957e-06	0.00518795990168419	0.628930817610063	0.0807369077764322	0.000554247608338436	c22
CHD5	6.18040488347272e-06	0.00207464761250024	0.157232704402516	0.00366985944438328	0.000463791897870222	c22
RP4-633I8.4	0.000314640307021036	0.0023514887439422	0.157232704402516	0.00733971888876656	0.0137975949391072	c22
CORT	0.000314640307021036	0.00269349231554162	0.157232704402516	0.00733971888876656	0.0137975949391072	c22
RP1-69M21.2	6.17049470652589e-06	0.00200230882382782	0.157232704402516	0.00366985944438328	0.000463791897870222	c22
RP4-798A10.2	4.65124640417315e-06	0.0070456247533345	0.786163522012579	0.117435502220265	0.000400816103177008	c22
MDS2	0.000470663499015933	0.0374079830084833	7.23270440251572	4.38548203603802	0.0191297176548165	c22
RPL11	6.73950358383973e-10	0.109034631398715	100	99.9779808433337	1.18890488876385e-07	c22
LDLRAP1	8.32404349903262e-12	0.163315807803743	38.6792452830189	27.6707402106499	2.54973019687641e-09	c22
EPB41	6.89669661049243e-05	0.10120636867012	43.7106918238994	37.0142023560498	0.0038346088381837	c22
LAPTM5	4.78126909842836e-06	0.119449851437966	97.3270440251572	95.3502880839664	0.00040992387023523	c22
PTP4A2	0.000437456256994356	0.0975021506237305	50.6289308176101	47.0329186392161	0.0179971320185199	c22
MARCKSL1	3.46812461915621e-06	0.0847402010162696	23.1132075471698	16.4079415758376	0.000303519456929479	c22
CSMD2	6.17049470652589e-06	0.00116514249795378	0.157232704402516	0.00366985944438328	0.000463791897870222	c22
SH3D21	0.000966013944674408	0.0115385878756754	1.41509433962264	0.48075158721421	0.0340573888336977	c22
RPS8	2.11612509423438e-07	0.0961023325148669	100	99.9926602811112	2.44180544264155e-05	c22
AGBL4	7.98150856980968e-05	0.00413959506660336	0.471698113207547	0.0587177511101325	0.00436572970375272	c22
ZCCHC11	5.54568171448691e-05	0.0871937679924345	33.1761006289308	26.7055671767771	0.00319412307158841	c22
FAM159A	0.00105567662187263	0.0613032310934623	20.7547169811321	16.3161950897281	0.0366700702034808	c22
RP5-887A10.1	5.93686980771982e-11	0.00348829383053866	0.157232704402516	0	1.21973714208117e-08	c22
SYDE2	8.54980316080264e-05	0.0185488509329431	2.51572327044025	0.957833314984036	0.00463146411093383	c22
RPL5	5.14896599589471e-06	0.109026094775831	100	99.5412675694521	0.000437000655581048	c22
S1PR1	0.000943519957115702	0.0630059168611641	23.7421383647799	18.7309626041323	0.0334289815300278	c22
NBPF4	5.93686980771982e-11	0.0018419062467896	0.157232704402516	0	1.21973714208117e-08	c22
KCNA3	8.60434642288825e-05	0.0790086829106743	28.4591194968553	22.1035634335205	0.00465352886633703	c22
DENND2D	2.23997772816154e-13	0.220566618516114	69.9685534591195	57.9434107673676	9.09323006899696e-11	c22
CHI3L2	1.3968855433351e-16	0.0833642192021333	10.8490566037736	4.15795075048626	8.55757481766054e-14	c22
RSBN1	0.000911213213450496	0.0798299491921358	38.0503144654088	33.0654335938934	0.0325902696765612	c22
TXNIP	1.11741220648155e-29	0.482579745317773	97.6415094339623	93.757569085104	2.89616052962995e-26	c22
AC245100.1	2.55215327397844e-06	0.102573303128038	35.062893081761	27.259715952879	0.000232386997383821	c22
NBPF19	0.000358071521237924	0.0537541882370532	18.7106918238994	13.7105948842159	0.0153496969931178	c22
RP11-353N4.6	0.000884375897985646	0.0100566441358022	1.57232704402516	0.557818635546259	0.0319380080457967	c22
RP4-790G17.7	6.18040488347272e-06	0.00143015982047424	0.157232704402516	0.00366985944438328	0.000463791897870222	c22
RP11-54A4.2	0.000314640307021036	0.00201176277588999	0.157232704402516	0.00733971888876656	0.0137975949391072	c22
RP11-126K1.9	5.93686980771982e-11	0.00108891150952269	0.157232704402516	0	1.21973714208117e-08	c22
RPS27	3.77395766444433e-46	0.228382923097102	100	100	2.54319459091574e-42	c22
FCRL3	1.15342995001569e-13	0.116273498255585	21.5408805031447	11.7765789570259	4.79798379454675e-11	c22
SLAMF6	1.04035633165489e-12	0.168551995269271	39.7798742138365	28.1184630628647	3.72912406795531e-10	c22
CD84	1.11385309058264e-06	0.124480437515102	39.4654088050315	31.4286762816984	0.000113384187414174	c22
SLAMF7	0.000537765105093366	0.0459244221346155	15.8805031446541	11.3472054020331	0.0215091098610218	c22
HSPA6	0.00121688145161028	0.0688124778247826	6.76100628930818	4.16896032881941	0.0411249785662554	c22
SELL	4.03484563867306e-29	0.463894519077628	69.811320754717	51.7119894308048	9.06333926329667e-26	c22
RP11-428K3.1	0.000846094605406681	0.00150262269377849	0.314465408805031	0.0366985944438328	0.0308865781522998	c22
NEK7	0.00106263455690078	0.066526975640667	26.2578616352201	21.2301368857573	0.0367979535048457	c22
PTPRC	2.40156255609422e-07	0.148737955729818	97.4842767295598	94.5649381628684	2.74299148356064e-05	c22
IL10	3.40075233585308e-18	0.0465684956202188	4.08805031446541	0.814708796653088	2.79475485863985e-15	c22
FCMR	2.27283231175558e-10	0.199291567691678	67.2955974842767	54.7102645968659	4.42663652672211e-08	c22
MARC2	0.000314976365032162	0.00147873202431819	0.157232704402516	0.00733971888876656	0.0137975949391072	c22
RP11-378J18.9	0.00134190741887098	0.00460744012404733	0.628930817610063	0.135784799442181	0.0446780914737537	c22
CAPN8	1.60584250706137e-08	0.00360767862790457	0.314465408805031	0.0110095783331498	2.25073369885893e-06	c22
TMEM63A	0.000473335504113838	0.0531754008511584	18.3962264150943	13.6225182575507	0.0192151403320622	c22
NLRP3	0.000332770404928349	0.0305878624704327	6.60377358490566	3.82766340049176	0.0144675690627817	c22
AC113607.2	0.000314976365032162	0.00172981586250471	0.157232704402516	0.00733971888876656	0.0137975949391072	c22
RPS7	5.4722991604238e-13	0.110107047038787	100	99.9486219677786	2.07172638102606e-10	c22
LINC01249	5.93686980771982e-11	0.00157075195226445	0.157232704402516	0	1.21973714208117e-08	c22
HNRNPLL	0.00016149421561016	0.0937838504247891	38.9937106918239	32.8782707622298	0.00799474807057861	c22
AC074366.3	5.81296751670691e-05	0.0098267594719009	1.41509433962264	0.385335241660244	0.00331969707640547	c22
SIX3-AS1	5.93686980771982e-11	0.0020751820159383	0.157232704402516	0	1.21973714208117e-08	c22
RP11-477N3.1	0.000411151883125142	0.00271864248307983	0.314465408805031	0.0330287349994495	0.0171452370668546	c22
AC012358.7	6.17049470652589e-06	0.00151767981127574	0.157232704402516	0.00366985944438328	0.000463791897870222	c22
RPS27A	8.45862714847701e-12	0.134324405351037	100	99.9816507027781	2.56761246072779e-09	c22
BCL11A	0.000314640307021036	0.00145515598415427	0.157232704402516	0.00733971888876656	0.0137975949391072	c22
OTX1	6.18040488347272e-06	0.00143108691036457	0.157232704402516	0.00366985944438328	0.000463791897870222	c22
CEP68	1.31157245972005e-08	0.0736765145895037	16.3522012578616	9.62971118206173	1.8966576162149e-06	c22
MEIS1	6.17049470652589e-06	0.00231693269959809	0.157232704402516	0.00366985944438328	0.000463791897870222	c22
PLEK	1.04018651112949e-14	0.119116216829961	23.8993710691824	13.0426804653382	4.80110195972562e-12	c22
DUSP2	0.000153019042360917	0.204815596938073	77.6729559748428	69.3566736393996	0.00762695800785315	c22
RPL31	4.59139680933909e-05	0.0995806779546449	98.4276729559748	97.4384381078205	0.00271407937006791	c22
NCK2	7.09819667386301e-07	0.0951251136471125	22.4842767295597	15.7657161730706	7.52096348204844e-05	c22
RGPD3	3.72748614490042e-05	0.0101874933692469	0.943396226415094	0.190832691107931	0.00225078706391173	c22
GCC2	0.00012121896948895	0.100176555040784	51.2578616352201	44.4419978714815	0.00624518648006218	c22
AC016745.3	0.000843143231739849	0.003020919042365	0.314465408805031	0.0366985944438328	0.0308456764932057	c22
MYO7B	0.000314976365032162	0.00147405285811033	0.157232704402516	0.00733971888876656	0.0137975949391072	c22
RP11-395A13.2	0.000128499162228379	0.0167983899061532	2.35849056603774	0.891775844985137	0.00655015245404387	c22
CXCR4	8.71680635416796e-05	0.160602011249865	95.125786163522	92.2088883995743	0.00470679604643165	c22
COBLL1	1.6664027526113e-05	0.0033516392353963	0.314465408805031	0.0220191566662997	0.00112900354647717	c22
RP11-337N6.1	6.18040488347272e-06	0.00189665861930806	0.157232704402516	0.00366985944438328	0.000463791897870222	c22
SF3B1	0.000636225988433612	0.090980354176036	60.6918238993711	56.233256266285	0.0247826571725805	c22
RP11-686O6.2	0.000357182188184421	0.00454793554118265	0.471698113207547	0.0697273294432823	0.0153380186127104	c22
CD28	2.78277486995892e-05	0.0970898145730105	38.0503144654088	31.0103123050387	0.00175034872825182	c22
RPL37A	0.000158654780512237	0.0744966407597567	99.3710691823899	99.4458512238981	0.00788453418079544	c22
TUBA4A	4.10069461118656e-08	0.158751011001296	68.5534591194968	60.4352453301039	5.21391714072905e-06	c22
EPHA4	1.92628288630777e-14	0.107644896425091	19.811320754717	10.312305038717	8.5400231014808e-12	c22
ITM2C	4.97782106427477e-14	0.219756634103744	50.314465408805	34.6104444199787	2.15029106332915e-11	c22
ACKR3	0.00112346578295394	0.00459481816216568	0.471698113207547	0.0807369077764322	0.0384305137978174	c22
MTERF4	0.000791798040950072	0.077721517191113	35.062893081761	29.6744834672832	0.0294793847422892	c22
PASK	1.15337280544252e-33	0.366616568529639	50.9433962264151	30.3387280267166	5.55167761522575e-30	c22
PDCD1	6.52729897718977e-07	0.111231751293815	36.3207547169811	26.819332819553	6.98193053134705e-05	c22
RP11-415F23.4	0.000621649308650896	0.00932722874047872	1.41509433962264	0.462402289992293	0.0243556416345154	c22
RP11-222K16.2	5.49700593875932e-18	0.127686435655907	20.7547169811321	10.2682667253844	4.20945722955811e-15	c22
EOMES	4.02431085407738e-27	0.226231611962703	38.6792452830189	20.1108297552204	7.97618411278136e-24	c22
TGFBR2	8.07626998657425e-17	0.258666277152781	60.8490566037736	47.3118279569892	5.13437435712515e-14	c22
RPSA	2.58769411881365e-05	0.0874691724526544	99.685534591195	99.6623729311167	0.00166710832962346	c22
RPL14	5.22588981325077e-13	0.129820857906688	100	99.9412822488899	2.0009219473599e-10	c22
CCK	0.000315312759040558	0.00119105207837091	0.157232704402516	0.00733971888876656	0.0137975949391072	c22
RPL29	0.000168254792290364	0.0749488458879415	100	99.9302726705567	0.00830040552186165	c22
ATXN7	3.13598827775358e-07	0.110050869214985	31.1320754716981	23.3549855040552	3.53391267660967e-05	c22
LRIG1	3.60959095060397e-09	0.0703731472758294	12.4213836477987	6.60207714044552	5.79150273760239e-07	c22
FOXP1-AS1	6.18040488347272e-06	0.00096571009357113	0.157232704402516	0.00366985944438328	0.000463791897870222	c22
MTRNR2L12	3.87533709750645e-07	0.206343759726858	64.3081761006289	55.0809204007487	4.28116748076663e-05	c22
RPL24	1.35769199042616e-08	0.100952237976059	100	99.6807222283387	1.9549604241632e-06	c22
RETNLB	6.17049470652589e-06	0.00160240955888929	0.157232704402516	0.00366985944438328	0.000463791897870222	c22
TRAT1	4.14483258348475e-16	0.225568870628498	55.3459119496855	41.3189474843114	2.32759981779892e-13	c22
RP11-190C22.8	6.17049470652589e-06	0.00144209139439959	0.157232704402516	0.00366985944438328	0.000463791897870222	c22
KBTBD12	6.18040488347272e-06	0.00107218163067034	0.157232704402516	0.00366985944438328	0.000463791897870222	c22
ZBTB38	0.000628655791911998	0.0906300713426973	44.6540880503145	38.8674813754633	0.0245473594762391	c22
RAP2B	2.55878126756685e-06	0.0935735050462702	25.4716981132075	18.7126133069103	0.000232386997383821	c22
RP11-292E2.1	5.93686980771982e-11	0.00159641904846526	0.157232704402516	0	1.21973714208117e-08	c22
PPP1R2	1.78126492848955e-10	0.194169861773959	81.6037735849057	74.7366875848655	3.50982108190216e-08	c22
RPL35A	2.6160513057978e-15	0.13248354446139	100	99.9486219677786	1.29625342202281e-12	c22
SPON2	9.63886869525694e-05	0.0612702948022924	20.125786163522	14.4922749458696	0.00513067996552903	c22
RP11-317B7.3	6.17049470652589e-06	0.00175559522460521	0.157232704402516	0.00366985944438328	0.000463791897870222	c22
LYAR	1.32087634728654e-05	0.11707826665689	41.8238993710692	34.3865829938713	0.000921441152080181	c22
STX18-AS1	0.000414510552104447	0.0285966558553893	4.55974842767296	2.39641821718228	0.0172426154847003	c22
ARAP2	1.46497541599798e-07	0.12967615860777	41.3522012578616	32.6323901794561	1.71989134726955e-05	c22
RPL9	3.56881344783025e-09	0.147729324834105	100	99.6036551800066	5.75347369910012e-07	c22
TXK	3.37720559154692e-06	0.0947115635665551	24.685534591195	17.7401005541488	0.000296332201045786	c22
FRYL	0.000982852917741303	0.0696795191236532	29.2452830188679	24.2027230357077	0.0345681066914149	c22
RP11-646I6.6	0.000314640307021036	0.00215506573624929	0.157232704402516	0.00733971888876656	0.0137975949391072	c22
RP11-584P21.2	0.000314976365032162	0.00168281815210459	0.157232704402516	0.00733971888876656	0.0137975949391072	c22
CNOT6L	0.000445815606890784	0.082163712268623	37.4213836477987	32.0158537927997	0.0182963593892546	c22
HSD17B11	0.000942343839740049	0.0832005648218485	39.1509433962264	34.412272009982	0.0334224561433697	c22
RPL34	2.91567982790565e-08	0.113271822435638	100	99.9816507027781	3.87691201699244e-06	c22
CCDC109B	5.68693481664763e-17	0.237309417147368	64.937106918239	53.3670960402217	3.68491503292548e-14	c22
RP11-614F17.2	6.17049470652589e-06	0.00173409466250987	0.157232704402516	0.00366985944438328	0.000463791897870222	c22
RPS3A	2.35746410864458e-08	0.11323233066111	100	99.9412822488899	3.164637277955e-06	c22
RP11-18H21.1	3.07291527871185e-07	0.104289132545375	28.6163522012579	20.5732320452127	3.47445662419185e-05	c22
LINC01207	5.93686980771982e-11	0.00184918618629957	0.157232704402516	0	1.21973714208117e-08	c22
HAND2	7.99745408338328e-14	0.0047060537517037	0.314465408805031	0.00366985944438328	3.36832772356895e-11	c22
HAND2-AS1	6.18040488347272e-06	0.00159242664950912	0.157232704402516	0.00366985944438328	0.000463791897870222	c22
TTC23L	3.17276660526111e-06	0.00280383248413419	0.314465408805031	0.0183492972219164	0.000279851303658816	c22
IL7R	7.44216030225236e-16	0.405883860638133	87.4213836477987	79.6799882564498	3.91806483162642e-13	c22
FYB	2.12192886255922e-11	0.191110086986429	91.5094339622642	87.7756981907593	5.95802259125586e-09	c22
GZMK	2.39054630361875e-172	1.64839041451938	98.4276729559748	50.5890124408235	8.05470671541302e-168	c22
GZMA	1.09190864423156e-08	0.305307307649763	72.6415094339623	52.5340379463467	1.59050811274918e-06	c22
RP11-506H20.1	6.17049470652589e-06	0.00170233955757681	0.157232704402516	0.00366985944438328	0.000463791897870222	c22
KIF2A	0.000343321108800775	0.0880306728552667	42.2955974842767	37.0105324966054	0.0148496295762944	c22
PIK3R1	2.78170786901941e-05	0.123680346745136	55.188679245283	49.8330213952806	0.00175034872825182	c22
ENC1	6.992629411763e-10	0.0472517080463323	7.07547169811321	2.86249036661896	1.2271336218747e-07	c22
IQGAP2	4.65038102719043e-05	0.102747429168904	38.2075471698113	31.9497963228008	0.00274413201979254	c22
F2R	2.27552708112071e-09	0.107759967795226	28.3018867924528	18.7309626041323	3.74007851079421e-07	c22
RPS23	3.96046361192416e-19	0.148556012032436	100	99.9779808433337	3.42163746000443e-16	c22
CTC-242N15.1	6.39164590798852e-13	0.00491564714223554	0.471698113207547	0.0146794377775331	2.38071199741796e-10	c22
CTD-2587M2.1	0.000511117646952605	0.00395088385736913	0.628930817610063	0.121105361664648	0.0205508329312901	c22
MAN2A1	8.53443956384174e-16	0.155276004472479	29.2452830188679	17.5749568791515	4.35696070703157e-13	c22
CTC-487M23.5	0.000314976365032162	0.00100844920641514	0.157232704402516	0.00733971888876656	0.0137975949391072	c22
CTC-339F2.2	6.18040488347272e-06	0.000822133109646755	0.157232704402516	0.00366985944438328	0.000463791897870222	c22
HINT1	8.84278800815466e-06	0.139330147118246	96.8553459119497	93.1373628390033	0.000639375320057431	c22
CDC42SE2	0.00035734387757398	0.101579040254772	64.3081761006289	59.8297185217806	0.0153380186127104	c22
TCF7	8.1184189775692e-12	0.195997303819488	52.5157232704402	39.2197878821241	2.50955971587355e-09	c22
CTB-138E5.1	5.93686980771982e-11	0.00119775868170868	0.157232704402516	0	1.21973714208117e-08	c22
CTB-35F21.1	6.17049470652589e-06	0.00204699158292949	0.157232704402516	0.00366985944438328	0.000463791897870222	c22
PCDHB9	1.67409277813857e-05	0.00278310509175181	0.314465408805031	0.0220191566662997	0.00112900354647717	c22
PCDHGA1	6.17049470652589e-06	0.00208333592420718	0.157232704402516	0.00366985944438328	0.000463791897870222	c22
GPR151	0.000314640307021036	0.00194415084516402	0.157232704402516	0.00733971888876656	0.0137975949391072	c22
CSF1R	1.60986176003147e-08	0.00311488402115574	0.314465408805031	0.0110095783331498	2.25073369885893e-06	c22
TCOF1	2.67184407504041e-05	0.0686115197281839	19.1823899371069	13.644537414217	0.00170825643765487	c22
RPS14	5.13792535187917e-16	0.149214944826749	100	99.9853205622225	2.83798781649536e-13	c22
ITK	1.50224372356799e-08	0.172438483897303	61.9496855345912	55.1836764651914	2.12674790007983e-06	c22
GNB2L1	1.07911191261678e-11	0.124850091163662	100	99.6807222283387	3.18943831436052e-09	c22
RP1-151F17.1	0.00136529342951377	0.0317040200459742	6.28930817610063	3.85335241660244	0.0453284396028948	c22
E2F3	2.22506406097268e-06	0.070488581696702	14.937106918239	9.54530441484091	0.000208253634640037	c22
FAM65B	1.45399434715788e-20	0.245802842458944	50.7861635220126	35.4251532166318	1.48457228888295e-17	c22
HLA-F	8.16186762006048e-05	0.109259104980322	82.7044025157233	79.0340929942383	0.00444993475065239	c22
HLA-A	9.18611297142901e-10	0.151854018594336	100	99.6183346177841	1.57916780846597e-07	c22
HLA-E	2.74702571921404e-10	0.127984823227238	99.8427672955975	99.2073103600132	5.25899344222715e-08	c22
HSPA1B	5.45409277622202e-05	0.231508317429142	46.3836477987421	40.1262431648868	0.0031684517586556	c22
GPSM3	0.000119666914249304	0.113821998660062	82.2327044025157	78.0138720686998	0.00617466616954987	c22
HLA-DPB1	0.00145174204766828	0.106805749994498	70.125786163522	60.4646042056589	0.0477685513223975	c22
RPS18	1.20736757847613e-15	0.167082398560793	100	99.9486219677786	6.0717974909216e-13	c22
PACSIN1	8.49634839638459e-16	0.0436858972974976	4.87421383647799	1.21839333553525	4.35696070703157e-13	c22
RPL10A	4.54502265044401e-05	0.0938855963734015	99.8427672955975	99.3541047377885	0.00269138828091495	c22
CCDC167	0.000104884423251191	0.0968004109236277	45.5974842767296	39.4363095893427	0.0055478426326933	c22
TFAP2D	0.000314640307021036	0.00201379443507238	0.157232704402516	0.00733971888876656	0.0137975949391072	c22
EEF1A1	6.52454697850338e-09	0.107557471427283	100	99.9963301405556	9.94742470107208e-07	c22
UFL1-AS1	0.000314640307021036	0.00151967310368376	0.157232704402516	0.00733971888876656	0.0137975949391072	c22
RP1-273N12.4	5.93686980771982e-11	0.00161845384349728	0.157232704402516	0	1.21973714208117e-08	c22
AIM1	1.07410230905693e-05	0.119232817346551	40.251572327044	32.5700025689016	0.000760310991625302	c22
FYN	5.12959813249072e-11	0.199756156938581	70.440251572327	64.0537267422658	1.21973714208117e-08	c22
KPNA5	9.27506039790635e-05	0.0543970903914575	15.8805031446541	11.0169180520386	0.00495267646667285	c22
ECHDC1	0.00119501040989245	0.0610238167930353	29.4025157232704	24.2394216301516	0.0405077271135978	c22
THEMIS	0.000787356304167314	0.0757868739524342	35.062893081761	29.2597893500679	0.0293664349115504	c22
SAMD3	5.27120549384122e-26	0.256069176194284	47.3270440251572	28.4670997100811	8.67390780046263e-23	c22
VNN2	0.000140451720975504	0.0430940280966161	10.377358490566	6.60207714044552	0.00707381208751663	c22
RPS12	5.38181588676277e-16	0.161251535913375	100	99.9926602811112	2.92475652400943e-13	c22
UTRN	1.01481267161198e-08	0.147054576139771	41.6666666666667	32.6433997577893	1.50630388358124e-06	c22
TAGAP	1.00356272151622e-12	0.254592407526307	74.2138364779874	64.2298799955962	3.63591853105028e-10	c22
TOMM7	0.000161584360303438	0.0840364080210034	97.4842767295598	96.7558442511652	0.00799474807057861	c22
POU6F2	3.15323232902541e-06	0.0039864930900467	0.314465408805031	0.0183492972219164	0.000279592131826795	c22
STK17A	0.000205099854869365	0.125604653004735	85.377358490566	80.4543285992146	0.00990062250711801	c22
COA1	0.000687860114342719	0.0775507279808599	32.3899371069182	27.2193474989908	0.0263944981414276	c22
IKZF1	4.01572970345513e-08	0.16255935418872	69.6540880503145	61.5251935850857	5.14471470069267e-06	c22
NCF1	0.000761127729706678	0.0827839891862349	44.496855345912	38.6216007926896	0.0287504907227991	c22
PILRB	5.17958561191544e-09	0.0939557768494602	20.7547169811321	12.9729531358949	8.11725384222692e-07	c22
ZAN	0.000314976365032162	0.00156360596453747	0.157232704402516	0.00733971888876656	0.0137975949391072	c22
CUX1	7.99442124713139e-06	0.0661560708138468	17.1383647798742	11.5123490770304	0.000583039024893604	c22
AC105052.2	6.18040488347272e-06	0.00120218788217477	0.157232704402516	0.00366985944438328	0.000463791897870222	c22
CDHR3	5.7529673433377e-09	0.0469794896565505	6.44654088050314	2.65330837828911	8.93274109061846e-07	c22
SYPL1	0.00131834409979684	0.0757521014704147	39.1509433962264	34.4232815883152	0.0440240694732952	c22
RP11-390E23.6	1.39948504677436e-05	0.0217141532909604	3.30188679245283	1.29913024331168	0.000966275597664246	c22
KDM7A	1.09984557305043e-05	0.0592505202701641	16.0377358490566	10.580204778157	0.000776901399127069	c22
TRBV4-2	1.36035813100489e-10	0.148879366790584	8.17610062893082	3.43498843994275	2.71218383822951e-08	c22
TRBV15	0.00129931002504986	0.0271655994342203	3.14465408805031	1.53033138830783	0.0435178449145428	c22
PIP	5.93686980771982e-11	0.00219014290288034	0.157232704402516	0	1.21973714208117e-08	c22
EPHA1	0.00021391413839541	0.0514417799121544	16.8238993710692	11.8866747403574	0.010238100822578	c22
ATP6V0E2	0.00021343189059453	0.0979511947608452	42.4528301886792	37.6307387427062	0.0102295506709703	c22
GIMAP7	4.09147567093761e-15	0.272363221360519	86.9496855345912	76.5275789937245	1.99794465589235e-12	c22
GIMAP4	7.65739213021535e-31	0.377662910023463	87.5786163522013	72.3402693676832	2.86675744928307e-27	c22
GIMAP2	2.46330433129955e-06	0.121829710522934	45.5974842767296	38.2399354104738	0.000224928390620073	c22
GIMAP5	1.62692820849699e-06	0.0989034658522434	26.2578616352201	19.1896950346802	0.000157522181198556	c22
P2RY8	0.000419704537003525	0.0787437109773232	27.5157232704403	22.1145730118536	0.0174371450922278	c22
CD99	1.448021525988e-09	0.207089374698068	94.9685534591195	88.1573635729752	2.40343040870146e-07	c22
LINC01204	0.000314640307021036	0.00219608049518598	0.157232704402516	0.00733971888876656	0.0137975949391072	c22
USP11	0.00134989569377696	0.0640191722019893	23.2704402515723	18.690594150244	0.0448996895420739	c22
RP11-431N15.2	0.000314976365032162	0.00145801746766378	0.157232704402516	0.00733971888876656	0.0137975949391072	c22
RAB41	5.93686980771982e-11	0.00205920621194684	0.157232704402516	0	1.21973714208117e-08	c22
RPS4X	0.00058963337670459	0.0737573376121468	100	99.9743109838893	0.0231821551863296	c22
NAP1L2	3.17425937723425e-05	0.0232864614468409	3.93081761006289	1.72483393886014	0.00195885522814159	c22
RBM41	0.00141911269980997	0.030065349496495	6.91823899371069	4.33410400381665	0.0469240267982309	c22
ALG13-AS1	6.17049470652589e-06	0.00183745935494597	0.157232704402516	0.00366985944438328	0.000463791897870222	c22
SEPT6	6.4648976697515e-05	0.122770774332731	78.9308176100629	74.0797827443209	0.00362443031754754	c22
RPL39	1.05912704287482e-17	0.161349063032979	100	99.9449521083342	7.75787534404875e-15	c22
SH2D1A	5.72724806297552e-07	0.139315021311099	52.5157232704402	43.498843994275	6.18506077672747e-05	c22
LINC00629	6.17049470652589e-06	0.00235139922346689	0.157232704402516	0.00366985944438328	0.000463791897870222	c22
HSFX1	6.17049470652589e-06	0.0018699376935943	0.157232704402516	0.00366985944438328	0.000463791897870222	c22
PNMA5	0.000226694050974994	0.0195934501256821	2.51572327044025	1.01288120664979	0.01081902174724	c22
PNMA6A	0.000173534043908441	0.00336111839269626	0.314465408805031	0.0293588755550662	0.00854832759568864	c22
RPL10	4.42548910679831e-10	0.105918710785505	100	99.9926602811112	8.23825579914157e-08	c22
PIWIL2	0.00112251484337739	0.00463314376092673	0.471698113207547	0.0807369077764322	0.0384305137978174	c22
EXTL3-AS1	0.000174061149740186	0.00344577195561296	0.314465408805031	0.0293588755550662	0.00856177573627127	c22
SARAF	2.01924389089763e-08	0.114754768790894	98.4276729559748	98.9320709016845	2.77097890957605e-06	c22
LEPROTL1	7.55971696550673e-07	0.131580701241617	80.9748427672956	77.5441300598187	7.93511225656648e-05	c22
CTD-2373N4.5	5.93686980771982e-11	0.00206856962090169	0.157232704402516	0	1.21973714208117e-08	c22
TOX	7.37028963315728e-05	0.0865065494486821	31.6037735849057	24.7311827956989	0.00407105801474757	c22
RP11-25K19.1	2.41193791293878e-06	0.0848063870416136	21.8553459119497	15.2776248669676	0.000220836510974345	c22
RP11-463D19.1	0.000315312759040558	0.00105758824994316	0.157232704402516	0.00733971888876656	0.0137975949391072	c22
AB015752.3	0.000314640307021036	0.00200636720944641	0.157232704402516	0.00733971888876656	0.0137975949391072	c22
RPL30	3.27644139123458e-22	0.159808212055775	100	99.9889904216668	3.6798805412086e-19	c22
RNF19A	9.86221770656197e-06	0.129746556909372	55.6603773584906	47.4733017725421	0.000702531846521985	c22
KB-1615E4.3	7.67899730352208e-14	0.0261826465385289	2.51572327044025	0.43671327388161	3.27514095120092e-11	c22
GRHL2	0.000314640307021036	0.00247136350333339	0.157232704402516	0.00733971888876656	0.0137975949391072	c22
FBXO32	5.36965847805553e-08	0.133276734694617	30.3459119496855	22.261367389629	6.75094301341802e-06	c22
LINC00861	3.3368215298784e-13	0.216026017674154	56.9182389937107	42.9446952181731	1.30733563520608e-10	c22
KCNK9	6.18040488347272e-06	0.00115263743128275	0.157232704402516	0.00366985944438328	0.000463791897870222	c22
THEM6	5.48845932104902e-05	0.0430163985744688	11.0062893081761	6.89933575544057	0.00317745959387329	c22
UHRF2	0.00129257509083984	0.0587652464830784	20.7547169811321	16.3712429813938	0.0433785110664914	c22
RPS6	7.44615956476354e-05	0.0859888872344912	99.8427672955975	99.8458659033359	0.00410623404869301	c22
MLLT3	0.00150112720974155	0.0692854595020693	31.1320754716981	26.1183896656758	0.0490106397335579	c22
RP11-331F9.3	1.67024354751138e-05	0.00367416366658057	0.314465408805031	0.0220191566662997	0.00112900354647717	c22
PAX5	0.000314976365032162	0.00144575549321746	0.157232704402516	0.00733971888876656	0.0137975949391072	c22
ANKRD20A1	0.000410701502140104	0.00310447879789227	0.314465408805031	0.0330287349994495	0.0171452370668546	c22
TMEM2	1.63369523792337e-12	0.213760161397847	55.3459119496855	44.6731990164777	5.67481725222577e-10	c22
C9orf153	3.16438060118044e-06	0.00335722359059125	0.314465408805031	0.0183492972219164	0.00027984419941253	c22
SLC46A2	6.18040488347272e-06	0.001619135817521	0.157232704402516	0.00366985944438328	0.000463791897870222	c22
AKNA	0.000657920346696846	0.099939827453513	47.7987421383648	42.8896473265074	0.025509744719912	c22
TNFSF8	4.12501070103693e-13	0.200255194559662	46.6981132075472	34.3021762266505	1.59756448920389e-10	c22
FAM102A	4.16350635686036e-09	0.167478976632755	51.2578616352201	41.8951154170795	6.58615883511986e-07	c22
RPL7A	1.61201723451837e-17	0.135071910624987	100	99.9559616866674	1.14653001760626e-14	c22
C9orf116	0.0003807263939727	0.00587578828132972	0.628930817610063	0.117435502220265	0.0161158230132112	c22
RP11-304M2.5	0.000660430239796127	0.00397015174477489	0.628930817610063	0.124775221109032	0.025577628160564	c22
RPLP2	6.07845410986001e-20	0.160402333411175	100	99.9596315461118	5.38966928362166e-17	c22
CD81	4.29828811759905e-05	0.0634508519373476	19.4968553459119	13.8390399647694	0.0025678460963543	c22
RPL27A	4.64880918570057e-12	0.173855330547095	97.3270440251572	96.084259972843	1.52074734663102e-09	c22
NUCB2	2.21445841320825e-12	0.188248540408455	44.811320754717	32.6287203200117	7.46139617746387e-10	c22
LDHC	2.10622867103741e-20	0.0034023059623687	0.314465408805031	0	2.0276362526267e-17	c22
CD82	2.66192502853736e-05	0.126409552685891	62.2641509433962	54.8130206613087	0.00170515022645509	c22
CD6	0.00013980055855896	0.119561138888865	65.0943396226415	58.0535065506991	0.00705155691629582	c22
CD5	4.38671937790394e-05	0.120295874793499	52.5157232704402	46.8897941208852	0.00260680992449904	c22
SYT7	6.17049470652589e-06	0.00250799162075962	0.157232704402516	0.00366985944438328	0.000463791897870222	c22
UBXN1	0.00045007927950363	0.0871278811484577	77.3584905660377	74.3073140298727	0.0184488701260284	c22
RARRES3	0.000180324769696609	0.117991833132201	90.0943396226415	86.5132665418914	0.00884405064069513	c22
RASGRP2	0.000296207397973769	0.0650411937225261	25.1572327044025	19.5676905574517	0.0137282146730786	c22
PYGM	2.46730723329293e-05	0.00993991464079364	1.41509433962264	0.363316084993945	0.00160489285557088	c22
FAU	7.07836991033917e-12	0.101129775755946	100	99.9339425300011	2.20832033110155e-09	c22
SIPA1	0.00058396705200538	0.0704743360279233	24.5283018867925	19.7365040918933	0.023013082865812	c22
TBC1D10C	0.000126717294433177	0.109627172125842	69.9685534591195	64.439061983926	0.00648095802094566	c22
RP11-660L16.2	0.00122018137106477	0.0540809292593645	15.251572327044	11.4059231531432	0.0411951814796155	c22
STARD10	0.00019788157389867	0.0271076472415946	5.9748427672956	3.2918639216118	0.00959341259128314	c22
RPS3	5.40606825576409e-26	0.185192246210881	100	99.9926602811112	8.67390780046263e-23	c22
RP11-91P24.7	0.000314976365032162	0.00157129991440136	0.157232704402516	0.00733971888876656	0.0137975949391072	c22
SCARNA9	6.17049470652589e-06	0.00178336978464549	0.157232704402516	0.00366985944438328	0.000463791897870222	c22
ATM	2.08420253764921e-09	0.160462108827257	53.9308176100629	42.9667143748394	3.44240785801728e-07	c22
PCSK7	0.000204207137720663	0.0889793308580201	40.251572327044	33.9498697199897	0.00987167187713058	c22
RNF214	0.000781219786804194	0.0552797751498491	19.811320754717	15.2152372564131	0.0292471327739783	c22
CXCR5	4.75186505276071e-10	0.0712499743446691	11.4779874213836	5.70296157657162	8.70159462433257e-08	c22
RP11-158I9.5	0.000841881282776372	0.00316127729249912	0.314465408805031	0.0366985944438328	0.0308342728057682	c22
RPS25	1.09820010365185e-28	0.175014165645241	100	99.9669712650006	2.31267214327784e-25	c22
SORL1	0.000734771660394265	0.0814266500428142	35.2201257861635	29.7478806561709	0.0279428852430298	c22
CRTAM	9.5339881769329e-18	0.1840203152292	31.7610062893082	17.9786414180337	7.13862661407949e-15	c22
AP000708.1	6.17049470652589e-06	0.0019815630407608	0.157232704402516	0.00366985944438328	0.000463791897870222	c22
ETS1	4.3465338303116e-05	0.121234170098589	62.5786163522013	57.4736687584866	0.00259207275891184	c22
RP11-138I18.2	6.18040488347272e-06	0.000989598389369341	0.157232704402516	0.00366985944438328	0.000463791897870222	c22
CAMK1D	8.03626657176065e-05	0.0730471564266273	21.5408805031447	16.2648170575067	0.00438855698328855	c22
OPTN	9.45513631152034e-09	0.154868721446863	58.9622641509434	50.2183566369408	1.40965204814321e-06	c22
FAM107B	0.000552514477817987	0.0923055946670512	54.7169811320755	48.3870967741936	0.0220052279144199	c22
LINC01552	0.000314640307021036	0.00192653862109545	0.157232704402516	0.00733971888876656	0.0137975949391072	c22
ARMC4	6.17049470652589e-06	0.00207295443549026	0.157232704402516	0.00366985944438328	0.000463791897870222	c22
RP11-253D19.2	5.93686980771982e-11	0.00169574121270284	0.157232704402516	0	1.21973714208117e-08	c22
FRMPD2	5.93686980771982e-11	0.00124793443830864	0.157232704402516	0	1.21973714208117e-08	c22
ANK3	3.31577440200079e-05	0.0590491125354181	14.937106918239	10.015046423722	0.002031303685473	c22
RPS24	7.08215258356294e-08	0.0777067031099534	100	99.9633014055562	8.61465881409999e-06	c22
LINC00856	5.93686980771982e-11	0.00165344284438637	0.157232704402516	0	1.21973714208117e-08	c22
FGFBP3	0.00104247439174112	0.0239938952386863	5.18867924528302	2.94322727439539	0.0363238181544213	c22
PDLIM1	2.54086087068093e-05	0.0239863191467771	5.9748427672956	3.00194502550552	0.00164049322344988	c22
RP11-106M7.1	6.11819103554746e-05	0.00349855815481282	0.314465408805031	0.025689016110683	0.00345883101932443	c22
TCERG1L	1.41204295113058e-08	0.00835806267849728	0.628930817610063	0.0513780322213659	2.0245691572508e-06	c22
KNDC1	6.17049470652589e-06	0.0012099479269627	0.157232704402516	0.00366985944438328	0.000463791897870222	c22
CYP2E1	1.43462935715228e-08	0.00601039624536324	0.628930817610063	0.0513780322213659	2.04823735423259e-06	c22
NINJ2	1.69571125276792e-24	0.212141147197605	31.2893081761006	16.6758413152776	2.19751134426008e-21	c22
WNK1	6.99811195192439e-06	0.116728953050351	46.0691823899371	39.2454768982348	0.000517092947605571	c22
CD27	7.70299005633649e-11	0.225157128964951	77.3584905660377	66.20059451723	1.57299725429213e-08	c22
ARHGDIB	0.00028805263585765	0.0769299624882276	98.5849056603774	98.3559029689163	0.0133870972587416	c22
KIAA1551	7.90496225666396e-11	0.197869135831539	74.3710691823899	66.8208007633308	1.60451685708455e-08	c22
NELL2	2.69679031894687e-10	0.175494308329648	45.440251572327	34.0159271899886	5.19232302894833e-08	c22
RP11-923I11.6	6.18040488347272e-06	0.00106352849399935	0.157232704402516	0.00366985944438328	0.000463791897870222	c22
KRT18	9.48322164180169e-06	0.028940336972858	3.93081761006289	1.64776689052809	0.000681295671639374	c22
PCBP2	5.06344963169558e-10	0.198051166344856	93.0817610062893	87.1848508202136	9.22204712920816e-08	c22
ITGA5	0.00027407049529178	0.0509948204352584	14.4654088050314	10.1214723476091	0.0127725190433765	c22
DGKA	1.78421040766864e-05	0.109117442107121	44.9685534591195	37.6050497265955	0.00119280129912673	c22
RPL41	3.71144409852454e-18	0.196446974681176	100	99.904583654446	2.90821854548107e-15	c22
IFNG-AS1	7.12788511410996e-69	0.317489238631138	34.748427672956	11.9857609453558	1.2008348051741e-64	c22
TPH2	0.000314640307021036	0.00224542668016592	0.157232704402516	0.00733971888876656	0.0137975949391072	c22
RP11-530C5.2	5.93686980771982e-11	0.0016492633967191	0.157232704402516	0	1.21973714208117e-08	c22
BTG1	4.83184571112813e-05	0.09751772243373	100	99.8605453411134	0.00284126019879147	c22
RP11-1060G2.2	6.18040488347272e-06	0.00179404569647348	0.157232704402516	0.00366985944438328	0.000463791897870222	c22
C12orf42	6.70123085587542e-05	0.0279753927393866	5.9748427672956	3.13772982494771	0.00374446554656495	c22
ERP29	0.000935138021646074	0.0899466501488668	75.4716981132076	71.9769532826893	0.033236857068927	c22
RPL6	3.95521977895922e-12	0.118956632054288	100	99.875224778891	1.30654093364953e-09	c22
RP11-523H24.3	0.000314976365032162	0.000757056355896923	0.157232704402516	0.00733971888876656	0.0137975949391072	c22
ATP8A2	5.61779757257566e-06	0.0203135465370021	2.83018867924528	0.990862049983486	0.000463791897870222	c22
RPL21	5.92843219411817e-08	0.161183398511963	99.8427672955975	99.3577745972329	7.3709444409084e-06	c22
LPAR6	1.04768035474162e-06	0.0984067201518976	26.7295597484277	19.0025322030166	0.000107296479856122	c22
RCBTB2	1.12834261636093e-05	0.0502552487628881	12.7358490566038	7.93790597820103	0.000793703050431421	c22
RP11-93H24.3	0.000298801561833904	0.0226940061398898	3.93081761006289	1.92300634885684	0.0137975949391072	c22
KLF12	1.75619383845941e-07	0.104088721647468	25.7861635220126	18.3052589085838	2.05462483309206e-05	c22
LINC00402	1.14837779180782e-22	0.146722709499202	21.8553459119497	9.97834782927814	1.33425659714389e-19	c22
DZIP1	6.17049470652589e-06	0.00206128550422545	0.157232704402516	0.00366985944438328	0.000463791897870222	c22
GPR183	4.11269991425545e-10	0.182852913404601	52.3584905660377	39.381261697677	7.69851727282906e-08	c22
GAS6	5.69829815763614e-12	0.0402532357279588	4.71698113207547	1.40188630775441	1.84613902041723e-09	c22
RASA3	2.02309257362055e-08	0.105096209089778	27.6729559748428	19.1603361591251	2.77097890957605e-06	c22
AL589743.1	3.47461750851654e-07	0.00338069229796864	0.314465408805031	0.0146794377775331	3.87661464675352e-05	c22
TRAV1-2	0.000578071711901507	0.0528256528961293	5.9748427672956	3.4459980182759	0.0228074335606667	c22
TRAV37	0.000314640307021036	0.00263711646007739	0.157232704402516	0.00733971888876656	0.0137975949391072	c22
PAX9	5.30051022890774e-05	0.00948646420831988	0.786163522012579	0.143124518330948	0.00309524075654796	c22
RPS29	9.56518474174382e-30	0.208541259169641	99.8427672955975	99.7284304011156	2.68574445573597e-26	c22
RPL36AL	6.35898124854957e-06	0.10261645607038	98.7421383647799	97.6292707989284	0.000472979060019049	c22
HIF1A	0.000430829444022087	0.0845510191134585	40.5660377358491	34.4856691988697	0.0178333750453074	c22
RP11-270M14.5	5.93686980771982e-11	0.00202688008002409	0.157232704402516	0	1.21973714208117e-08	c22
IRF2BPL	5.94419605528909e-05	0.0592315775484173	16.0377358490566	11.0462769275937	0.00337746613637286	c22
RP11-356K23.1	5.93686980771982e-11	0.00190851471244883	0.157232704402516	0	1.21973714208117e-08	c22
TC2N	5.59503450258193e-10	0.188109451818624	62.4213836477987	51.3853719402547	1.01354350822578e-07	c22
LINC01550	2.81534589367828e-06	0.0899936044387554	26.8867924528302	19.6117288707842	0.000252960705444256	c22
RP11-61O1.2	9.15339910521952e-07	0.0180535124101369	2.20125786163522	0.616536386656391	9.51897004479218e-05	c22
LINC00239	8.80313548195806e-05	0.0581464070580181	13.3647798742138	9.00583507651657	0.00474580555086552	c22
PPP2R5C	3.0638882123241e-10	0.190553604516675	66.8238993710692	57.1690704246027	5.79969940595776e-08	c22
RP11-731F5.1	5.93686980771982e-11	0.00228521281989129	0.157232704402516	0	1.21973714208117e-08	c22
IGHV1-12	5.93686980771982e-11	0.00177023666117335	0.157232704402516	0	1.21973714208117e-08	c22
LINC00221	0.000314640307021036	0.00192322965813551	0.157232704402516	0.00733971888876656	0.0137975949391072	c22
NIPA1	0.000234467132691113	0.0299629537483061	6.91823899371069	4.00748651326654	0.0111426453722064	c22
DUOX1	1.6753777326485e-05	0.00248285817452869	0.314465408805031	0.0220191566662997	0.00112900354647717	c22
RP11-344A16.2	1.66512435922637e-05	0.00357380048534522	0.314465408805031	0.0220191566662997	0.00112900354647717	c22
ISLR2	6.18040488347272e-06	0.00101135821913524	0.157232704402516	0.00366985944438328	0.000463791897870222	c22
BCL2A1	0.000787892715618256	0.0484174754304202	21.5408805031447	16.3712429813938	0.0293664349115504	c22
IL16	3.79050175198982e-06	0.126195876169937	58.6477987421384	53.4478329479981	0.000329167953689549	c22
ISG20	0.00045118578121677	0.103251340462949	79.559748427673	73.3164519798892	0.0184717542069476	c22
RP11-697E2.11	0.000314976365032162	0.00110235769319687	0.157232704402516	0.00733971888876656	0.0137975949391072	c22
PRC1-AS1	6.15980865337766e-05	0.00173298218337562	0.314465408805031	0.025689016110683	0.00347652584199174	c22
RP11-6O2.3	5.93686980771982e-11	0.00172612095615402	0.157232704402516	0	1.21973714208117e-08	c22
RPS2	4.64178163196814e-11	0.148035305873404	100	99.9082535138904	1.21973714208117e-08	c22
LINC00921	0.000126757029020098	0.025087223463823	4.40251572327044	2.1505376344086	0.00648095802094566	c22
LITAF	6.75278556227702e-07	0.141080903070872	67.6100628930818	59.9251348673346	7.20026445365069e-05	c22
RPS15A	3.86351669379211e-16	0.116936322616081	100	99.9816507027781	2.20639544882426e-13	c22
VWA3A	0.000314976365032162	0.00177214860419723	0.157232704402516	0.00733971888876656	0.0137975949391072	c22
RP11-105C19.2	6.18040488347272e-06	0.00105848096665738	0.157232704402516	0.00366985944438328	0.000463791897870222	c22
GGA2	0.000930433084238181	0.0645756828294734	22.0125786163522	17.3033872802672	0.0331045536856613	c22
SEPT1	0.000425233105569662	0.10869597539068	79.0880503144654	74.1238210576535	0.0176450791367786	c22
PRSS8	0.000314640307021036	0.00246832326503383	0.157232704402516	0.00733971888876656	0.0137975949391072	c22
RP11-329J18.3	5.93686980771982e-11	0.00250914819906062	0.157232704402516	0	1.21973714208117e-08	c22
NLRC5	0.000271158384956083	0.0810481039330529	35.8490566037736	30.2433116811626	0.0126655154858613	c22
TRADD	0.000799602354458995	0.0750126019642988	37.1069182389937	31.9020881500239	0.0296389457988354	c22
RP11-424M24.5	5.93686980771982e-11	0.00181645142561077	0.157232704402516	0	1.21973714208117e-08	c22
LDHD	0.000359986629662236	0.00366803017309225	0.471698113207547	0.0697273294432823	0.0154109567656084	c22
GABARAPL2	0.000100478606494614	0.0948932106813849	67.7672955974843	64.0096884289332	0.00532583078156282	c22
TERF2IP	0.000190392867927917	0.10680751073603	65.251572327044	61.5985907739734	0.00925699464929761	c22
COTL1	2.11128216599482e-23	0.344772776358155	94.811320754717	86.5059268230027	2.54062647503677e-20	c22
CTD-2542L18.1	6.10989952146763e-05	0.00342725132329129	0.314465408805031	0.025689016110683	0.00345883101932443	c22
RP5-1142A6.10	0.000138637911445238	0.00345571320883245	0.471698113207547	0.0623876105545158	0.00701391259494873	c22
RPL13	1.29531830068419e-26	0.178072196046015	100	99.9926602811112	2.29707656964489e-23	c22
RP11-542C16.1	5.93686980771982e-11	0.00165344284438637	0.157232704402516	0	1.21973714208117e-08	c22
ZBTB4	0.00064194260390712	0.0445443073956076	12.1069182389937	8.39296854930456	0.0249764596952038	c22
CDRT1	6.10989952146763e-05	0.00375686481786389	0.314465408805031	0.025689016110683	0.00345883101932443	c22
RP11-135L13.4	6.17049470652589e-06	0.00223019318875669	0.157232704402516	0.00366985944438328	0.000463791897870222	c22
AC010761.13	6.18040488347272e-06	0.00087149537939611	0.157232704402516	0.00366985944438328	0.000463791897870222	c22
RPL23A	1.34842824561116e-32	0.2130242809279	100	99.904583654446	5.67924266345278e-29	c22
SSH2	0.000756486725217232	0.0827456249170702	38.8364779874214	33.6085727916621	0.0286393974376061	c22
FNDC8	0.000314640307021036	0.00179944081427623	0.157232704402516	0.00733971888876656	0.0137975949391072	c22
SLC35G3	0.000315312759040558	0.0014211288158691	0.157232704402516	0.00733971888876656	0.0137975949391072	c22
GAS2L2	5.93686980771982e-11	0.00146618177021306	0.157232704402516	0	1.21973714208117e-08	c22
AC015849.2	0.000360415324131875	0.00902971839186218	1.10062893081761	0.297258614995046	0.0154109567656084	c22
RP11-697E22.2	6.18040488347272e-06	0.00175604011051587	0.157232704402516	0.00366985944438328	0.000463791897870222	c22
RPL19	1.74142458674609e-06	0.0823841868876487	100	99.9926602811112	0.000166219716787034	c22
STARD3	0.000435333263387572	0.0781753928802174	34.748427672956	29.4799809167309	0.0179756360007118	c22
IKZF3	9.39343144397132e-12	0.188847615377892	58.8050314465409	46.5705163492238	2.82591320601044e-09	c22
RP5-1028K7.2	6.9873852388712e-26	0.186766693960736	26.4150943396226	12.609637050901	1.07014981017512e-22	c22
CCR7	2.88923238398712e-30	0.376887134796664	60.6918238993711	40.4455209365481	9.7349795946062e-27	c22
RPL27	9.83911159078912e-06	0.0923438912793975	99.3710691823899	98.678850600022	0.000702370817669594	c22
ADAM11	0.000838524645228594	0.00387387969194709	0.314465408805031	0.0366985944438328	0.0307769601267236	c22
OSBPL7	0.000209409540098786	0.0343515133576232	8.64779874213836	5.29193731880069	0.0100797786344121	c22
RP11-159D12.2	7.79309776773079e-05	0.0169015407582839	2.20125786163522	0.781680061653639	0.00427655759260458	c22
GDPD1	0.000728294486935795	0.0190760390035723	3.14465408805031	1.48996293441961	0.0277704803171379	c22
LIMD2	1.12558347414798e-09	0.172109444889206	94.3396226415094	91.5152849645858	1.9057994762785e-07	c22
ICAM2	6.98669844693671e-08	0.124010890103398	41.8238993710692	32.0782414033543	8.52934121272049e-06	c22
RPL38	3.12486732847601e-11	0.141960062414941	98.7421383647799	98.2347976072517	8.42314238125366e-09	c22
RP11-552F3.13	5.93686980771982e-11	0.00196415562731999	0.157232704402516	0	1.21973714208117e-08	c22
SEPT9	3.73445770832392e-11	0.19252869486818	80.188679245283	72.86505926823	9.98641412891e-09	c22
TNRC6C	0.000363467374905346	0.0562355359311806	19.811320754717	14.793203420309	0.0155217613815725	c22
TMC8	6.88091313654289e-05	0.103026602711435	55.3459119496855	51.0073764174832	0.00383215681359795	c22
CBX4	0.000766692357144544	0.0262245335720676	7.54716981132075	4.66072149436677	0.0288636114878528	c22
RP11-689C9.1	6.17049470652589e-06	0.00167120679870153	0.157232704402516	0.00366985944438328	0.000463791897870222	c22
KDSR	2.05465488480888e-06	0.113885980378601	31.2893081761006	24.5109912290359	0.000193127069527827	c22
MBP	9.63250507642057e-10	0.173794155431088	63.6792452830189	53.7781202979926	1.6475006398219e-07	c22
CDC25B	0.00124257039659067	0.0659442469067839	26.4150943396226	21.4172997174208	0.0418671669427259	c22
RP5-971N18.3	0.000412279854624242	0.00207099395844821	0.314465408805031	0.0330287349994495	0.0171710227709632	c22
CST7	3.41838786459039e-46	0.670355910009219	91.9811320754717	61.7600645895262	2.54319459091574e-42	c22
APMAP	0.00066993676121447	0.0784967986315269	38.0503144654088	33.0727733127821	0.0259160151921474	c22
RALGAPB	0.000962773708334062	0.0517267476144994	14.4654088050314	10.627912950934	0.0340395564833241	c22
STK4	1.87304467541469e-06	0.133341158821265	79.4025157232704	74.6926492715329	0.000177276312621973	c22
NFATC2	3.92351328791456e-09	0.165636678722702	56.2893081761006	46.3980329553378	6.26534865985749e-07	c22
ATP9A	3.40181032960545e-07	0.028171848759665	3.45911949685535	1.19637417886895	3.8079932639776e-05	c22
RPS21	5.88767853981914e-09	0.120775734222631	100	99.8715549194466	9.09997434498468e-07	c22
RP5-963E22.4	5.93686980771982e-11	0.00188504233617115	0.157232704402516	0	1.21973714208117e-08	c22
LIME1	2.15574508800786e-08	0.147793325473781	45.2830188679245	36.1150867921759	2.9395839399235e-06	c22
GZMM	3.63170570625749e-29	0.361804130148791	76.2578616352201	58.4902198245807	8.74047800475999e-26	c22
CNN2	5.4984853435917e-08	0.158886506265451	80.188679245283	75.3165253770781	6.88721060100293e-06	c22
HMHA1	0.000763232198470726	0.0830756022103031	47.6415094339623	42.6254174465118	0.0287654873548911	c22
CIRBP	0.000729413993015581	0.102090651320874	91.1949685534591	88.0435979301993	0.0277704803171379	c22
RPS15	2.1398032667653e-10	0.100528456368084	100	99.9926602811112	4.19177507385989e-08	c22
GNG7	3.06062519944726e-08	0.0241431531468	3.30188679245283	1.01655106609417	4.04410609686965e-06	c22
TBXA2R	0.000113635277027995	0.00873622457456733	0.943396226415094	0.209181988329847	0.00592697681761807	c22
EEF2	1.59595521445118e-05	0.130215332825145	97.3270440251572	94.9429336856398	0.00109075283966974	c22
RPL36	4.98856908414636e-15	0.14058825734691	100	99.9155932327792	2.40121209601754e-12	c22
FUT3	6.17049470652589e-06	0.00180571824600112	0.157232704402516	0.00366985944438328	0.000463791897870222	c22
ALKBH7	6.38308631727885e-07	0.12157089010342	45.9119496855346	38.2252559726962	6.84941752784693e-05	c22
CTB-133G6.1	1.71303965894417e-08	0.108259858658749	25.9433962264151	17.3657748908217	2.37527400281749e-06	c22
MCEMP1	5.93686980771982e-11	0.00116855656507399	0.157232704402516	0	1.21973714208117e-08	c22
FCER2	6.18040488347272e-06	0.00220454643337892	0.157232704402516	0.00366985944438328	0.000463791897870222	c22
CTD-2325M2.1	0.000314640307021036	0.00157193884151842	0.157232704402516	0.00733971888876656	0.0137975949391072	c22
RPS28	1.1948224986609e-13	0.1300816356883	100	99.9963301405556	4.90955478900979e-11	c22
EIF3G	0.000757943001774653	0.0858394819923385	80.8176100628931	78.4872839370252	0.0286623249178397	c22
ZNF443	0.000392765004276185	0.0100311917627542	1.88679245283019	0.686263716099673	0.0165422800676022	c22
DNAJB1	1.36276667500177e-05	0.216706902692486	81.1320754716981	77.8083599398143	0.000948699593956809	c22
TECR	1.4147756414678e-10	0.173780429892031	67.6100628930818	59.2388711512349	2.80408532138917e-08	c22
AC003956.1	0.000314640307021036	0.00209432496240662	0.157232704402516	0.00733971888876656	0.0137975949391072	c22
KLF2	3.49100899382062e-18	0.423792339878995	77.5157232704402	58.3691144629161	2.80062040566171e-15	c22
UBA52	8.88728370283001e-05	0.0588465763635755	99.0566037735849	99.4605306616757	0.00478351656682355	c22
CTC-513N18.6	0.000314976365032162	0.00181249194907851	0.157232704402516	0.00733971888876656	0.0137975949391072	c22
KIAA0355	2.16514275443865e-05	0.0541030985620669	11.4779874213836	7.17090535432493	0.00141930583595439	c22
HSPB6	0.000314976365032162	0.000893946135144632	0.157232704402516	0.00733971888876656	0.0137975949391072	c22
HCST	0.000927806875953441	0.127080519846192	94.0251572327044	90.3409299423832	0.0330460093851747	c22
GMFG	0.000630117939850512	0.101920519775016	89.622641509434	86.527945979669	0.0245731410478277	c22
RPS16	6.45621572816673e-12	0.124424413427826	100	99.8385261844471	2.03304423126028e-09	c22
L34079.4	6.17049470652589e-06	0.00172330191177217	0.157232704402516	0.00366985944438328	0.000463791897870222	c22
SNRPD2	0.00087511215219552	0.0877362464741942	91.8238993710692	89.6326470696172	0.0317054073721246	c22
GLTSCR2	6.34769201893377e-05	0.12310873402885	89.937106918239	86.5683144335572	0.00357404762911212	c22
RPL18	4.07652505062603e-08	0.0934024827382127	100	99.9302726705567	5.20281950968914e-06	c22
CD37	0.00126575591667515	0.0883732540260325	95.125786163522	93.3245256706668	0.0425443255841323	c22
SLC17A7	6.18040488347272e-06	0.000881330870050279	0.157232704402516	0.00366985944438328	0.000463791897870222	c22
RPL13A	7.09244867655404e-27	0.209323711729692	99.8427672955975	99.5302579911189	1.32762758726562e-23	c22
RPS11	8.97780273810618e-05	0.0772797864870922	95.9119496855346	95.9448053139565	0.00482453086854465	c22
RPS9	2.7979336951036e-06	0.105529640412697	100	99.3797937538992	0.000252068390167969	c22
RPL28	1.05866899047385e-23	0.147255903342803	100	99.9926602811112	1.32114048018615e-20	c22
AC007228.9	0.0004086804843746	0.00377314440751072	0.314465408805031	0.0330287349994495	0.0171056897397736	c22
AC003682.16	5.93686980771982e-11	0.00233005299956315	0.157232704402516	0	1.21973714208117e-08	c22
RPS5	0.000511827130147817	0.0862574675305572	99.685534591195	99.4164923483431	0.0205548311361151	c22
LRRC74B	5.93686980771982e-11	0.00108891150952269	0.157232704402516	0	1.21973714208117e-08	c22
RIMBP3C	2.52304677986367e-11	0.00329419285836589	0.471698113207547	0.0183492972219164	6.96815886891201e-09	c22
IGLV2-18	0.000845250379536139	0.0023919026841602	0.314465408805031	0.0366985944438328	0.0308865781522998	c22
IGLV2-14	6.25427062958574e-30	0.204166951300759	27.6729559748428	12.3747660464604	1.91573995084784e-26	c22
VPREB3	0.000314640307021036	0.00336517022181904	0.157232704402516	0.00733971888876656	0.0137975949391072	c22
KB-226F1.2	6.17049470652589e-06	0.00199075068919812	0.157232704402516	0.00366985944438328	0.000463791897870222	c22
SELM	2.90581871970194e-08	0.140352849681847	45.5974842767296	36.6105178171676	3.87691201699244e-06	c22
PIK3IP1	3.29990748258686e-05	0.131405919625206	74.3710691823899	68.3364527138611	0.00202526562328382	c22
SFI1	0.000182958129488395	0.0711603886162165	25.314465408805	19.5126426657859	0.00896016164968312	c22
RP1-149A16.17	5.93686980771982e-11	0.00201734619248376	0.157232704402516	0	1.21973714208117e-08	c22
RAC2	0.000185836627637678	0.103883304037947	97.3270440251572	95.6548864178502	0.00904852504569931	c22
RPL3	2.18072164116254e-21	0.225980375560204	100	99.7614591361151	2.3702333863655e-18	c22
RP5-1042K10.14	5.93686980771982e-11	0.00119213774873517	0.157232704402516	0	1.21973714208117e-08	c22
AL022476.2	5.93686980771982e-11	0.00187895885444909	0.157232704402516	0	1.21973714208117e-08	c22
APP	0.00142852692823894	0.0378607827881845	11.0062893081761	7.62963778487284	0.0471427877767708	c22
ITGB2	3.5923839184525e-05	0.124372477577731	75	70.6374545854894	0.0021809330405106	c22
MT-ND1	0.000518191804570178	0.108446086748353	98.7421383647799	98.6238027083563	0.0207856603133185	c22
