gene	p_val	avg_log2FC	pct.1	pct.2	p_val_adj	cluster
PIK3CD	0.00184803093479006	0.0735607761553466	27.6051188299817	22.4998171043968	0.0489524798088178	c29
AGTRAP	9.38853608494724e-05	0.0923815561280332	27.2394881170018	21.040310190943	0.00397408712118357	c29
NBL1	1.49662426679613e-24	0.137955888443425	17.7330895795247	6.72690028531714	7.20389400648983e-22	c29
RUNX3	3.11798867689621e-14	0.201895176272177	41.3162705667276	27.3904455336894	6.77790390189297e-12	c29
RP1-317E23.6	8.93072065155734e-05	0.00176291417635532	0.182815356489945	0.00731582412758797	0.00380419344669498	c29
SH3BGRL3	4.24398878347372e-41	0.336698135730706	100	98.9099422049894	4.20579288442246e-38	c29
CD52	6.08116296974535e-63	0.479721769233099	99.6343692870201	97.4796985880459	1.20528650060353e-59	c29
ZNF683	6.20456621059317e-306	1.2977127537386	79.1590493601463	17.755505157656	2.09056653899726e-301	c29
PTP4A2	0.000664472494173542	0.102514891547304	53.199268738574	46.9931962835613	0.0218213803301007	c29
HPCA	1.55764532189603e-12	0.00209312163763212	0.182815356489945	0	2.343004530177e-10	c29
TMEM125	9.63408974928741e-07	0.00190521859519924	0.182815356489945	0.00365791206379399	6.50431373984488e-05	c29
RP1-92O14.6	0.000890494987974344	0.00175572428671487	0.182815356489945	0.010973736191382	0.0275530177822118	c29
RP11-269F19.2	0.00097261343882835	0.00720828604405174	0.731261425959781	0.153632306679347	0.0296304133886821	c29
EFCAB14-AS1	1.55764532189603e-12	0.00205980909966503	0.182815356489945	0	2.343004530177e-10	c29
GLIS1	0.000238876919413557	0.00355695921114188	0.36563071297989	0.0365791206379399	0.00902322749183899	c29
JUN	1.01073856063302e-08	0.322812615278937	89.0310786106033	82.3908113248958	9.89994914592117e-07	c29
INADL	0.000559509825789237	0.0491626426532228	12.0658135283364	8.0327748920916	0.0188144950799826	c29
CYR61	0.000890494987974344	0.00279163869931365	0.182815356489945	0.010973736191382	0.0275530177822118	c29
COL24A1	8.93072065155734e-05	0.00158297619106408	0.182815356489945	0.00731582412758797	0.00380419344669498	c29
GBP5	0.00158664927815747	0.101264678969389	46.0694698354662	39.7358987489941	0.0432179149379449	c29
GFI1	1.97776408670444e-06	0.0901108039358075	20.2925045703839	13.6037749652498	0.000125025859544877	c29
GCLM	4.37732547823548e-06	0.0821120092295882	18.4643510054845	12.2503475016461	0.000260122759547912	c29
FRRS1	0.000879699861440059	0.00417810163766247	0.36563071297989	0.0438949447655278	0.0275530177822118	c29
CDC14A	0.000284847932288384	0.08742925858558	29.6160877513711	23.6557173165557	0.0104777383216481	c29
SYPL2	9.65203558474043e-07	0.00179483440157531	0.182815356489945	0.00365791206379399	6.50431373984488e-05	c29
KCNA3	1.02769532740969e-05	0.102255126051481	29.7989031078611	22.0974467773795	0.00056580337192389	c29
PTPN22	1.61066176792077e-10	0.176174542482235	37.8427787934186	27.2477869632014	2.00998657808601e-08	c29
CD58	0.000629522529249467	0.0878865562552811	34.3692870201097	28.2463969566172	0.0207570321002326	c29
CD2	8.66021907753254e-12	0.259860729246621	95.7952468007313	89.1798961152974	1.2057744694148e-09	c29
WARS2-IT1	9.65203558474043e-07	0.00198221868650132	0.182815356489945	0.00365791206379399	6.50431373984488e-05	c29
MCL1	6.82642203207838e-09	0.203709314686304	72.2120658135283	63.0624039798083	6.80501372629731e-07	c29
RORC	0.000297868535969998	0.0167472492372399	2.19378427787934	0.790109005779501	0.0108384259729731	c29
S100A10	1.7315822781612e-53	0.505208060994853	94.5155393053016	83.4625795595874	2.77828253716017e-50	c29
S100A11	7.47023621746168e-27	0.42539292556581	92.1389396709324	79.2998756309898	3.93284592361178e-24	c29
S100A6	2.87098104645845e-99	0.700836614174774	99.4515539305302	91.0015363230668	8.79407594357919e-96	c29
S100A4	1.13714375985917e-77	0.812013501859315	99.4515539305302	87.6728363450143	2.73678013176392e-74	c29
RP11-61L14.6	1.55764532189603e-12	0.00170354298774295	0.182815356489945	0	2.343004530177e-10	c29
KRTCAP2	1.17966032821845e-05	0.143365284704653	80.2559414990859	73.8751920403834	0.000635959601583877	c29
C1orf61	1.08894944419798e-05	0.0350037672223378	5.11882998171846	2.27156339161607	0.000596587926289245	c29
FCRL6	6.09805345177175e-22	0.155813667741116	21.2065813528336	9.14112224742117	2.66841315589607e-19	c29
SLAMF8	4.33174502881145e-06	0.0311836228656837	3.83912248628885	1.44487526519862	0.000257868934630341	c29
TAGLN2	9.85770156397128e-06	0.151609943221905	80.8043875685558	74.21903577438	0.000544500649994178	c29
SLAMF7	0.000387965955989356	0.0524348010739786	16.4533820840951	11.3505011339527	0.0137746311075926	c29
MGST3	1.10512579944047e-08	0.162815923130978	52.6508226691042	42.3220425780964	1.07308670565842e-06	c29
XCL2	1.74828698167271e-28	0.246295619931633	28.8848263254113	12.7917184870876	1.01563416483587e-25	c29
XCL1	7.36139804128942e-46	0.311424615103172	26.691042047532	8.98383202867803	8.8583909144002e-43	c29
ATP1B1	2.06187597409447e-05	0.0649183464240881	12.2486288848263	7.4840880825225	0.00106553449495612	c29
PRRX1	0.000892147535206897	0.00173551839603287	0.182815356489945	0.010973736191382	0.0275530177822118	c29
FASLG	3.21121841680265e-11	0.109481344069502	20.6581352833638	11.3761065183993	4.22651536467767e-09	c29
GLUL	7.87639650105069e-42	0.355568283413339	44.9725776965265	21.5341283195552	8.29335324082506e-39	c29
COLGALT2	0.00032915532500147	0.0160196608165374	2.19378427787934	0.793766917843295	0.0118198507261779	c29
FAM129A	8.86510717803807e-08	0.14485584103225	39.853747714808	29.8814836491331	7.56204863941303e-06	c29
RGS18	7.06715929885326e-08	0.017040151986117	2.0109689213894	0.43163362352769	6.20106420353025e-06	c29
DENND1B	4.87575925891417e-09	0.125632278858902	27.6051188299817	18.5748774599459	4.94830820692332e-07	c29
GPR25	2.03359527193835e-20	0.141363127192568	15.3564899451554	5.86729095032555	7.69887180816751e-18	c29
BTG2	8.84451356683838e-05	0.159901885951231	62.1572212065813	56.4708464408516	0.00380419344669498	c29
CD55	5.39993858888886e-09	0.119113925892675	25.5941499085923	16.5886312093057	5.46382975417482e-07	c29
HHAT	0.000194943352732032	0.0243532812445015	4.20475319926874	1.94966713000219	0.00751535620932845	c29
LPGAT1	0.000947581869716485	0.07175867522017	21.3893967093236	16.4642621991367	0.0289726166227108	c29
ATF3	8.51222013616708e-07	0.121993302731724	15.9049360146252	9.88367839637135	6.11536770294272e-05	c29
PRSS38	9.65203558474043e-07	0.00111725934696128	0.182815356489945	0.00365791206379399	6.50431373984488e-05	c29
GUK1	1.19611260878548e-14	0.243376683713484	85.5575868372943	76.421098836784	2.85828498158992e-12	c29
GALNT2	1.68121023477982e-14	0.163734167014908	22.6691042047532	12.3271636549857	3.85351684698445e-12	c29
AC092580.4	3.67587296863304e-40	0.282295858800856	38.7568555758684	17.1409759309386	3.44041288347561e-37	c29
ID2	9.68107934254282e-33	0.457373077989993	66.9104204753199	43.9022605896554	6.52388574735275e-30	c29
PQLC3	0.000393570327108472	0.0876733718635319	29.2504570383912	23.5642695149609	0.0139149618064983	c29
RP11-111J6.2	0.00047988677837829	0.00414345031266496	0.36563071297989	0.0402370327017339	0.016459678300814	c29
GTF3C2-AS1	0.000430012524719286	0.00437758798233246	0.548446069469835	0.0841319774672617	0.0149523653332215	c29
FOSL2	3.18349060526243e-11	0.101955860208121	17.7330895795247	9.4886238934816	4.20645225308676e-09	c29
PRKD3	3.61835102193909e-06	0.0575100047058344	11.8829981718464	6.82932182310337	0.000217320355317675	c29
AC006369.2	7.07234410822215e-05	0.0748111253915659	17.1846435100548	11.8845562952667	0.0032245678265553	c29
CDC42EP3	2.45047226698769e-13	0.202865221509761	43.8756855575868	31.2093057282903	4.82843348326803e-11	c29
RMDN2	0.000605699326210491	0.0148143518151199	2.0109689213894	0.731582412758797	0.020126659859306	c29
AC093609.1	0.00105346615344092	0.0130025586930801	1.82815356489945	0.662082083546711	0.0314881572010412	c29
ZFP36L2	6.42424734975844e-49	0.541875312055798	99.0859232175503	97.3260662813666	8.65834360811043e-46	c29
LINC01185	0.000892561112531503	0.00156167424652031	0.182815356489945	0.010973736191382	0.0275530177822118	c29
AC092669.3	8.91966661842703e-05	0.0019792302437035	0.182815356489945	0.00731582412758797	0.00380419344669498	c29
ANXA4	0.000534086329573648	0.0596128534990413	15.9049360146252	11.3870802545907	0.0180677758922234	c29
RAB11FIP5	0.000126543129325679	0.0233412169704655	3.29067641681901	1.35708537566757	0.00514944951630367	c29
CAPG	5.04926119925012e-10	0.158205549871909	31.0786106032907	20.8830199721999	5.92786783440883e-08	c29
SFTPB	0.000312574232996596	0.0173115043922276	2.0109689213894	0.695003292120857	0.0113367881664019	c29
GNLY	1.48627019793609e-210	1.23863241331288	43.6928702010969	7.56456214792596	1.66927960164196e-206	c29
CD8A	2.74583862439608e-138	1.46541378819107	94.1499085923218	40.8954568732168	1.85036573220803e-134	c29
CD8B	3.55993186204137e-106	0.963342171524921	86.2888482632541	37.5301777745263	1.49935430199527e-102	c29
LINC00152	2.13283872790817e-08	0.172604905509317	51.1882998171846	38.3605238130075	2.0243343126236e-06	c29
AC021188.4	2.61232267400162e-12	0.0715015477431726	9.87202925045704	3.93957129270612	3.87751542633526e-10	c29
ITPRIPL1	0.000863003327495051	0.0444778275334502	10.054844606947	6.56229424244641	0.0273804464374936	c29
MGAT4A	2.82196299465271e-11	0.175925676873951	41.4990859232175	29.1791645328846	3.75823008465725e-09	c29
IL18RAP	1.65150887743314e-14	0.0811530035181335	11.1517367458867	4.35657326797864	3.83765104249878e-12	c29
PTPN4	0.000582830012260163	0.0826670252665057	29.6160877513711	23.615480283854	0.0194434400327663	c29
CXCR4	1.39092050327844e-10	0.242383446815358	94.8811700182815	92.223278952374	1.74871923274119e-08	c29
ARHGAP15	0.00133532969107541	0.105857389351446	64.5338208409506	60.3445753164094	0.0378563832012429	c29
KIF5C	0.00126708602547112	0.0246606294555341	3.6563071297989	1.80700855951423	0.0363346353550841	c29
CYTIP	2.35489568581136e-10	0.184190148308259	89.3967093235832	86.6925159119175	2.85416745459453e-08	c29
AC019186.1	1.55764532189603e-12	0.00187044366924708	0.182815356489945	0	2.343004530177e-10	c29
RBMS1	4.34336869309558e-05	0.127026870017398	49.7257769652651	42.7097812568586	0.00207877080603924	c29
DPP4	1.38286968544115e-07	0.0763821834707269	15.1736745886654	8.81556807374351	1.13093231022461e-05	c29
GALNT3	1.11093076548698e-09	0.0508318888574621	6.39853747714808	2.36301119321092	1.24357811336606e-07	c29
AC009495.2	0.000342712429969707	0.0138441116391412	1.64533820840951	0.515765600994952	0.012245336813785	c29
ABCB11	9.63408974928741e-07	0.00216476259163062	0.182815356489945	0.00365791206379399	6.50431373984488e-05	c29
KLHL23	0.000979277596256993	0.00868488181476884	0.914076782449726	0.223132635891433	0.0297795842313024	c29
GPR155	0.00148387967035086	0.0551903332083561	16.0877513711152	11.7528714609701	0.0411504869241168	c29
SCHLAP1	8.91966661842703e-05	0.00200922278880033	0.182815356489945	0.00731582412758797	0.00380419344669498	c29
RP11-366L5.1	0.000892147535206897	0.00176817846839897	0.182815356489945	0.010973736191382	0.0275530177822118	c29
CTDSP1	0.000126246536908867	0.105574940424631	34.9177330895795	28.6743726680811	0.00514944951630367	c29
TUBA4A	3.00718221238135e-05	0.143274695884073	66.3619744058501	60.5055234472163	0.00149666170552404	c29
ITM2C	2.58110546961449e-34	0.403848424106824	61.4259597806216	34.4392420806204	1.97654017484524e-31	c29
NMUR1	1.6632666880872e-14	0.0337097223356556	3.47349177330896	0.6693979076743	3.83850053345275e-12	c29
C2orf82	2.59545575775076e-05	0.00478510604572092	0.548446069469835	0.0621845050844978	0.00130524307912916	c29
ARL4C	2.23951393971482e-06	0.155273155035766	56.3071297989031	48.2405442973151	0.000139737375342132	c29
GPR35	0.000346173864148314	0.0175965819396732	2.92504570383912	1.21076889311581	0.0123559133248022	c29
BHLHE40	2.57314506855801e-07	0.125179465152439	28.5191956124314	20.0563318457824	2.01159048584672e-05	c29
ANKRD28	1.18695695431025e-21	0.178644481969094	24.1316270566728	11.3212378374424	4.99916595231618e-19	c29
TGFBR2	0.000763175526540315	0.112463108973331	54.6617915904936	47.4796985880459	0.0246071159724874	c29
CXCR6	7.06462397242271e-24	0.308510407815767	42.2303473491773	23.952008193723	3.35261183277198e-21	c29
CCR2	4.41937272603848e-12	0.0786051584756679	10.9689213893967	4.63823249689078	6.41837692375605e-10	c29
RP11-24F11.2	1.09431604865285e-06	0.0240150182442506	3.10786106032907	0.987636257224376	7.30136335511073e-05	c29
CCR5	7.68969386425241e-05	0.0679755923502776	17.3674588665448	11.8845562952667	0.00348248044438334	c29
RP11-708J19.1	0.00160431707184452	0.0227729438443932	3.83912248628885	1.94966713000219	0.043488221575808	c29
KLHDC8B	0.000134575977487084	0.00854425315178596	0.914076782449726	0.182895603189699	0.00544346096692654	c29
RASSF1	0.000857852177349137	0.0870623008648928	30.7129798903108	25.3493306020923	0.0272426684859584	c29
CISH	3.46746983140384e-07	0.116133369453086	21.0237659963437	13.6952227668447	2.64927275508664e-05	c29
LINC01212	9.65203558474043e-07	0.00197999607526886	0.182815356489945	0.00365791206379399	6.50431373984488e-05	c29
CBLB	2.72765229733929e-09	0.193884032676583	59.963436928702	49.3159704440705	2.88105067418653e-07	c29
CD96	2.98886090871649e-09	0.208079056343033	75.5027422303474	64.3682785865828	3.14708373307167e-07	c29
RP11-572M11.3	0.000892147535206897	0.00136841540173427	0.182815356489945	0.010973736191382	0.0275530177822118	c29
GRAMD1C	9.35648212820765e-05	0.0219010508946494	3.29067641681901	1.32782207915722	0.00396919811780964	c29
RP11-197K3.1	0.000892974874404207	0.00183571855605964	0.182815356489945	0.010973736191382	0.0275530177822118	c29
PLXND1	0.00168481022310063	0.0258759429240102	4.20475319926874	2.20937888653157	0.045233462675022	c29
GYG1	6.25404176769692e-16	0.220664694803507	44.0585009140768	29.6144560684761	1.71320067740471e-13	c29
GPR171	3.27812335377804e-09	0.166265820034072	39.4881170018282	29.2011120052674	3.43022013298749e-07	c29
PPM1L	0.000419832918558935	0.0153128548034451	2.19378427787934	0.808398566098471	0.0146437374305639	c29
EIF5A2	9.13909769114195e-05	0.0466844623039939	9.3235831809872	5.50881556807374	0.00388803986875425	c29
TPRG1	3.21214591488474e-07	0.0759871525987713	15.3564899451554	8.97651620455044	2.47666005620426e-05	c29
C4orf48	0.000183689952327166	0.107146631781442	44.7897623400366	37.7935474431195	0.00713047149045106	c29
ZFYVE28	8.49091016133517e-05	0.0817198306459733	22.8519195612431	16.8190796693248	0.00380419344669498	c29
LYAR	5.08338679358491e-25	0.308033005988633	53.9305301645338	34.1685565878996	2.51881815622132e-22	c29
NSG1	3.06115288800055e-08	0.0688738983482046	12.9798903107861	6.87687467993269	2.83358476396403e-06	c29
RP11-539L10.2	5.33994742728957e-13	0.0827838831392709	12.7970749542962	5.58928963347721	1.02813822065768e-10	c29
FGFBP2	9.41884276867447e-10	0.0548832002741459	4.02193784277879	1.14858438803131	1.07215705489094e-07	c29
RP11-769N22.1	0.00089132090658196	0.0018591065402912	0.182815356489945	0.010973736191382	0.0275530177822118	c29
COMMD8	0.00101345820656499	0.0835871100586994	29.7989031078611	24.6250640134611	0.0305160507703314	c29
HOPX	2.51739408190802e-218	1.02292665898581	71.4808043875686	20.3197015143756	4.24105380979043e-214	c29
IGFBP7	0.00010438651719808	0.00463511042172535	0.36563071297989	0.0329212085741459	0.00434243270057537	c29
ANTXR2	8.77962178399745e-05	0.0570189328640322	12.6142595978062	8.07301192479333	0.00380419344669498	c29
DDIT4L	1.4457425557082e-06	0.00705549720921529	0.731261425959781	0.0841319774672617	9.31412039618202e-05	c29
PPP3CA	2.89206748309957e-06	0.0781313589855347	17.9159049360146	11.5297388250786	0.000176531380028183	c29
CFI	9.65203558474043e-07	0.0022072883536605	0.182815356489945	0.00365791206379399	6.50431373984488e-05	c29
IL2	2.30508136595834e-07	0.0570427171646858	8.22669104204753	3.89933426000439	1.82317867475588e-05	c29
SPRY1	3.10058796424593e-08	0.0619254177037753	8.04387568555759	3.5884117345819	2.86222495526856e-06	c29
AF146191.4	8.9086255113523e-05	0.00309065672620528	0.182815356489945	0.00731582412758797	0.00380419344669498	c29
IL7R	7.72922507019846e-19	0.524348397369284	93.0530164533821	79.5925085960934	2.65743377056395e-16	c29
PTGER4	1.13068883187906e-15	0.242551965316969	51.7367458866545	36.2901455849001	3.02360551597881e-13	c29
EMB	4.18542579076133e-17	0.275390065178738	71.1151736745887	58.4241714829176	1.25914050530279e-14	c29
PARP8	1.8990823799817e-39	0.433804429756916	69.4698354661792	46.3750091447802	1.72939680300279e-36	c29
ITGA1	7.88930642638473e-75	0.336810624838798	33.8208409506399	10.0994952081352	1.77214860487071e-71	c29
GZMK	0.000129774523629945	0.266084444586738	68.9213893967093	51.3351379032848	0.00526822023998476	c29
GZMA	1.1451726200574e-52	0.855588359355776	87.0201096892139	52.3118004243178	1.67762809827018e-49	c29
F2R	0.00140873163694982	0.0650280373350701	24.6800731261426	18.8345892164752	0.0395878263347684	c29
CCNH	0.00172193003782497	0.101656277750978	53.382084095064	47.9003584753823	0.0460100798528744	c29
SLF1	4.57023102713466e-17	0.206098821937277	33.27239488117	19.8075938254444	1.36158248016866e-14	c29
CAST	1.90155284933602e-08	0.172798880073431	56.3071297989031	46.6895895822664	1.82019663936159e-06	c29
CAMK4	2.10255987379888e-06	0.145567952253578	54.1133455210238	45.5483210183627	0.000131924864781712	c29
REEP5	7.84450700030493e-08	0.170779017905593	61.9744058500914	52.3447216328919	6.74267395072128e-06	c29
RP11-325L7.1	0.000480660617663134	0.00376142097013994	0.36563071297989	0.0402370327017339	0.016459678300814	c29
ARHGAP26	6.47420840193119e-05	0.0508033261947836	10.4204753199269	6.28429292559807	0.00298973804634987	c29
ADRB2	2.10624211505886e-20	0.113301351983091	15.1736745886654	5.75389567634794	7.88530242497702e-18	c29
PDE6A	1.55764532189603e-12	0.00205185453205062	0.182815356489945	0	2.343004530177e-10	c29
SMIM3	4.60685920881043e-08	0.0640690215746121	10.4204753199269	5.21618260297022	4.12828495163985e-06	c29
TIMD4	6.4774404162029e-05	0.0132814950308536	1.46252285191956	0.376764942570781	0.00298973804634987	c29
CCNJL	8.91966661842703e-05	0.00110883438384851	0.182815356489945	0.00731582412758797	0.00380419344669498	c29
DUSP1	7.42190368393778e-06	0.190876063967921	91.9561243144424	89.9773209452045	0.000422421660011148	c29
RAB24	0.000517278741705805	0.081499998581949	23.400365630713	18.3517448240544	0.0175697479062857	c29
DBN1	0.00161531714638387	0.0274639265838435	5.30164533820841	2.98485624405589	0.0437454404287532	c29
LTC4S	8.68683515662438e-10	0.0634806611225592	9.14076782449726	3.9542029409613	9.95558584242523e-08	c29
GFPT2	4.98604091875426e-10	0.0152436949769682	1.64533820840951	0.245080108274197	5.89472500759671e-08	c29
TMEM14C	5.03601835332494e-08	0.141935320205636	40.5850091407678	31.0922525422489	4.47713990493221e-06	c29
RP1-153G14.4	8.9086255113523e-05	0.00208085995344694	0.182815356489945	0.00731582412758797	0.00380419344669498	c29
RP1-265C24.8	0.000104520476054093	0.00358335349133375	0.36563071297989	0.0329212085741459	0.00434243270057537	c29
PPP1R18	0.00171386243306992	0.105003356278592	66.3619744058501	60.439681030068	0.0458308577935379	c29
HLA-C	7.02497828597193e-06	0.0997152199053586	99.8171846435101	99.5939717609189	0.000402550371373364	c29
DDAH2	0.00165638548885112	0.0475231062829126	12.0658135283364	8.39856609847099	0.0446482021290796	c29
CLIC1	2.50920638074563e-14	0.284649466123847	95.7952468007313	87.2412027214866	5.56218419689757e-12	c29
XXbac-BPG157A10.21	8.9086255113523e-05	0.00341093203778428	0.182815356489945	0.00731582412758797	0.00380419344669498	c29
C6orf1	0.000711162944106332	0.0881968706932332	32.9067641681901	27.3831297095618	0.0231292705006938	c29
CPNE5	0.000225128830167392	0.0120495994013511	2.0109689213894	0.676713731801887	0.00854809909450376	c29
PIM1	6.80091951617193e-13	0.228808984351949	51.3711151736746	38.3276026044334	1.26602310595523e-10	c29
RUNX2	0.00117137392917532	0.0624693681822008	15.5393053016453	11.3651327822079	0.0344100027634116	c29
CLIC5	2.26609118006341e-11	0.104738972092341	15.7221206581353	8.05106445241056	3.06641269964083e-09	c29
RP1-8B1.4	0.000350004434185435	0.0128556371481902	1.64533820840951	0.515765600994952	0.0124662255871502	c29
RCAN2	0.00123710773969844	0.0231162056480608	4.20475319926874	2.15451020557466	0.0357389356877531	c29
ANKRD6	0.000179955751367826	0.014670553624246	1.82815356489945	0.57795010607945	0.00699357449433395	c29
SCML4	3.06137367183167e-17	0.266787656734939	58.3180987202925	41.7916453288463	9.37726586351785e-15	c29
FAM26F	5.8337891314061e-05	0.0259542291127847	4.02193784277879	1.73019240617456	0.002726264784932	c29
KIAA0408	0.000239296305539653	0.00268939760533082	0.36563071297989	0.0365791206379399	0.00902894705358685	c29
THEMIS	1.59133720361144e-13	0.190530397598828	42.5959780621572	29.1279537639915	3.21068956517866e-11	c29
SAMD3	3.67762071764028e-09	0.142209074058905	41.1334552102377	28.6524251956983	3.801035351539e-07	c29
TNFAIP3	2.03709578581327e-08	0.221317231528513	80.6215722120658	76.7210476260151	1.94441658377316e-06	c29
PERP	1.01543761338839e-38	0.246974341691864	32.9067641681901	13.7903284805033	8.77286024243804e-36	c29
ABRACL	0.000103895074017575	0.130004683236155	75.5027422303474	68.5529299875631	0.00434243270057537	c29
HECA	0.000196630550213275	0.0529057800908217	14.9908592321755	10.1068110322628	0.00756309333206176	c29
PPP1R14C	9.63408974928741e-07	0.00204874890956017	0.182815356489945	0.00365791206379399	6.50431373984488e-05	c29
RP11-230C9.3	8.9086255113523e-05	0.00200448525373477	0.182815356489945	0.00731582412758797	0.00380419344669498	c29
MPC1	0.00026508788076021	0.0973919793709681	33.0895795246801	27.1746287219255	0.00984770788791017	c29
CHST12	5.2043545148055e-15	0.206390750704337	46.617915904936	30.8983832028678	1.29892978534709e-12	c29
AC079742.4	9.65203558474043e-07	0.00199417058625349	0.182815356489945	0.00365791206379399	6.50431373984488e-05	c29
AC005281.1	9.63408974928741e-07	0.00153327098958074	0.182815356489945	0.00365791206379399	6.50431373984488e-05	c29
MACC1	1.482645911451e-07	0.00619673093212592	0.548446069469835	0.0402370327017339	1.20667322078333e-05	c29
HOXA5	1.55764532189603e-12	0.00191937187558328	0.182815356489945	0	2.343004530177e-10	c29
AC004549.6	8.93072065155734e-05	0.00174766345120728	0.182815356489945	0.00731582412758797	0.00380419344669498	c29
HERPUD2	7.7327426821584e-06	0.12736968864124	46.9835466179159	39.0555271051284	0.000437159449551418	c29
AOAH	1.045443601503e-20	0.227110740588794	39.1224862888483	22.2218157875485	4.19347341774312e-18	c29
NME8	8.93072065155734e-05	0.00172065128098502	0.182815356489945	0.00731582412758797	0.00380419344669498	c29
TRGC2	8.58234405196464e-13	0.102509934042762	14.9908592321755	7.05245445899481	1.57159511134183e-10	c29
TRGV10	9.2084528932295e-06	0.101095609027458	15.5393053016453	9.94220498939205	0.000515398026220058	c29
TRGV9	2.98158346762817e-10	0.0951639386345533	10.6032906764168	4.75162777086839	3.57514140064995e-08	c29
TRG-AS1	3.77869009761418e-09	0.131869945386753	26.691042047532	17.5579779062111	3.88168244356744e-07	c29
TRGV4	0.000244169724134438	0.0386238383662123	7.31261425959781	4.11149315970444	0.00918198067520732	c29
TRGV3	1.657623679909e-05	0.0912908365912437	15.5393053016453	10.1287585046455	0.000865922050710914	c29
TRGV2	6.69695297222442e-26	0.156441281024047	16.0877513711152	5.52344721632892	3.41889596130499e-23	c29
STK17A	1.61726851961487e-09	0.205178442725046	87.3857404021938	80.4301704587022	1.77499171009457e-07	c29
MYO1G	0.000696308184102987	0.0918345774781095	34.9177330895795	28.6926622284	0.0227119147678277	c29
UPP1	0.0010957576723723	0.0811064829694143	32.1755027422303	26.6076523520375	0.0325577239972773	c29
RP11-797H7.5	8.9086255113523e-05	0.00325370735407274	0.182815356489945	0.00731582412758797	0.00380419344669498	c29
STX1A	0.0013814095181924	0.0223538144681919	4.02193784277879	2.05940449191601	0.0390479969009854	c29
NCF1	2.91119664995694e-11	0.198590036212757	51.0054844606947	38.5104982076231	3.86180550880508e-09	c29
ABCB1	1.43191274536706e-09	0.071957995720633	11.1517367458867	5.2893408442461	1.58706802771046e-07	c29
CYP3A7	1.55764532189603e-12	0.0020482843089775	0.182815356489945	0	2.343004530177e-10	c29
PILRB	0.000530862922859549	0.0624124377688673	18.0987202925046	13.0514302436169	0.017994864509889	c29
LSMEM1	0.000879263562408418	0.00470464680384944	0.36563071297989	0.0438949447655278	0.0275530177822118	c29
SMKR1	2.5896065949176e-05	0.0262275565694064	3.47349177330896	1.35342746360377	0.00130424820043578	c29
ATP6V0A4	8.91966661842703e-05	0.00229148326343017	0.182815356489945	0.00731582412758797	0.00380419344669498	c29
TRBV4-1	1.90430050021857e-44	0.292283521260923	16.2705667276051	4.00175579779062	2.13878336847882e-41	c29
TRBV9	1.47443089610244e-27	0.27007897133859	18.0987202925046	6.29526666178945	8.27991243554596e-25	c29
TRBV11-3	2.15221171073806e-06	0.0397085402816966	3.47349177330896	1.20345306898822	0.000134789259073621	c29
TRBV28	0.000660096673192191	0.0901471361171309	5.85009140767824	3.28114712122321	0.0216988266405246	c29
TRBJ2-5	7.50128760589804e-06	0.0125373258783655	1.64533820840951	0.395054502889751	0.000426219872838328	c29
AC093673.5	0.000310742754851923	0.013592482845459	1.64533820840951	0.512107688931158	0.0112825068771344	c29
ZYX	5.74724591853911e-17	0.276748598913929	76.782449725777	64.0683297973517	1.66937675844187e-14	c29
EPHA1	2.16680349820608e-08	0.100565276134331	19.5612431444241	11.8479771746287	2.05079429967853e-06	c29
EPHA1-AS1	0.000576653949827459	0.0487522710968549	11.3345521023766	7.44019313775697	0.0192755735967127	c29
TAS2R60	3.83865395706592e-07	0.00364442093470776	0.36563071297989	0.0182895603189699	2.89999117554661e-05	c29
LINC00996	0.00109343122067274	0.0134745873442419	1.46252285191956	0.475528568293218	0.0325172740947461	c29
WDR86	3.95030676748094e-05	0.0344738235130222	5.85009140767824	2.87146097007828	0.00191789101186603	c29
ESYT2	0.00116198030949475	0.0585115221091784	13.1627056672761	9.34962323505743	0.0341936808280491	c29
CD99	7.1792539651373e-32	0.362394714737559	95.2468007312614	88.173970297754	4.65188044425646e-29	c29
TMSB4X	8.69090752145026e-37	0.190742624398638	100	99.9853683517448	7.14223019579866e-34	c29
REPS2	3.81896261215711e-07	0.00392054274415407	0.36563071297989	0.0182895603189699	2.891598342787e-05	c29
DYNLT3	5.3016534594782e-05	0.0889330374650178	29.4332723948812	22.4559221596313	0.00249837638690431	c29
TIMP1	1.71814837915353e-08	0.143040621331478	31.0786106032907	21.9218669983174	1.64932454379485e-06	c29
PLP2	1.20538346811651e-23	0.352264816342585	82.8153564899452	69.2954861365133	5.48840413171862e-21	c29
MSN	1.85876270430306e-05	0.140167117356604	68.5557586837294	61.5480283853976	0.000965010024018294	c29
RP6-159A1.3	0.000891734128692454	0.00193107296525437	0.182815356489945	0.010973736191382	0.0275530177822118	c29
RP6-159A1.4	4.64561612600246e-06	0.0113970519977987	1.46252285191956	0.314580437486283	0.00027365277928239	c29
CXCR3	1.6970263187094e-10	0.230966524980292	66.72760511883	53.5664642621991	2.10219135230127e-08	c29
ARMCX3-AS1	0.000890494987974344	0.00180230792569896	0.182815356489945	0.010973736191382	0.0275530177822118	c29
TSC22D3	9.62263812958977e-09	0.232936340888107	96.1608775137112	94.0266295998244	9.45262883785416e-07	c29
ALG13-AS1	9.65203558474043e-07	0.0020235996604817	0.182815356489945	0.00365791206379399	6.50431373984488e-05	c29
SLC25A43	0.000921603680341034	0.0352385604825287	8.04387568555759	4.93086546199429	0.0282295585503734	c29
ATP1B4	1.55764532189603e-12	0.00328555167395847	0.182815356489945	0	2.343004530177e-10	c29
MAP7D3	0.000876046580439975	0.0440496950028201	11.3345521023766	7.6011412685639	0.0275530177822118	c29
IDS	4.48363419940613e-06	0.151097711705088	62.1572212065813	54.3309678835321	0.000265037843359281	c29
SSR4	4.21062591376733e-05	0.112061055555736	84.2778793418647	81.8677298997732	0.00203256202777187	c29
FLNA	1.58603471051451e-06	0.159877538772007	56.672760511883	49.7585778037896	0.000101984453313122	c29
GAB3	1.61867627959261e-14	0.11219034501953	17.7330895795247	8.49001390006584	3.78747767809677e-12	c29
F8	8.13167145457071e-05	0.0380661939673946	6.39853747714808	3.35064745043529	0.00366294836885435	c29
ERICH1-AS1	8.9086255113523e-05	0.00181418926458131	0.182815356489945	0.00731582412758797	0.00380419344669498	c29
CTD-2541M15.3	9.65203558474043e-07	0.00197761897089634	0.182815356489945	0.00365791206379399	6.50431373984488e-05	c29
AF131215.8	9.63408974928741e-07	0.00167155155511649	0.182815356489945	0.00365791206379399	6.50431373984488e-05	c29
SORBS3	1.52742896552593e-05	0.0780494652500108	19.0127970749543	12.872192552491	0.000802889103969279	c29
DOCK5	0.000569013386161657	0.0119682935771017	1.64533820840951	0.537713073377716	0.0190579890987384	c29
PTK2B	8.76199175642372e-05	0.0959922155379985	34.9177330895795	27.7598946521326	0.00380419344669498	c29
CLU	3.84119911015133e-11	0.091010520197097	13.1627056672761	6.28429292559807	4.99711825549958e-09	c29
CEBPD	5.15626001531788e-55	0.288832838905785	25.2285191956124	7.41458775331041	8.68675124780603e-52	c29
XKR4	2.98935943703212e-08	0.00435677616342261	0.36563071297989	0.0146316482551759	2.77475142896309e-06	c29
LINC01299	9.63408974928741e-07	0.00125394024436539	0.182815356489945	0.00365791206379399	6.50431373984488e-05	c29
MYBL1	5.47243785456251e-27	0.182316758585491	22.4862888482633	9.11917477503841	2.92679874716872e-24	c29
PAG1	5.31883156829074e-06	0.132416173668821	41.3162705667276	34.3002414221962	0.000310056593186831	c29
KIAA0196-AS1	9.63408974928741e-07	0.00210357303392773	0.182815356489945	0.00365791206379399	6.50431373984488e-05	c29
MYC	0.000836522358016488	0.0698035620116219	15.1736745886654	10.8749725656595	0.0266910836467874	c29
TMEM71	1.29273736822063e-06	0.0741559811684403	17.1846435100548	10.6811032262784	8.50732282906754e-05	c29
LY6E	0.0013285283505983	0.106887362801251	85.5575868372943	77.4379983905187	0.0377114020598644	c29
LY6H	9.65203558474043e-07	0.00206629799608322	0.182815356489945	0.00365791206379399	6.50431373984488e-05	c29
PLEC	0.000235648168060311	0.108251015258084	35.1005484460695	29.3986392567123	0.00891125631270945	c29
VLDLR	1.35301920152921e-07	0.0108021568774821	1.09689213893967	0.153632306679347	1.1092123838522e-05	c29
GLIS3-AS1	1.55764532189603e-12	0.00115516501983763	0.182815356489945	0	2.343004530177e-10	c29
IFNA5	0.00089132090658196	0.00229803724167062	0.182815356489945	0.010973736191382	0.0275530177822118	c29
LINC01251	9.63408974928741e-07	0.00210836548193088	0.182815356489945	0.00365791206379399	6.50431373984488e-05	c29
CCDC107	0.000969569886733537	0.0998180243288402	44.2413162705667	39.6371351232716	0.0295644233154749	c29
GLIPR2	8.02146203812137e-24	0.292080156948209	54.6617915904936	35.9243543785207	3.75382141545085e-21	c29
ANXA1	4.23377031164521e-62	0.719649674760901	88.8482632541133	61.7857926695442	7.92514760447631e-59	c29
OSTF1	9.7328005448529e-14	0.235591300250587	61.9744058500914	51.4265857048797	2.02430235529799e-11	c29
RP11-274J16.5	8.6429372910414e-09	0.00520184549816199	0.548446069469835	0.0329212085741459	8.54003311097798e-07	c29
CARD19	0.00032494242738223	0.0816439919984825	20.2925045703839	15.429073085083	0.0116972330643342	c29
SEC61B	2.63249975602137e-06	0.138879880565877	70.9323583180987	65.5351525349331	0.00016215620983434	c29
TXN	9.07130553631886e-06	0.136546789874289	59.0493601462523	49.272075499305	0.000508566670117683	c29
STOM	1.27660664290338e-12	0.211444816433089	52.8336380255942	39.5164240251664	2.25204105895218e-10	c29
MVB12B	1.10516374411975e-16	0.102798970874673	14.9908592321755	6.22576633257736	3.15571077918397e-14	c29
ZBTB34	0.00120954836385338	0.0142244588811454	2.0109689213894	0.771819445460531	0.0352853009278579	c29
FAM129B	2.43504587806731e-05	0.0111711503703023	1.46252285191956	0.351159558124223	0.00123937214222961	c29
RP11-339B21.13	8.93072065155734e-05	0.000936386283377843	0.182815356489945	0.00731582412758797	0.00380419344669498	c29
RP11-483H20.4	9.65203558474043e-07	0.00193685702552441	0.182815356489945	0.00365791206379399	6.50431373984488e-05	c29
ABL1	0.00143961261097289	0.0240640991196319	3.47349177330896	1.69361328553662	0.0401542279090402	c29
GFI1B	9.63408974928741e-07	0.00182514493086269	0.182815356489945	0.00365791206379399	6.50431373984488e-05	c29
C9orf142	6.54217381003533e-15	0.24503705856304	77.3308957952468	68.3151657034165	1.62082356143625e-12	c29
CLIC3	1.58009201383574e-74	0.457223094835058	43.6928702010969	15.6302582485917	3.32747626963634e-71	c29
IFITM2	2.31347009042257e-39	0.478151406442741	95.2468007312614	87.2192552491038	2.05131740070258e-36	c29
IFITM1	3.21438055882551e-06	0.162091421855099	98.9031078610603	96.6822737581389	0.000194095588797611	c29
IFITM3	1.51587924179695e-18	0.296517597997556	61.4259597806216	45.3251883824713	4.95883836632102e-16	c29
POLR2L	6.82878416891547e-05	0.128820911678413	70.5667276051188	63.3623527690394	0.00313256593803073	c29
CTSD	2.40033838075427e-08	0.197740846645371	68.5557586837294	59.7702831223937	2.24658337225373e-06	c29
LSP1	2.1520250446076e-05	0.13580189556844	91.4076782449726	87.980100958373	0.0011087206705353	c29
C11orf21	1.31775339943001e-05	0.0569406169413803	10.9689213893967	6.40134611163948	0.000700321499059854	c29
OSBPL5	1.71697385077402e-05	0.0159325613847811	2.0109689213894	0.574292194015656	0.000894153275548376	c29
RP11-467K18.2	0.000892147535206897	0.00188290176053466	0.182815356489945	0.010973736191382	0.0275530177822118	c29
CTD-2371O3.2	8.91966661842703e-05	0.00215898009911591	0.182815356489945	0.00731582412758797	0.00380419344669498	c29
RP11-567I13.1	8.9086255113523e-05	0.00160420515175245	0.182815356489945	0.00731582412758797	0.00380419344669498	c29
RRAS2	9.08345941758541e-08	0.0631335923890939	10.4204753199269	5.28568293218231	7.70927157723231e-06	c29
NAV2-AS3	1.55764532189603e-12	0.00255609906478821	0.182815356489945	0	2.343004530177e-10	c29
RP11-22P4.2	1.55764532189603e-12	0.00200794459431813	0.182815356489945	0	2.343004530177e-10	c29
CD44	0.000100090827407887	0.110251877835158	84.8263254113346	84.1027141707513	0.00421031253268584	c29
RP11-484D2.2	4.66467707461278e-07	0.0056054607585716	0.548446069469835	0.0438949447655278	3.48495852221736e-05	c29
TP53I11	0.000693431669548567	0.0446651746687521	9.87202925045704	6.35013534274636	0.0226619657359548	c29
GYLTL1B	0.00167382235011441	0.0146848825298668	2.37659963436929	1.00226790547955	0.0450101917516	c29
LRP4-AS1	1.55764532189603e-12	0.00280687013321131	0.182815356489945	0	2.343004530177e-10	c29
FADS3	2.26817633035662e-06	0.0312087817929402	4.02193784277879	1.50705977028312	0.000141264201987128	c29
AHNAK	2.14452043494957e-23	0.381078980437052	76.2340036563071	61.8370034384373	9.63432953802546e-21	c29
RARRES3	2.50211795644812e-05	0.130932729584478	89.3967093235832	86.5388836052381	0.00126776484848967	c29
PLA2G16	0.000323120327893452	0.0749498516166443	25.5941499085923	19.3942497622357	0.0116440816342695	c29
PPP1R14B	4.72826455945698e-07	0.131255491958042	27.2394881170018	18.9662740507718	3.52464924925539e-05	c29
CTSW	4.91881313407999e-102	0.908649396789728	92.3217550274223	51.580218011559	1.65734489739691e-98	c29
TBC1D10C	0.000285157180535148	0.117029872791467	70.3839122486289	64.4487526519862	0.0104777383216481	c29
PTPRCAP	0.000213128211471328	0.171058035664921	80.4387568555759	77.1782866339893	0.00815112594473886	c29
GSTP1	1.90473207320081e-14	0.239622543150938	65.2650822669104	49.857341429512	4.32190584803036e-12	c29
SYTL2	2.5601382675952e-28	0.19992260372225	26.8738574040219	11.7053186041408	1.462055911667e-25	c29
RAB38	8.60919887416509e-05	0.00806037401226723	0.914076782449726	0.175579779062111	0.00380419344669498	c29
NCAM1	1.06642169899669e-13	0.0106016639537876	1.09689213893967	0.0804740654034677	2.17769774096936e-11	c29
AP000892.4	0.000481177156950846	0.00354086486414963	0.36563071297989	0.0402370327017339	0.016459678300814	c29
FXYD2	3.03890895936377e-34	0.147739495469284	16.0877513711152	4.72602238642183	2.27539996615118e-31	c29
IL10RA	7.66905027175063e-06	0.145390655704148	56.8555758683729	49.272075499305	0.000434287361103136	c29
JAML	3.05367526667731e-17	0.206629712786247	38.0255941499086	23.2789523739849	9.37726586351785e-15	c29
RP11-110I1.14	8.9086255113523e-05	0.00163292488098914	0.182815356489945	0.00731582412758797	0.00380419344669498	c29
ST3GAL4	0.00106771979565029	0.0238086573708782	4.38756855575868	2.27156339161607	0.031836947605877	c29
RP11-1007G5.2	1.55764532189603e-12	0.00224304749721381	0.182815356489945	0	2.343004530177e-10	c29
ZBTB44	0.00147642983389349	0.0573122818730141	13.7111517367459	9.83978345160582	0.0409776168230701	c29
KLF6	5.75013527959903e-20	0.371070496640419	96.8921389396709	90.7564562147926	2.08328019473989e-17	c29
RP11-414H17.5	0.00089132090658196	0.00202366716702928	0.182815356489945	0.010973736191382	0.0275530177822118	c29
C10orf111	0.00082726247948441	0.00565090050296822	0.548446069469835	0.0914478015948497	0.0264457134570661	c29
VIM	1.55706340370888e-41	0.517828350862378	99.0859232175503	93.7559441071037	1.58980891892627e-38	c29
PIP4K2A	7.96984718206732e-05	0.0789192348959844	19.7440585009141	14.1780671592655	0.00359485985210946	c29
C10orf128	3.55460237992477e-05	0.0323575069837207	5.11882998171846	2.37764284146609	0.00174590047506101	c29
PRKG1	1.55764532189603e-12	0.000996374750483126	0.182815356489945	0	2.343004530177e-10	c29
PRF1	4.17882253135723e-46	0.483755682627093	58.8665447897623	33.0199721998683	5.21486097672409e-43	c29
COMTD1	5.01611644932809e-05	0.0769429382800874	18.4643510054845	12.9343770575755	0.0023737784781413	c29
RPS24	4.64785344198303e-14	0.109327049816884	100	99.9634208793621	9.97482636141249e-12	c29
CCSER2	0.000917298359330611	0.0948822139317274	40.7678244972578	35.6646426219914	0.0281232492441179	c29
CYP26C1	1.55764532189603e-12	0.00232883281091492	0.182815356489945	0	2.343004530177e-10	c29
USMG5	4.96089665958997e-08	0.169666879793252	80.9872029250457	73.0375301777745	4.42202254095832e-06	c29
CALHM2	2.5149582763731e-05	0.101316401841318	27.0566727605119	20.5501499743946	0.00127044983754296	c29
ADAM8	9.35686993149619e-19	0.211649071116061	36.9287020109689	22.0901309532519	3.15270375471833e-16	c29
CD9	2.05477353333403e-10	0.0735860469852035	8.40950639853748	3.42380569171117	2.52677151212251e-08	c29
TNFRSF1A	1.79449667650745e-10	0.149096649788489	31.2614259597806	21.058599751262	2.21479014718835e-08	c29
PTMS	7.9284805301213e-14	0.171959419182715	32.3583180987203	19.3759602019167	1.65926846572613e-11	c29
LAG3	4.48427748333646e-19	0.216343643309284	46.0694698354662	26.5198624625064	1.55766232498493e-16	c29
CD163L1	1.55764532189603e-12	0.00275674421053392	0.182815356489945	0	2.343004530177e-10	c29
C3AR1	0.00125330338185487	0.0266087969801381	6.03290676416819	3.46404272441291	0.0360929949984768	c29
CD69	8.44987034077868e-24	0.442353654212909	92.1389396709324	86.0633550369449	3.90013604468763e-21	c29
CLEC2B	3.28552693306295e-43	0.509115429670608	79.890310786106	55.2088667788426	3.5710498220201e-40	c29
KLRF2	9.63408974928741e-07	0.00207659087251133	0.182815356489945	0.00365791206379399	6.50431373984488e-05	c29
GABARAPL1	3.48515152323742e-17	0.179420399736113	29.0676416819013	16.1862608822884	1.05791617499065e-14	c29
KLRD1	1.54470748426417e-132	0.629224591917027	48.8117001828154	12.8392713439169	8.67456232913281e-129	c29
KLRK1	2.75181468752637e-11	0.0939925411496559	14.2595978062157	7.00855951422928	3.68355452192293e-09	c29
KLRC4	1.76484533618789e-07	0.0299442535564542	3.83912248628885	1.26929548613651	1.41920522094307e-05	c29
KLRC1	1.21765478515774e-86	0.360629083390797	24.8628884826325	5.2893408442461	3.15597387162344e-83	c29
RP11-291B21.2	2.8723364093319e-105	0.73955991742162	49.5429616087751	15.5790474796986	1.07533892195588e-101	c29
STYK1	8.977383763364e-07	0.0212692505601409	3.29067641681901	1.06445241056405	6.42216493678953e-05	c29
YBX3	6.86886240332893e-05	0.0440435791490571	8.95795246800731	5.13936644963055	0.00314029104230346	c29
PRH2	0.000892974874404207	0.00167208849604199	0.182815356489945	0.010973736191382	0.0275530177822118	c29
RP11-153K16.2	1.55764532189603e-12	0.00172585513833124	0.182815356489945	0	2.343004530177e-10	c29
RP11-46I1.1	1.55764532189603e-12	0.00182890191158519	0.182815356489945	0	2.343004530177e-10	c29
FKBP11	8.56717518678486e-27	0.270544614552722	42.9616087751371	24.5811690686956	4.44096001143891e-24	c29
BIN2	0.000777958413952636	0.103577802464696	55.0274223034735	50.2597117565294	0.0250358460360269	c29
GALNT6	2.80455035449193e-06	0.0702171980247279	12.6142595978062	7.45116687394835	0.000171500035651998	c29
IGFBP6	3.5855107988474e-05	0.0242151508554437	3.10786106032907	1.17053186041408	0.00175851820751622	c29
ITGB7	7.74973588785124e-08	0.145261354028198	43.5100548446069	34.179530324091	6.69537438475025e-06	c29
HOTAIR	1.55764532189603e-12	0.00225874569202007	0.182815356489945	0	2.343004530177e-10	c29
NFE2	8.91966661842703e-05	0.00122579349880094	0.182815356489945	0.00731582412758797	0.00380419344669498	c29
ITGA5	0.00164868290883408	0.0478666101858298	14.2595978062157	10.1397322408369	0.0445253252805738	c29
CD63	1.91252907023434e-29	0.339725238096012	53.0164533820841	32.6724705538079	1.17165008168138e-26	c29
MYL6	3.83035151491729e-08	0.155744018316951	98.5374771480804	96.6127734289268	3.48810443090874e-06	c29
MYRFL	9.63408974928741e-07	0.00184292994580789	0.182815356489945	0.00365791206379399	6.50431373984488e-05	c29
GLIPR1	3.81365103467732e-08	0.1739377666045	53.382084095064	44.0046821274417	3.48230780385956e-06	c29
DUSP6	0.00116131973771605	0.039997019307258	8.04387568555759	5.00036579120638	0.0341936808280491	c29
RP11-1109F11.3	0.000890494987974344	0.00291836224482928	0.182815356489945	0.010973736191382	0.0275530177822118	c29
BTG1	1.06066906297725e-13	0.16921487807107	100	99.8609993415758	2.17769774096936e-11	c29
GNPTAB	1.22591175825813e-07	0.111258301856575	24.8628884826325	16.760553076304	1.01488626001842e-05	c29
HSP90B1	8.60546358143186e-05	0.131502877160014	58.8665447897623	50.6913453800571	0.00380419344669498	c29
C12orf75	2.16520443798501e-57	0.503851676880282	64.5338208409506	35.3207988879947	3.83970517544562e-54	c29
CMKLR1	0.00148661373961667	0.00359240361531811	0.36563071297989	0.0475528568293218	0.0411924040646745	c29
DNAH10OS	0.000880573061692474	0.00344568064723654	0.36563071297989	0.0438949447655278	0.0275530177822118	c29
LINC00944	0.000807005802062183	0.0410075180159688	9.14076782449726	5.7795010607945	0.0258471991394327	c29
RP11-575F12.2	0.000104319598546634	0.00412748148948477	0.36563071297989	0.0329212085741459	0.00434243270057537	c29
UBL3	4.23896618458905e-05	0.0966880262708622	27.7879341864717	21.0805472236447	0.00204039609462205	c29
HMGB1	0.000329401075321454	0.0901209664194615	94.1499085923218	93.2584680664277	0.0118198507261779	c29
ALOX5AP	3.68013965313925e-21	0.363964668088848	78.4277879341865	61.2188162996562	1.49395934304667e-18	c29
LCP1	3.43193616635895e-08	0.183888271273023	84.8263254113346	79.457165849733	3.15083534575745e-06	c29
GPR18	4.05704636553049e-05	0.0644131429504877	14.4424131627057	9.3642548833126	0.00196405345172679	c29
PNP	8.23019870459148e-10	0.15381935756829	32.7239488117002	22.7924500695003	9.46444761612646e-08	c29
TRAV8-4	3.15674348451672e-06	0.127535993139081	11.3345521023766	6.47816226497915	0.000191300926200191	c29
TRAV22	0.0012386552553691	0.0571023373727201	7.12979890310786	4.30170458702173	0.0357389356877531	c29
TRAV27	2.37278683252159e-06	0.128114947013877	6.76416819012797	3.24091008852147	0.000147506788809931	c29
TRAV26-2	1.19409464539887e-07	0.0863596817293218	8.04387568555759	3.7091228326871	9.90980910888413e-06	c29
TRAJ7	9.65203558474043e-07	0.00256287252378393	0.182815356489945	0.00365791206379399	6.50431373984488e-05	c29
RP11-104E19.1	1.16696308024532e-05	0.00437366376045061	0.36563071297989	0.0256053844465579	0.000630122660669643	c29
GZMH	4.296782021775e-33	0.322950857163094	33.45521023766	14.5255688053259	2.95460762125891e-30	c29
GZMB	1.76472330147621e-116	0.627909590452452	47.1663619744059	12.6527178286634	8.49436955999133e-113	c29
RP11-407N17.3	1.55764532189603e-12	0.00222575349555052	0.182815356489945	0	2.343004530177e-10	c29
ARF6	9.77699042598767e-06	0.142774179678901	61.2431444241316	53.551832613944	0.000540993266406558	c29
GNG2	0.00105331970846466	0.104182147316172	55.2102376599634	49.5464189040895	0.0314881572010412	c29
PTGDR	1.08432369977325e-12	0.100694982102606	17.3674588665448	8.52293510863999	1.95375415722781e-10	c29
PTGER2	1.99905337108534e-33	0.236195189482995	31.0786106032907	13.3550369449118	1.43310860181594e-30	c29
RP11-841O20.2	0.000879699861440059	0.00370147623810558	0.36563071297989	0.0438949447655278	0.0275530177822118	c29
LGALS3	1.30963244744861e-40	0.433967213094679	55.2102376599634	30.8983832028678	1.26076444812382e-37	c29
DHRS7	6.91153918716093e-07	0.150665909498638	58.8665447897623	51.3644011997952	5.02974948968036e-05	c29
RP3-449M8.9	9.63408974928741e-07	0.00186762720638935	0.182815356489945	0.00365791206379399	6.50431373984488e-05	c29
FOS	1.18347967284561e-07	0.34576840991454	85.1919561243144	78.1000804740654	9.87033764773765e-06	c29
GPR65	1.02297414642613e-11	0.165803187370859	35.6489945155393	23.9410344575316	1.40114190608464e-09	c29
CALM1	7.14835313403561e-08	0.130168473982168	94.5155393053016	94.0961299290365	6.23980856212942e-06	c29
TC2N	4.6399929121603e-14	0.258078928823531	65.9963436928702	51.34976955154	9.97482636141249e-12	c29
IFI27	4.20098510476845e-11	0.12350422012789	9.3235831809872	3.81520228253713	5.42329471724399e-09	c29
EVL	4.77343628626165e-07	0.153778830626	93.7842778793419	89.7395566610579	3.54979853028576e-05	c29
PPP2R5C	0.00110224490879285	0.106664529567488	61.9744058500914	57.297534567269	0.0326928168634386	c29
CTD-2555C10.3	0.000241087974927674	0.00709920133603968	0.731261425959781	0.131684834296584	0.00908637385594301	c29
RP11-45P15.4	9.63408974928741e-07	0.00184236177275226	0.182815356489945	0.00365791206379399	6.50431373984488e-05	c29
NUDT14	3.08260245030432e-07	0.0903912908010066	19.3784277879342	12.4076377203892	2.3822295174439e-05	c29
CRIP1	3.31041443980942e-07	0.256623540142134	74.9542961608775	66.3069719803936	2.54660055102599e-05	c29
RP11-32B5.7	3.86850401947404e-05	0.00367942491167588	0.36563071297989	0.0292632965103519	0.00188632958657248	c29
TJP1	2.60775679695792e-06	0.0049682611096122	0.36563071297989	0.0219474723827639	0.000160926295818132	c29
GOLGA8Q	0.000892147535206897	0.00136569846734118	0.182815356489945	0.010973736191382	0.0275530177822118	c29
KLF13	7.98563160093374e-07	0.0947781270409187	21.9378427787934	14.6206745189846	5.76162465014692e-05	c29
THBS1	5.60777667663341e-05	0.0125687371001172	1.46252285191956	0.373107030506987	0.00263526397967205	c29
BUB1B-PAK6	1.55764532189603e-12	0.00194059309596825	0.182815356489945	0	2.343004530177e-10	c29
GCHFR	4.63177725455245e-15	0.208109225000178	39.853747714808	26.4247567488478	1.16465002100664e-12	c29
EXD1	8.91966661842703e-05	0.00198075752196201	0.182815356489945	0.00731582412758797	0.00380419344669498	c29
RP11-23P13.6	2.34358960421278e-05	0.0447697975787342	8.59232175502742	4.67481161752871	0.0012000745915554	c29
B2M	5.28395311302844e-08	0.0691987477940916	100	100	4.67290068741156e-06	c29
TMOD2	0.00175085215030205	0.0262935831449627	5.48446069469835	3.12019899041627	0.0467458101048156	c29
ANXA2	1.11804486009494e-18	0.297534388662698	61.9744058500914	44.9228180554539	3.72984193228108e-16	c29
RORA	1.23273247217943e-13	0.21855989944227	46.9835466179159	34.0112663691565	2.50214987455504e-11	c29
DAPK2	0.000179222952778733	0.0486493128306331	9.87202925045704	6.07944985002561	0.00697313876550419	c29
PPIB	2.2940327277843e-10	0.186627441050817	89.2138939670932	84.0332138415393	2.80054850470884e-08	c29
GOLGA6D	1.55764532189603e-12	0.0019034054606327	0.182815356489945	0	2.343004530177e-10	c29
RP11-158M2.5	8.91966661842703e-05	0.00250953424315563	0.182815356489945	0.00731582412758797	0.00380419344669498	c29
RGMA	3.90375665474697e-09	0.0192408255361668	2.19378427787934	0.442607359719072	3.99796889741777e-07	c29
MCTP2	1.33274895549864e-05	0.0522753774376161	11.1517367458867	6.47084644085156	0.000707175485142853	c29
HAGHL	0.00104427346739698	0.0509819099950245	11.8829981718464	8.11690686955886	0.0312762224093102	c29
RNF151	1.55764532189603e-12	0.00128658810335815	0.182815356489945	0	2.343004530177e-10	c29
PRSS21	0.000443600439976781	0.0271535914137271	4.02193784277879	1.93137756968322	0.0153529283075587	c29
IL32	1.9112125938046e-14	0.254903369797279	99.6343692870201	97.3955666105787	4.32190584803036e-12	c29
NMRAL1	5.64434645559781e-05	0.084733047978669	24.6800731261426	18.4614821859683	0.00264507106362883	c29
SOCS1	7.18565649082162e-08	0.210276769233748	60.3290676416819	50.6401346111639	6.2561630439727e-06	c29
CTD-2583P5.1	0.00149072741725329	0.00351894482259981	0.36563071297989	0.0475528568293218	0.0412501957277207	c29
MPV17L	3.81896261215711e-07	0.00438940993474902	0.36563071297989	0.0182895603189699	2.891598342787e-05	c29
APOBR	0.000791268354300856	0.0348257905402479	5.48446069469835	3.02875118882142	0.0253672653946842	c29
RP11-426C22.4	9.65203558474043e-07	0.00112148354450333	0.182815356489945	0.00365791206379399	6.50431373984488e-05	c29
GDPD3	6.31143455117443e-05	0.013539790994534	2.0109689213894	0.621845050844978	0.00293725795258662	c29
NETO2	2.75986287064941e-05	0.0316482459744893	5.30164533820841	2.46909064306094	0.00138379195779258	c29
CHD9	7.35612217285772e-08	0.1176553692579	26.508226691042	18.0627697710147	6.38807166217185e-06	c29
RBL2	0.000248336640857968	0.125032740364929	54.6617915904936	49.9195259345965	0.00928685324868852	c29
CES1	1.76210123961892e-06	0.0202782307254729	2.37659963436929	0.662082083546711	0.000112660795384668	c29
MT1F	1.09069318749384e-05	0.108224120098753	29.6160877513711	22.3315531494623	0.000596587926289245	c29
ADGRG5	5.63198701826249e-09	0.0425783380759162	5.48446069469835	1.95698295412978	5.68156199381246e-07	c29
TEPP	4.54553807668453e-06	0.0222614740051819	3.10786106032907	1.04982076230887	0.000268226549835041	c29
RP11-368L12.1	1.55764532189603e-12	0.00182236873928592	0.182815356489945	0	2.343004530177e-10	c29
CKLF	6.11332598342623e-13	0.242353338843031	54.4789762340037	41.6416709342307	1.15073969656739e-10	c29
CMTM2	0.000481177156950846	0.00364499748637012	0.36563071297989	0.0402370327017339	0.016459678300814	c29
CCDC79	4.27465092455359e-12	0.00337473669130244	0.36563071297989	0.00731582412758797	6.23506875549388e-10	c29
TPPP3	8.91966661842703e-05	0.00198102373214217	0.182815356489945	0.00731582412758797	0.00380419344669498	c29
SNTB2	0.000528515411506675	0.0589317568079978	14.4424131627057	10.1507059770283	0.0179333315964813	c29
GABARAPL2	0.00047256792353502	0.102616559465452	68.5557586837294	64.0061452922672	0.016231094409367	c29
PRCAT47	8.93072065155734e-05	0.000923224611253639	0.182815356489945	0.00731582412758797	0.00380419344669498	c29
RP11-303E16.3	0.000890494987974344	0.00273397783118366	0.182815356489945	0.010973736191382	0.0275530177822118	c29
RP11-55K13.1	0.00089132090658196	0.00181215230370233	0.182815356489945	0.010973736191382	0.0275530177822118	c29
CMIP	0.00012949355189488	0.0601833043706172	13.5283363802559	8.92164752359353	0.00526315529257668	c29
SLC7A5	6.31739943019855e-06	0.110122981051106	27.9707495429616	20.6818348086912	0.000363860609232666	c29
CYBA	3.88643801443438e-07	0.153129580603389	94.3327239488117	91.9964884044188	2.9295222026477e-05	c29
SNAI3	0.000770269411577571	0.0532242214470162	12.0658135283364	8.21567049528129	0.024812100911754	c29
CPNE7	4.59217862251948e-15	0.17316666911863	32.1755027422303	18.9443265783891	1.16337493614415e-12	c29
ZNF276	0.00164918400754307	0.0609690991910105	20.109689213894	15.3156778111054	0.0445253252805738	c29
SPIRE2	0.000125380656220402	0.00700020608975152	0.548446069469835	0.0731582412758797	0.00512691241588619	c29
FAM101B	0.000747663539345124	0.0281284047277032	4.02193784277879	1.98990416270393	0.0241727835995835	c29
RP11-667K14.3	1.55764532189603e-12	0.00334441769790219	0.182815356489945	0	2.343004530177e-10	c29
ITGAE	1.82743643295299e-06	0.14686614387871	39.6709323583181	31.0666471578023	0.000116616748431663	c29
SPNS3	0.000269620146820436	0.0680782807597631	16.636197440585	11.8735825590753	0.00998305629337116	c29
ARRB2	7.73917714747466e-13	0.219378021601192	55.9414990859232	42.8158607067086	1.42493898801645e-10	c29
RP11-314A20.5	1.55764532189603e-12	0.00185575513864224	0.182815356489945	0	2.343004530177e-10	c29
C17orf107	0.0016901431458718	0.0108035645139128	1.64533820840951	0.588923842270832	0.0453044416523503	c29
NLGN2	0.00130941498991346	0.00844398939685176	0.914076782449726	0.230448460019021	0.0372630309714054	c29
TNFSF12-TNFSF13	1.55764532189603e-12	0.00252100379034783	0.182815356489945	0	2.343004530177e-10	c29
NAA38	0.000314567922433242	0.0954271680522821	41.6819012797075	34.8635598800205	0.0113968296542641	c29
RPL26	0.000855754939337589	0.104775846267523	99.2687385740402	98.7599678103738	0.0272017046472082	c29
PIK3R6	0.000225283789277597	0.015177724940138	2.0109689213894	0.680371643865681	0.00854809909450376	c29
CTC-297N7.1	0.000890494987974344	0.00267408067249857	0.182815356489945	0.010973736191382	0.0275530177822118	c29
RPL23A	1.97060603287976e-09	0.117207900038712	99.8171846435101	99.9085521984051	2.1281281946106e-07	c29
CRYBA1	8.9086255113523e-05	0.00283584835587669	0.182815356489945	0.00731582412758797	0.00380419344669498	c29
ABHD15	0.000405573701313346	0.0324994634634933	6.21572212065814	3.43843733996635	0.0142347919708874	c29
RP11-227G15.10	0.000975507046231569	0.00993618605273646	0.914076782449726	0.223132635891433	0.0296917203394097	c29
TMEM98	8.9086255113523e-05	0.00289246176449921	0.182815356489945	0.00731582412758797	0.00380419344669498	c29
RP5-837J1.4	0.000892974874404207	0.00167045654423316	0.182815356489945	0.010973736191382	0.0275530177822118	c29
RP11-47L3.1	1.74819724426718e-11	0.114907829346703	21.2065813528336	11.950398712415	2.37515153017493e-09	c29
SLFN12L	0.000632589650013059	0.0780186019753922	27.6051188299817	21.7572609554466	0.0208352645821505	c29
CCL5	6.25775496172152e-143	1.79260386357749	99.4515539305302	64.1451459506913	5.27121989200612e-139	c29
CCL4	2.34723819695327e-50	0.789037642568399	74.0402193784278	37.5777306313556	3.29532682533931e-47	c29
CCL4L2	1.78415836917268e-05	0.0515844048454084	26.691042047532	18.0188748262492	0.000927707285353459	c29
DUSP14	0.000158800333289349	0.0349319376608373	6.76416819012797	3.68717536030434	0.00631714100336637	c29
C17orf98	8.91966661842703e-05	0.00169730289389805	0.182815356489945	0.00731582412758797	0.00380419344669498	c29
PLXDC1	1.10168575647639e-08	0.0631470189585341	9.3235831809872	4.31267832321311	1.07283814678368e-06	c29
STAC2	8.93072065155734e-05	0.00170326762321345	0.182815356489945	0.00731582412758797	0.00380419344669498	c29
AOC2	3.8905114508949e-05	0.00369599604195077	0.36563071297989	0.0292632965103519	0.00189158575507147	c29
PPY	1.55764532189603e-12	0.00108110509369288	0.182815356489945	0	2.343004530177e-10	c29
TBX21	1.1777780569414e-07	0.111626277588653	25.7769652650823	17.4116614236594	9.84715976441277e-06	c29
RP11-357H14.17	3.57667712223572e-07	0.0508144514390755	8.22669104204753	3.92128173238715	2.72652848318123e-05	c29
ABI3	7.709674666176e-14	0.174095200073342	34.1864716636197	21.3256273319189	1.62356111376334e-11	c29
ZNF652	1.35396027016799e-05	0.061258873893254	13.345521023766	8.18640719877094	0.00071730090162013	c29
FAM117A	5.41576666584308e-05	0.0570085118887437	11.8829981718464	7.41092984124662	0.00254858717931448	c29
TOB1	2.06256042385711e-33	0.356408035341788	45.8866544789762	25.5358841173458	1.44783147753003e-30	c29
C17orf64	8.9086255113523e-05	0.00193266165146244	0.182815356489945	0.00731582412758797	0.00380419344669498	c29
TANC2	0.000914418686868266	0.0133447785849	1.64533820840951	0.55966054576048	0.0280604947498537	c29
CYB561	6.83568112230166e-12	0.09923656476143	17.9159049360146	9.26914916965396	9.55690621306358e-10	c29
ERN1	1.26890813970485e-06	0.135579418115334	35.8318098720293	27.2148657546273	8.38325310965007e-05	c29
SMURF2	0.000277475873897145	0.0528482511736121	10.7861060329068	6.91345380057063	0.0102626477443363	c29
RGS9	4.80276770892415e-10	0.0597372969776425	8.59232175502742	3.57378008632673	5.69804419663698e-08	c29
RP11-147L13.13	0.00100659340144903	0.0183833589184548	2.55941499085923	1.07908405881923	0.0303908226419567	c29
RP11-147L13.14	2.38831919568094e-07	0.00926545176078222	0.914076782449726	0.113395273977614	1.87580482469169e-05	c29
RP11-147L13.8	0.000847773603042808	0.00816986320040562	0.914076782449726	0.219474723827639	0.0269734502180589	c29
CD300A	3.04501109811988e-12	0.0893517456965427	15.1736745886654	7.26095544663106	4.4999387693005e-10	c29
TSEN54	0.000830410842461053	0.0791428935416771	31.4442413162706	25.4919891725803	0.0265211970861447	c29
H3F3B	0.00143921179919762	0.0789416802537644	98.1718464351005	98.7124149535445	0.0401542279090402	c29
RHBDF2	0.000159765167217982	0.055018130793973	11.8829981718464	7.62674665301046	0.006345344660393	c29
MXRA7	0.00101816500835881	0.0249044010510586	4.20475319926874	2.14353646938328	0.0306304033853944	c29
JMJD6	3.38402866289844e-05	0.0921900087254138	25.0457038391225	18.6626673494769	0.00167186894087537	c29
SRSF2	1.38685255350806e-05	0.143647167082789	72.7605118829982	67.3019240617456	0.000732423353258627	c29
RP11-936I5.1	0.00117248611539703	0.0359190391533671	6.94698354661792	4.15904601653376	0.0344126717527766	c29
CD7	2.2971361876669e-32	0.523909034131124	87.9341864716636	67.7811105421026	1.51764130798527e-29	c29
TBCD	1.67265413648821e-10	0.169605863515113	35.1005484460695	24.555563684249	2.07964606918206e-08	c29
METRNL	0.000678668026978567	0.0276165106528432	3.83912248628885	1.86187724047114	0.0222658622210476	c29
EMILIN2	0.000124666762202109	0.0277142384797881	4.38756855575868	2.03745701953325	0.00510391480636435	c29
MYL12A	1.67562374569581e-15	0.208253867653933	97.8062157221207	96.5871680444802	4.44554854232083e-13	c29
MYL12B	1.23858210069547e-12	0.205420423573312	95.6124314442413	91.5429073085083	2.19789553049283e-10	c29
NPC1	5.89756542421576e-05	0.0652457134184266	17.0018281535649	11.4931597044407	0.00274844494334061	c29
RP11-886H22.1	1.55764532189603e-12	0.00182969725726947	0.182815356489945	0	2.343004530177e-10	c29
CD226	4.59720579761074e-08	0.121711814936004	27.4223034734918	18.8711683371132	4.12828495163985e-06	c29
TMX4	1.46257401350883e-05	0.12352717811566	45.3382084095064	37.0217279976589	0.000771204519736568	c29
BFSP1	5.29479697984292e-05	0.00606820958460959	0.731261425959781	0.113395273977614	0.00249837638690431	c29
DSTN	0.000289151377348201	0.0985860974714798	38.0255941499086	32.5517594557027	0.0105898549004025	c29
CST7	2.99750554322795e-19	0.460173159531747	89.3967093235832	61.9101616797132	1.05206199764086e-16	c29
SLA2	2.30456912138893e-10	0.163282838030806	37.2943327239488	26.527178286634	2.80325458397395e-08	c29
SLPI	1.55764532189603e-12	0.00179253539377358	0.182815356489945	0	2.343004530177e-10	c29
CTSA	1.84080063239424e-20	0.306222160037708	58.1352833638026	43.057282902919	7.12918810435536e-18	c29
PREX1	0.00100607816728683	0.0807892484575228	25.9597806215722	20.9122832687102	0.0303908226419567	c29
CEBPB	1.93794964339073e-05	0.128778007110046	42.9616087751371	35.3573780086327	0.00100457346591396	c29
ATP5E	0.000882113018093029	0.0835207088914558	99.2687385740402	98.5514668227376	0.0275530177822118	c29
PPDPF	2.52498305609254e-15	0.201960809984945	98.1718464351005	95.7239007974248	6.54436762246017e-13	c29
RGS19	4.28924983268604e-05	0.11365057133484	40.9506398537477	33.6783963713512	0.00205578924413262	c29
PLPP2	6.42059070694921e-05	0.0149115555942775	1.82815356489945	0.537713073377716	0.00297982621597722	c29
GZMM	2.10647509821289e-13	0.257487001949614	75.5027422303474	58.5631721413417	4.17503364465795e-11	c29
MATK	2.18709941138078e-53	0.403082872460807	51.3711151736746	24.0068768746799	3.34964216213927e-50	c29
ZBTB7A	0.000433336575960398	0.0634823806471114	18.6471663619744	13.5489062842929	0.0150524150416594	c29
ACSBG2	8.9086255113523e-05	0.00216917915462053	0.182815356489945	0.00731582412758797	0.00380419344669498	c29
TNFSF14	1.13217407994785e-05	0.0845292959550837	19.0127970749543	12.8612188162997	0.000616275823097945	c29
PRR36	0.00149114793127452	0.00474998787629869	0.548446069469835	0.0987636257224376	0.0412501957277207	c29
TGFBR3L	2.07547151610324e-13	0.0497520257476297	5.85009140767824	1.68995537347282	4.13792528186879e-11	c29
MYO1F	9.52411707284368e-08	0.135430994561662	35.4661791590494	26.2235715853391	8.02264001630987e-06	c29
ELAVL3	9.63408974928741e-07	0.00200995775131704	0.182815356489945	0.00365791206379399	6.50431373984488e-05	c29
IER2	6.62265632501571e-05	0.167699645576281	55.0274223034735	48.419781988441	0.00305258252004212	c29
ZSWIM4	1.15948618207534e-06	0.0294256738503309	3.29067641681901	1.08639988294681	7.70566615756342e-05	c29
CTD-3252C9.4	9.35233433053047e-25	0.397991434051477	51.9195612431444	34.1136879069427	4.56692105699846e-22	c29
ADGRE5	2.43278938722755e-05	0.138120976073831	50.2742230347349	43.1597044407052	0.00123937214222961	c29
PGLYRP2	1.13672546930266e-05	0.0419335034303048	7.49542961608775	3.84080766698369	0.000616709679582377	c29
CYP4F22	7.42028191322087e-13	0.0418267186099803	4.93601462522852	1.32050625502963	1.37373065265969e-10	c29
PLEKHF1	0.00154167822285612	0.0819631787513209	28.3363802559415	23.1545833638159	0.0422663189917933	c29
TSHZ3	0.000695038207199643	0.00956191793039839	1.27970749542962	0.369449118443193	0.0226924586757604	c29
CTC-523E23.5	8.9086255113523e-05	0.0018795547064104	0.182815356489945	0.00731582412758797	0.00380419344669498	c29
HCST	9.66956047910285e-36	0.407885812321199	97.0749542961609	90.2919013826908	7.75728978054503e-33	c29
CTD-2162K18.3	9.63408974928741e-07	0.00197082550800744	0.182815356489945	0.00365791206379399	6.50431373984488e-05	c29
ACTN4	1.09319384870124e-09	0.174418028016653	46.4351005484461	34.7282171336601	1.22780245127132e-07	c29
CAPN12	6.76546820932563e-09	0.0698391952038929	10.6032906764168	5.12473480137538	6.76426367492635e-07	c29
ZFP36	8.46691917959595e-49	0.776464001010325	93.6014625228519	82.7968395639769	1.0972475955281e-45	c29
TGFB1	7.31183194894289e-06	0.118305238514473	43.1444241316271	34.5416636184066	0.000417567568962173	c29
CTC-435M10.3	0.00118815929384411	0.0070876198198514	0.731261425959781	0.157290218743141	0.0347738473863629	c29
RABAC1	4.83797132087109e-12	0.231200907503925	73.1261425959781	60.0007315824128	6.87808462807723e-10	c29
EMP3	4.6032554431937e-12	0.246879120510209	84.4606946983547	77.0502597117565	6.62829439756275e-10	c29
FLT3LG	2.73994994457962e-10	0.201713997264522	60.5118829981718	49.165996049455	3.29713833688091e-08	c29
NKG7	1.08254113026966e-91	1.24405357914036	93.418647166362	43.9022605896554	3.03959507027549e-88	c29
MYADM	3.51316943865185e-11	0.177891662448138	35.8318098720293	24.1422196210403	4.60594284303251e-09	c29
PRKCG	1.55764532189603e-12	0.00173822719966946	0.182815356489945	0	2.343004530177e-10	c29
TARM1	1.55764532189603e-12	0.00229318544732094	0.182815356489945	0	2.343004530177e-10	c29
LAIR1	1.55310064929606e-14	0.136488719491652	23.217550274223	12.429585192772	3.65945267673997e-12	c29
AC007228.5	8.9086255113523e-05	0.00212612655841292	0.182815356489945	0.00731582412758797	0.00380419344669498	c29
A1BG	0.000151450552823979	0.0959174324471519	25.5941499085923	20.2392274489721	0.0060822108782493	c29
AC006946.17	1.55764532189603e-12	0.00234523534561925	0.182815356489945	0	2.343004530177e-10	c29
RTN4R	0.00142600303573935	0.0129363582032555	1.82815356489945	0.680371643865681	0.0399067660184398	c29
MED15	0.00056236769447973	0.0922353159721452	38.0255941499086	32.014046382325	0.0188729253962152	c29
MAPK1	0.000103399818979435	0.0941443572731159	28.5191956124314	22.3169215012071	0.00433867185640483	c29
IGLV2-14	0.00117598699768086	0.0493397055131379	17.7330895795247	12.623454532153	0.0344853837248553	c29
RGL4	0.000126309975894408	0.0877512805109549	26.8738574040219	20.8391250274343	0.00514944951630367	c29
CHCHD10	9.82367711231086e-12	0.201176768095792	52.6508226691042	41.0746945643427	1.36213570626421e-09	c29
KB-1125A3.11	8.9086255113523e-05	0.0022254153358427	0.182815356489945	0.00731582412758797	0.00380419344669498	c29
TPST2	1.28510482323265e-05	0.11683136522804	33.0895795246801	26.0223864218304	0.000684441409986551	c29
XBP1	1.68920839995981e-12	0.22014790273824	51.9195612431444	38.1849440339454	2.52960834792203e-10	c29
MYH9	0.000105529406221576	0.115449210111083	76.4168190127971	74.058087643573	0.0043735643459161	c29
IL2RB	1.39185292857503e-06	0.15584335445635	54.6617915904936	43.8291023483795	9.05349277517508e-05	c29
RAC2	0.000103682966738585	0.131333133982239	98.3546617915905	95.6397688199576	0.00434243270057537	c29
LGALS1	1.05508270260934e-33	0.465679141633841	56.1243144424132	32.7785500036579	7.72825143080851e-31	c29
SUN2	1.51990847966284e-05	0.13646233382222	67.2760511882998	63.2891945277635	0.000800184317402496	c29
APOBEC3G	5.77205275763877e-16	0.286590457342655	66.72760511883	50.2085009876363	1.60730202988331e-13	c29
APOBEC3H	2.66665908907753e-06	0.0882634660144739	19.926873857404	13.2928524398273	0.000163364384267961	c29
SYNGR1	4.43870183216411e-08	0.0365927749641776	4.38756855575868	1.48511229790036	3.99886683243149e-06	c29
GRAP2	1.60777293616152e-10	0.175268606338501	42.9616087751371	31.5531494622869	2.00998657808601e-08	c29
RP4-669P10.20	0.000104453476359602	0.0039302732050639	0.36563071297989	0.0329212085741459	0.00434243270057537	c29
PKDREJ	0.00089132090658196	0.00183043427498865	0.182815356489945	0.010973736191382	0.0275530177822118	c29
SAMSN1	1.01898893854714e-06	0.160029198387918	53.0164533820841	42.5232277416051	6.8258078122082e-05	c29
EVA1C	1.26064203818051e-05	0.0464653439167613	7.6782449725777	4.00175579779062	0.0006731548785175	c29
ABCG1	0.000878889991944738	0.075106458810807	23.5831809872029	18.4102714170751	0.0275530177822118	c29
PRMT2	8.74959543672163e-05	0.120642528260375	59.963436928702	53.6944911844319	0.00380419344669498	c29
MT-ND1	0.000155972733982451	0.120061300349525	99.0859232175503	98.6173092398859	0.0062207869220649	c29
MT-ND2	4.52608993756253e-07	0.155303588689242	95.9780621572212	95.1057136586436	3.38893498569404e-05	c29
MT-CO1	6.01057278300951e-16	0.178040350940026	99.8171846435101	99.8463676933206	1.66000196189117e-13	c29
MT-CO2	0.00132030246694386	0.0756986986435244	100	99.9158680225327	0.0375257607073352	c29
MT-ATP8	0.000891831243247187	0.0978990027906805	99.2687385740402	98.9757846221377	0.0275530177822118	c29
MT-CO3	1.42001407178917e-07	0.148284767329319	99.8171846435101	99.5866559367913	1.15849767881028e-05	c29
MT-ND3	9.33041796137902e-05	0.124771957933767	99.8171846435101	99.2940229716878	0.00396442752573398	c29
MT-ND4L	3.7968420867318e-05	0.101681885856104	100	99.8390518691931	0.0018563985902577	c29
MT-ND4	5.83259847395542e-05	0.109539888564884	96.526508226691	96.0677445314215	0.002726264784932	c29
MT-ND5	8.41693527794432e-17	0.247225741054108	98.5374771480804	96.7042212305216	2.42393348081244e-14	c29
MT-ND6	0.00140527665952762	0.112486843519679	58.3180987202925	53.9176238203234	0.0395567182674384	c29
MT-CYB	0.000533444820766312	0.118387412137571	100	99.5610505523447	0.0180642108451257	c29
