p_val	avg_log2FC	pct.1	pct.2	p_val_adj	cluster	gene
0	2.649396171528	0.817	0.128	0	c4	CXCL13
0	3.02263092705821	0.609	0.122	0	c4	TOX2
0	2.47945948683054	0.542	0.139	0	c4	BTLA
0	3.07758984480748	0.46	0.079	0	c4	NMB
0	2.56819461397792	0.463	0.084	0	c4	CD200
0	1.90479190162842	0.946	0.571	0	c4	NR3C1
0	3.23169654781701	0.36	0.045	0	c4	PCAT29
0	3.84181133517883	0.332	0.031	0	c4	PTPN13
0	3.02578611537868	0.306	0.047	0	c4	CPM
0	2.88051293123841	0.297	0.039	0	c4	IGFL2
0	3.17332156887818	0.238	0.029	0	c4	GNG4
1.23157633131281e-307	2.66885849488942	0.23	0.027	4.14967329072539e-303	c4	IL21
1.58710278755541e-293	1.55401052859915	0.932	0.653	5.3475841323892e-289	c4	ITM2A
1.56030114732431e-288	3.11175018102761	0.278	0.043	5.25727868579452e-284	c4	PDE7B
5.89537026518519e-287	0.830067940497535	0.682	0.22	1.9863860571515e-282	c4	TNFRSF4
2.36216869931201e-285	6.22082083892914	0.095	0.004	7.95909121546188e-281	c4	PVALB
1.94372549792392e-267	2.26959618496283	0.446	0.114	6.54918869270486e-263	c4	RP5-1028K7.2
2.39765496435189e-265	2.59679755732332	0.374	0.084	8.07865863688726e-261	c4	SMCO4
1.88712786796868e-253	1.8640660021938	0.73	0.337	6.35848863833366e-249	c4	IL6ST
1.02865082878327e-250	1.80146483965039	0.636	0.23	3.46593610250236e-246	c4	KLRB1
1.11082082118734e-247	3.04870730918314	0.199	0.025	3.74279967490861e-243	c4	LHFP
1.28801940960843e-242	1.16612899964255	0.994	0.953	4.33985259873465e-238	c4	SRGN
1.00200988505872e-240	2.18333379252534	0.473	0.138	3.37617210671685e-236	c4	IGFBP4
6.04688033188215e-224	1.71863020439115	0.612	0.232	2.03743585902437e-219	c4	TOX
1.01473748173486e-218	1.7344929327426	0.742	0.391	3.41905647095745e-214	c4	FKBP5
4.31102923781342e-216	1.56848939859181	0.644	0.253	1.45255819138886e-211	c4	PDCD1
4.05324544601832e-206	3.6695429860722	0.12	0.011	1.36570052058141e-201	c4	RP11-330A16.1
3.01754894690309e-204	1.73150712116306	0.631	0.272	1.01673294216953e-199	c4	LIMS1
1.98724702444483e-202	3.62718616645694	0.128	0.013	6.69583012416442e-198	c4	RP11-539I5.1
1.2750206272798e-190	1.73300415839285	0.522	0.192	4.29605450155655e-186	c4	FBLN7
2.28853233648077e-190	1.23988866636361	0.885	0.642	7.71098085453829e-186	c4	CORO1B
7.78738229766652e-187	2.35428654475868	0.276	0.062	2.62388059137576e-182	c4	CHN1
5.34593639847089e-186	3.30213411053019	0.154	0.02	1.80125981010078e-181	c4	MS4A6A
1.98724944543631e-182	2.00001981110434	0.435	0.145	6.69583828145309e-178	c4	SLC9A9
4.2684969630841e-179	2.70283971203363	0.229	0.045	1.43822736674156e-174	c4	ANKRD55
7.38093686929925e-178	1.42724983383968	0.608	0.252	2.48693286874169e-173	c4	CD40LG
1.25140617223561e-168	0.552818140875059	0.998	0.982	4.21648795673067e-164	c4	GAPDH
1.26521824783637e-167	2.54982814801621	0.23	0.048	4.26302636425985e-163	c4	TBXAS1
4.6232643645703e-165	1.93277164020413	0.357	0.106	1.55776269499832e-160	c4	TSHZ2
1.97918872651814e-163	2.08792932970743	0.307	0.081	6.66867849513021e-159	c4	CYSLTR1
4.26770326597549e-163	2.34871711579625	0.325	0.093	1.43795993843778e-158	c4	RP11-455F5.5
4.43137043724062e-161	1.77741498520659	0.486	0.189	1.49310595512386e-156	c4	C1orf228
9.33292772987245e-153	1.40387531572272	0.606	0.28	3.14463666930322e-148	c4	CD4
2.73957572704101e-150	2.28153096041078	0.297	0.083	9.23072645469198e-146	c4	NUDT16
1.02534637420734e-143	2.54219310648249	0.224	0.052	3.4548020732542e-139	c4	LIMS2
1.44343427873456e-143	0.72192056366874	0.474	0.168	4.86350745876824e-139	c4	TNFRSF18
5.11956707076753e-139	2.08524295964853	0.267	0.072	1.72498692882441e-134	c4	ICA1
2.37747525704342e-134	1.15501957445612	0.79	0.547	8.0106651310821e-130	c4	YWHAQ
6.53927167349935e-131	1.14556327674434	0.592	0.269	2.20334219766887e-126	c4	CTLA4
8.61053820000657e-130	3.46281974335041	0.1	0.012	2.90123474111022e-125	c4	SMAD1
2.57886140328477e-125	3.39393381866994	0.091	0.01	8.68921561222772e-121	c4	IL21-AS1
6.04356561695214e-124	1.16811935515398	0.715	0.466	2.03631899897586e-119	c4	PPP1CC
4.96200148605104e-123	2.51441617595064	0.184	0.041	1.67189678071004e-118	c4	LINC01480
1.89577977259682e-118	1.6920586489649	0.332	0.115	6.38764036578773e-114	c4	CCDC50
1.89740610369093e-117	1.17437749948826	0.636	0.347	6.39312012577621e-113	c4	CTSB
2.60543586802139e-116	1.9642167267594	0.255	0.074	8.77875561371128e-112	c4	LINC01281
7.67745867454625e-115	0.841704265122929	0.883	0.715	2.58684292580161e-110	c4	LAT
1.05380999733926e-113	1.60254154021457	0.366	0.139	3.5507074050349e-109	c4	TIAM1
1.52689393159885e-113	2.12221283251855	0.245	0.071	5.14471641312918e-109	c4	TMEM64
1.198541819364e-108	1.15576113093145	0.635	0.363	4.03836680616506e-104	c4	RBPJ
5.38686436731888e-107	1.63912772948808	0.331	0.121	1.81505007992442e-102	c4	MYL6B
2.03318126322482e-105	1.16669117878136	0.607	0.334	6.85060094830973e-101	c4	TNFSF8
3.34203949904128e-104	0.745880328101091	0.936	0.876	1.12606678880697e-99	c4	FYB
7.30932482439769e-104	1.00726530819855	0.733	0.465	2.46280390633256e-99	c4	RNF19A
1.53473668997273e-103	1.54828089795947	0.395	0.166	5.17114180319412e-99	c4	SESN3
1.74465484700639e-103	1.7725036057986	0.288	0.098	5.87844004150333e-99	c4	ST8SIA1
2.93000410295195e-103	1.49928451621978	0.36	0.14	9.87235582448629e-99	c4	IL6R
6.23065106513215e-101	0.940426998499564	0.8	0.589	2.09935556988563e-96	c4	OXNAD1
3.23341216376971e-100	0.598499885169055	0.968	0.862	1.08946589446056e-95	c4	COTL1
1.05147840234526e-99	2.95633529497807	0.108	0.018	3.5428513288621e-95	c4	PPARG
3.4803037244559e-96	1.00808972345655	0.766	0.544	1.17265353691817e-91	c4	SLA
1.05309870657814e-94	1.68636054589255	0.297	0.109	3.54831078194438e-90	c4	METTL8
1.36377362837865e-93	0.854248444479327	0.839	0.641	4.59509886345901e-89	c4	UCP2
3.06509932900353e-93	1.47078363787875	0.356	0.145	1.03275456791445e-88	c4	RP11-25K19.1
2.71254673450232e-91	1.00907055139905	0.699	0.455	9.13965496723213e-87	c4	NFATC2
1.89668118169636e-88	1.03749800057526	0.709	0.502	6.39067757360771e-84	c4	TMEM243
3.66910691829822e-84	0.838816849755818	0.683	0.426	1.2362688850514e-79	c4	BATF
2.90607701529844e-83	1.72950352359046	0.18	0.051	9.79173589534656e-79	c4	BHLHE40-AS1
1.14786457296264e-82	1.6555834032271	0.268	0.099	3.86761489214031e-78	c4	MSRA
1.66618084040157e-81	0.37096883281817	0.999	0.996	5.61402972364904e-77	c4	PFN1
7.73210333016896e-81	1.09999697872752	0.628	0.4	2.60525489606713e-76	c4	GPX1
8.20475997547986e-81	0.903746628878402	0.616	0.367	2.76451182613818e-76	c4	SIRPG
9.14126706014473e-81	1.79458557867141	0.138	0.033	3.08005852324516e-76	c4	CH25H
1.68784725742919e-79	1.25479329318013	0.414	0.201	5.68703254918192e-75	c4	PHTF2
5.15609636216738e-79	4.11385965131811	0.04	0.003	1.73729510826868e-74	c4	JAG1
7.39409771152109e-79	1.08830104534101	0.536	0.306	2.49136728291991e-74	c4	CD84
1.43496630654599e-78	1.24412976682933	0.453	0.234	4.83497547327604e-74	c4	MTHFD2
2.02825964439204e-78	1.33320191792276	0.361	0.163	6.83401804581453e-74	c4	MAF
3.99887890327163e-77	2.47045108589281	0.111	0.023	1.34738225766834e-72	c4	KCNK5
4.99666966402417e-76	1.73946205839115	0.211	0.071	1.68357787659631e-71	c4	SARDH
1.55678789656493e-75	0.98087499589249	0.535	0.304	5.24544113868588e-71	c4	RILPL2
8.82443021241853e-75	1.02067265192638	0.647	0.427	2.9733035157723e-70	c4	SH2D1A
1.63381244773746e-73	2.54003398506423	0.114	0.026	5.5049676614066e-69	c4	POU2AF1
2.99430454019085e-72	3.52356867074923	0.06	0.008	1.00890097177191e-67	c4	MCTP1
3.65544743922272e-71	1.57441630587978	0.283	0.117	1.2316664601717e-66	c4	THADA
2.19140768289742e-70	0.684931884713453	0.693	0.441	7.38372904675457e-66	c4	TIGIT
4.16457917416847e-68	1.18932977051606	0.42	0.216	1.40321330694433e-63	c4	ITGB2-AS1
8.40472348237137e-68	4.07908783287055	0.033	0.002	2.83188753015021e-63	c4	KSR2
1.57368387372532e-67	0.795563595639645	0.782	0.639	5.30237044413009e-63	c4	C9orf16
1.70626998342643e-67	2.00926393201396	0.145	0.041	5.749106082157e-63	c4	MYO7A
4.13461338735804e-67	1.54928506886515	0.263	0.107	1.39311663473642e-62	c4	CCDC6
9.70840384387659e-67	0.402696488043254	0.986	0.954	3.27114959115578e-62	c4	ATP5G2
1.51136478311804e-66	1.51012548987295	0.264	0.109	5.09239250023794e-62	c4	LRRC8D
3.41023219648242e-65	1.61052265955415	0.191	0.066	1.14904363628279e-60	c4	ZC2HC1A
4.19298230374615e-65	0.579256551288668	0.889	0.757	1.41278345742423e-60	c4	HMGN1
4.43215341534034e-65	1.11151150494765	0.398	0.203	1.49336977176478e-60	c4	ADI1
9.87507530144349e-65	1.06657022009178	0.483	0.281	3.32730787206837e-60	c4	ELMO1
1.3065128992141e-63	0.893813846721441	0.568	0.354	4.40216456261199e-59	c4	CNIH1
2.2191846540008e-63	0.865417517038855	0.788	0.639	7.47732077319029e-59	c4	H2AFZ
3.15626734950512e-62	0.863492925766609	0.377	0.184	1.06347272074226e-57	c4	FABP5
3.40470939867128e-62	0.906084767050521	0.463	0.258	1.1471827847883e-57	c4	ICOS
5.24547826568333e-62	2.52414094287444	0.091	0.019	1.76741144683934e-57	c4	FZD3
4.3029536063915e-61	1.2722516938511	0.301	0.136	1.44983718813755e-56	c4	NPDC1
1.1030507167783e-60	1.5858927897971	0.222	0.087	3.71661908511279e-56	c4	AHI1
1.30387022573162e-60	0.446232164758713	0.967	0.945	4.3932603385801e-56	c4	PTPRC
1.48760095054683e-60	1.49297371784957	0.237	0.096	5.0123226427725e-56	c4	TMEM55A
1.3149767015658e-59	3.39038382783482	0.049	0.006	4.43068249825581e-55	c4	MAP7
1.45776511827782e-58	0.420626952675542	0.971	0.93	4.91179378952527e-54	c4	HINT1
3.10349045517673e-58	3.40726165293514	0.039	0.004	1.04569007396725e-53	c4	TUBA3D
3.72213876608161e-58	2.10135432451292	0.118	0.032	1.25413743584354e-53	c4	KLF7
6.67792110276402e-58	1.45789870348856	0.231	0.093	2.25005873636531e-53	c4	RP3-492J12.2
2.57369309469091e-57	5.67832314303344	0.018	0.001	8.67180151325154e-53	c4	NTRK3
3.4375971681811e-56	1.29503362941046	0.263	0.116	1.15826398984694e-51	c4	GK
4.22029050556544e-56	1.56509757809487	0.193	0.072	1.42198468294522e-51	c4	MFHAS1
5.41610026397592e-56	2.22474323268704	0.094	0.022	1.82490082294405e-51	c4	H1F0
9.27400045699068e-56	1.42687385715879	0.242	0.103	3.12478171397844e-51	c4	LY96
1.27748308182845e-55	0.30873295562193	0.995	0.987	4.3043514959128e-51	c4	SERF2
1.17465016360327e-54	1.03505259694138	0.433	0.249	3.95786626124487e-50	c4	TNFRSF25
2.62074245077657e-54	0.761165049371516	0.701	0.536	8.83032961364658e-50	c4	RNASET2
3.01911256723417e-54	1.64201704379854	0.262	0.121	1.01725978840388e-49	c4	PGM2L1
7.52136075517237e-54	1.6708474539299	0.162	0.056	2.53424729284778e-49	c4	KIAA1324
7.61560165856115e-54	1.05907360983784	0.33	0.163	2.56600082283559e-49	c4	NINJ2
1.25786742618713e-53	4.5669587088239	0.02	0.001	4.23825850579492e-49	c4	RP13-192B19.2
4.05067628629513e-53	0.423273734803793	0.936	0.879	1.36483486790428e-48	c4	CIRBP
8.61111641988292e-53	0.425662765348014	0.822	0.606	2.90142956651535e-48	c4	ALOX5AP
3.85722412832455e-52	0.88194355179938	0.499	0.299	1.29965309779768e-47	c4	PASK
9.35355522416775e-52	0.832015129907766	0.563	0.369	3.15158689723108e-47	c4	DGKA
1.01386464350025e-51	0.789796181829212	0.579	0.383	3.41611552980976e-47	c4	VOPP1
7.09528590916293e-51	3.00334323563908	0.047	0.007	2.39068563423336e-46	c4	LIF
1.06350577157039e-50	1.20199552561876	0.25	0.112	3.58337634672927e-46	c4	ETV7
1.5546685483305e-50	0.555640850316427	0.844	0.737	5.23830020674477e-46	c4	SEPT6
1.76690916906168e-50	0.883403436574221	0.47	0.284	5.95342375423642e-46	c4	TLK1
3.80400037372855e-50	1.76125324661788	0.15	0.052	1.2817198859241e-45	c4	COL9A2
6.50040667141687e-50	0.558544004938941	0.833	0.718	2.1902470238672e-45	c4	ISCU
1.24408359366094e-49	1.1211582604958	0.326	0.168	4.19181526048117e-45	c4	ETV6
2.01006500936286e-49	1.99533641584316	0.108	0.03	6.77271304254722e-45	c4	FGFR1
3.86244441632681e-49	1.62995948437285	0.163	0.059	1.30141202163715e-44	c4	MIR3142HG
4.65001758369861e-49	3.75867965007236	0.032	0.003	1.56677692465141e-44	c4	TNFSF11
3.73262802590262e-48	0.843076599742382	0.507	0.322	1.25767168704763e-43	c4	HNRNPLL
5.53859696190051e-48	0.684804755099992	0.674	0.487	1.86617486034276e-43	c4	ITGB1
5.78208615919362e-48	1.06485518044285	0.343	0.183	1.9482161104787e-43	c4	CD226
6.03952020368967e-48	0.754838651957291	0.577	0.387	2.0349559374312e-43	c4	CCDC167
1.28330812861428e-47	1.54599295500539	0.184	0.073	4.32397840855297e-43	c4	ASB2
2.18963591611161e-47	1.33367511235626	0.247	0.114	7.37775925574644e-43	c4	SERTAD2
4.0580595635383e-47	1.30226616430026	0.283	0.141	1.36732258933859e-42	c4	PTPN11
1.07890111304315e-46	1.80731731884639	0.11	0.033	3.6352494102876e-42	c4	UNQ6494
1.13148892332154e-46	0.436310582412605	0.803	0.668	3.8124387782396e-42	c4	PKM
1.51043508253949e-45	0.600315668128202	0.766	0.628	5.08925996710856e-41	c4	EPC1
1.68668005577826e-45	0.669058042760849	0.593	0.399	5.68309977993927e-41	c4	ARID5B
2.1147996086698e-45	0.483895493376988	0.859	0.783	7.12560580145202e-41	c4	NFKBIA
3.81210330569919e-45	1.22163804523294	0.268	0.132	1.28445008782228e-40	c4	ZMAT3
3.88263346597568e-45	4.85082356758413	0.017	0.001	1.30821452002584e-40	c4	LINC01503
4.5235790204614e-45	4.15258923622737	0.022	0.002	1.52417471515427e-40	c4	CNKSR3
5.85105680080529e-45	0.400031940034116	0.917	0.852	1.97145507846334e-40	c4	GABARAP
8.43173170438809e-45	0.790821749929884	0.625	0.46	2.84098768047652e-40	c4	NAP1L4
9.19464786023198e-45	0.861478836688277	0.514	0.34	3.09804465002656e-40	c4	SFXN1
1.23424650733277e-44	0.664963294570113	0.661	0.492	4.15867018180705e-40	c4	SEC11A
3.83382810123078e-44	3.87165564736165	0.026	0.002	1.2917700404287e-39	c4	SCGB3A1
5.83341731829492e-44	0.486848679716576	0.839	0.708	1.96551163122629e-39	c4	BRK1
6.09604373587603e-44	2.83482447759603	0.047	0.008	2.05400097636607e-39	c4	RP5-903G2.2
2.149223209139e-43	1.85507411774322	0.157	0.06	7.24159268087294e-39	c4	GADD45G
4.42393347505465e-43	0.873677762992108	0.446	0.279	1.49060014508491e-38	c4	PPM1M
4.73673796060542e-43	1.07083763544782	0.15	0.056	1.59599648844639e-38	c4	ZBED2
6.47364388246473e-43	1.52954074482692	0.165	0.065	2.18122956975767e-38	c4	HYI
9.63388725669097e-43	2.07754056202355	0.069	0.016	3.24604197226946e-38	c4	MYB
1.5040130633099e-42	0.83426558494516	0.47	0.298	5.06762161551637e-38	c4	TNIK
1.81388049846077e-42	1.14295543142206	0.257	0.126	6.11168895151371e-38	c4	AC104820.2
7.68525032586347e-42	3.03141598091115	0.043	0.007	2.58946824479644e-37	c4	MAFTRR
2.08615121939936e-41	2.83160363914908	0.051	0.01	7.02907791864421e-37	c4	PHEX
2.584714112405e-41	0.848763221467364	0.409	0.245	8.70893573033741e-37	c4	PTTG1
2.82660109040504e-41	1.57800437991516	0.158	0.062	9.52394971401075e-37	c4	NCALD
3.09606294231501e-41	1.79277603536773	0.115	0.038	1.04318744778362e-36	c4	BCL6
4.22528270083578e-41	3.06573262030782	0.043	0.007	1.42366675321961e-36	c4	CTA-293F17.1
7.39611095871438e-41	1.11855666129761	0.258	0.128	2.49204562642922e-36	c4	SLC25A46
8.29694402586953e-41	1.26935951641398	0.239	0.117	2.79557232007648e-36	c4	ZNRF1
3.10314594652873e-40	0.691263504959523	0.632	0.478	1.04557399522339e-35	c4	FAM107B
3.31264043953654e-40	1.49750378414332	0.172	0.072	1.11616106969744e-35	c4	CREG1
3.95225508195635e-40	0.639109557404141	0.644	0.471	1.33167282731437e-35	c4	PTPN7
4.27403362109567e-40	1.24338021239125	0.27	0.139	1.44009288829197e-35	c4	NFATC1
4.32412704121675e-40	2.25516615123497	0.051	0.01	1.45697136526757e-35	c4	G0S2
8.94875876373597e-40	1.08739378816316	0.278	0.145	3.0151947778532e-35	c4	PVT1
1.26346160023825e-39	0.511155095248184	0.828	0.714	4.25710751584275e-35	c4	GPX4
1.8170022436228e-39	2.23412312063743	0.083	0.023	6.12220735966268e-35	c4	SERPINE2
3.78804823234922e-39	0.490409025500781	0.806	0.688	1.27634497140775e-34	c4	PEBP1
5.18359421551313e-39	1.21551226750029	0.222	0.104	1.74656023497499e-34	c4	LRMP
5.76124900677732e-39	0.629971831083644	0.652	0.492	1.94119524034355e-34	c4	RAP1A
7.34414536488799e-39	1.13772249318915	0.26	0.134	2.47453633924536e-34	c4	LIMA1
7.4915733413585e-39	1.13245688679884	0.243	0.121	2.52421072163733e-34	c4	C16orf87
1.09063337306563e-38	0.892428426841637	0.399	0.245	3.67478008720732e-34	c4	PLIN2
2.51483590221796e-38	2.83710403337834	0.047	0.009	8.4734880889332e-34	c4	CTTN
2.77866260849742e-38	0.538138974535171	0.803	0.703	9.36242579307121e-34	c4	GYPC
3.60246508604254e-38	0.428005689129297	0.86	0.752	1.21381458609117e-33	c4	COX8A
4.48493674717103e-38	0.494721549313634	0.83	0.695	1.51115458759181e-33	c4	SPOCK2
8.15548329148152e-38	0.765574367695162	0.554	0.388	2.74790854023178e-33	c4	TCF7
1.00458731103985e-37	2.64129203607192	0.043	0.007	3.38485648581766e-33	c4	RP5-1158E12.3
1.29848015856672e-37	1.04855092912379	0.285	0.154	4.37509904627472e-33	c4	CDK6
1.52948472157875e-37	0.464841698393823	0.844	0.731	5.15344582088744e-33	c4	ANP32B
1.77543076907776e-37	0.299610229766464	0.974	0.95	5.98213643333059e-33	c4	OAZ1
3.05063653303119e-37	0.301681895103693	0.997	0.996	1.02788147343953e-32	c4	FTH1
8.91190551313401e-37	1.32929576305405	0.188	0.085	3.00277744359537e-32	c4	AGFG1
1.14650007689017e-36	1.4018539473751	0.169	0.072	3.86301735907374e-32	c4	DLEU1
2.13249969641242e-36	2.16233597713723	0.074	0.02	7.18524447709201e-32	c4	CPA5
2.40556841079763e-36	0.496668197298328	0.714	0.542	8.10532220334153e-32	c4	CD82
3.21991755551814e-36	0.319802841769158	0.963	0.939	1.08491902115628e-31	c4	CD3D
3.27047845948199e-36	4.02321758210845	0.019	0.002	1.10195501213786e-31	c4	RP11-155L15.1
3.46817796340726e-36	0.954141289383231	0.333	0.194	1.16856788299044e-31	c4	NCOA7
4.41257369949698e-36	0.42005055321259	0.887	0.807	1.48677258230851e-31	c4	SOD1
4.80523622962856e-36	0.559853185709162	0.713	0.576	1.61907629521105e-31	c4	CD6
8.04849011049093e-36	1.66831062352273	0.124	0.047	2.71185825782881e-31	c4	MREG
2.35503866042604e-35	0.788309007701621	0.426	0.274	7.93506726243951e-31	c4	IFNAR2
3.2778912596457e-35	0.338706048020084	0.952	0.89	1.10445268102502e-30	c4	CD2
4.94902755378224e-35	1.07449312185321	0.213	0.103	1.66752534397139e-30	c4	SGK1
1.379372621492e-34	1.01517032348454	0.283	0.155	4.64765811085515e-30	c4	ANKRD13A
2.00428146205431e-34	0.315775771175259	0.968	0.945	6.75322595824579e-30	c4	FXYD5
4.80048114791884e-34	3.25736532712795	0.022	0.002	1.61747411797978e-29	c4	CDO1
6.93941484607053e-34	0.267634316961385	0.978	0.966	2.338166438235e-29	c4	MYL6
1.38312155578817e-33	0.303275278719731	0.961	0.919	4.66028977007266e-29	c4	RHOA
1.46713044120997e-33	0.718852618252803	0.526	0.377	4.94334930861288e-29	c4	GPRIN3
1.57771133699669e-33	1.01118410678817	0.308	0.177	5.31594057887664e-29	c4	SNX9
2.82462085868616e-33	0.449482666708634	0.795	0.666	9.51727752125715e-29	c4	SHFM1
3.36092859568358e-33	1.03099819187888	0.266	0.144	1.13243128102962e-28	c4	PHACTR2
4.65638659605707e-33	1.22320732974651	0.218	0.111	1.56892289967547e-28	c4	ITPR1
7.39920667999965e-33	1.45633897428442	0.147	0.063	2.49308869875908e-28	c4	CAMK1
8.74669583138515e-33	2.13299642822256	0.063	0.016	2.94711169342691e-28	c4	POU3F1
9.25286478140541e-33	0.321069343016567	0.947	0.897	3.11766025944674e-28	c4	ALDOA
1.3104135941549e-32	1.42989005772867	0.124	0.048	4.41530756414552e-28	c4	LINC00539
2.34133167384101e-32	3.39207415772868	0.018	0.002	7.8888829418399e-28	c4	PTPN14
3.99536346482481e-32	0.537038184306903	0.681	0.541	1.34619776583807e-27	c4	TMEM123
9.26524217116247e-32	1.2355911134384	0.183	0.087	3.12183069715148e-27	c4	SH3TC1
9.51196666549517e-32	1.30179072342995	0.185	0.089	3.20496204827194e-27	c4	SREBF2
1.31997219396518e-31	0.449010525129236	0.78	0.664	4.44751431034628e-27	c4	WDR83OS
1.92138803553307e-31	0.775320454881206	0.347	0.208	6.47392484692514e-27	c4	NCF4
2.35214968577617e-31	0.293149391715495	0.961	0.936	7.92533315125422e-27	c4	CCNI
3.33810367652047e-31	0.401224811154025	0.863	0.764	1.12474065276681e-26	c4	ANAPC16
4.80349763570504e-31	0.726544076325783	0.456	0.306	1.61849049337446e-26	c4	SLAMF1
5.16957616966015e-31	0.731349481508975	0.457	0.305	1.74183699460529e-26	c4	CD28
6.690300578002e-31	0.961631803678317	0.278	0.157	2.25422987675199e-26	c4	MSI2
7.13502723679808e-31	1.19714969285652	0.163	0.074	2.40407607716675e-26	c4	CD200R1
1.04648875746308e-30	2.1912352204797	0.041	0.008	3.52603921939609e-26	c4	RASL11A
1.15001529004342e-30	0.227390910912126	0.996	0.991	3.8748615182723e-26	c4	EEF1D
1.31550646362002e-30	0.276467362687776	0.965	0.931	4.43246747852129e-26	c4	COMMD6
1.50149065217244e-30	1.51877128821894	0.127	0.052	5.05912260342982e-26	c4	NCDN
5.80208274266048e-30	1.48997358774434	0.137	0.059	1.95495375931202e-25	c4	PRR34-AS1
6.59621090338407e-30	0.743595678918119	0.324	0.193	2.22252730178623e-25	c4	NDFIP2
7.16831205491269e-30	3.01021111076315	0.025	0.003	2.41529106378228e-25	c4	KB-1980E6.3
8.26524171289572e-30	0.745230239660732	0.477	0.339	2.78489054274309e-25	c4	SYPL1
9.88856423063769e-30	2.12556049650001	0.057	0.015	3.33185283187106e-25	c4	BCAT1
9.94027593706517e-30	2.17771154564225	0.056	0.015	3.34927657423474e-25	c4	AC112721.2
1.28942545331071e-29	2.68302711016413	0.036	0.007	4.34459012238509e-25	c4	NEK10
1.44433949098481e-29	0.982906034279351	0.276	0.16	4.86655748092421e-25	c4	MAPKAPK3
1.4483604939222e-29	3.39716782045166	0.027	0.004	4.88010584822147e-25	c4	LINC01501
2.05380632563545e-29	0.955725569904843	0.299	0.177	6.92009503359608e-25	c4	FBXO34
2.31685402158113e-29	0.552286594705267	0.595	0.455	7.80640794031548e-25	c4	CLPP
2.33749292807361e-29	0.202069297925598	0.992	0.983	7.87594867185124e-25	c4	PFDN5
2.48994109132566e-29	2.67800669597669	0.039	0.008	8.38960751311268e-25	c4	ITGB8
5.48761774143047e-29	1.74815333211581	0.083	0.028	1.84899792179758e-24	c4	ANKS1B
1.80422494381874e-28	0.989828461699826	0.274	0.161	6.07915552570286e-24	c4	MIS18BP1
1.83470692908616e-28	0.850144927244146	0.262	0.146	6.18186152686291e-24	c4	RAB37
1.84782678364154e-28	0.543180945250379	0.613	0.472	6.22606756480182e-24	c4	ANKRD44
1.864157835504e-28	1.48642410588022	0.095	0.034	6.28109341094717e-24	c4	SEPN1
2.15047311556535e-28	0.589549040236742	0.561	0.417	7.24580411558589e-24	c4	RABGAP1L
2.40132451880246e-28	1.95294892236061	0.066	0.019	8.09102283365302e-24	c4	UBXN10-AS1
3.14342432661147e-28	0.213113759377929	0.994	0.985	1.05914539260847e-23	c4	ATP5E
3.16761147226918e-28	0.686440943731782	0.246	0.135	1.06729500946638e-23	c4	MAGEH1
5.9820984475894e-28	0.197980523584547	1	1	2.01560825093077e-23	c4	ACTB
6.17182367640853e-28	0.285210724093793	0.947	0.932	2.07953426952909e-23	c4	HMGB1
7.73022684990777e-28	2.07230380831652	0.057	0.016	2.60462263480792e-23	c4	GAB2
1.72936931877205e-27	0.560384377287638	0.27	0.152	5.82693698267053e-23	c4	TBC1D4
1.91705851161987e-27	0.417188226827677	0.703	0.557	6.459336949052e-23	c4	FKBP1A
2.70223944488202e-27	0.880669212740179	0.234	0.127	9.10492558558546e-23	c4	RP11-553L6.2
2.83851555892576e-27	0.24223505432713	0.973	0.961	9.56409432424447e-23	c4	H3F3A
3.50303739069834e-27	0.324785992020413	0.762	0.627	1.1803134184219e-22	c4	PGAM1
3.76322858876165e-27	0.458347652747709	0.717	0.598	1.26798224069735e-22	c4	DBI
4.15109181768045e-27	1.21420690119392	0.173	0.086	1.39866887704925e-22	c4	DAPP1
4.25968933077989e-27	0.408739444137235	0.738	0.616	1.43525972311298e-22	c4	TSPO
6.07965092923445e-27	0.312935558461034	0.837	0.729	2.04847758409626e-22	c4	TPI1
1.0460570252815e-26	1.12030196920781	0.149	0.069	3.52458454098349e-22	c4	DGKH
1.07170740478577e-26	0.413039226678114	0.782	0.659	3.61101092968519e-22	c4	CD27
1.48735204103894e-26	0.361379329713494	0.82	0.723	5.0114839670766e-22	c4	GNG5
8.34624751633267e-26	0.993000742034277	0.343	0.231	2.81218463815313e-21	c4	SESN1
1.08454016064683e-25	1.0625212132157	0.202	0.108	3.65424961728344e-21	c4	FUT8
1.18834310787396e-25	0.642730256405504	0.479	0.337	4.00400326767053e-21	c4	DUSP4
1.26557808035806e-25	0.288706421590869	0.896	0.854	4.26423878395844e-21	c4	EDF1
2.17002667917809e-25	0.248441894403964	0.956	0.933	7.31168789282265e-21	c4	CD37
2.42114491366662e-25	0.509674197575873	0.645	0.504	8.15780567210832e-21	c4	DYNLL1
2.49103219110128e-25	0.408368409238814	0.794	0.699	8.39328386469665e-21	c4	TRAF3IP3
2.57603653693895e-25	0.43986218778641	0.693	0.564	8.67969750756211e-21	c4	DEK
3.69763007807982e-25	0.310032858763655	0.9	0.834	1.24587947850822e-20	c4	COX6C
4.64449249122059e-25	1.48297901732853	0.109	0.046	1.56491529999187e-20	c4	GNA15
5.34114208077761e-25	1.09117679488198	0.208	0.114	1.79964441269721e-20	c4	CD151
5.72633346500126e-25	1.57978351001168	0.084	0.031	1.92943079769752e-20	c4	NLRP6
6.70394601631627e-25	0.391401079478026	0.814	0.734	2.2588275707376e-20	c4	SPCS1
6.86779267441794e-25	3.80705898676355	0.019	0.002	2.31403406371838e-20	c4	CTHRC1
9.33117585608012e-25	3.32913483868996	0.018	0.002	3.14404639294764e-20	c4	ST6GALNAC5
1.11818236619093e-24	0.494996462837686	0.711	0.604	3.76760366464373e-20	c4	TRAC
1.11983309376813e-24	0.56699959578885	0.526	0.393	3.77316562614234e-20	c4	NME3
1.93451597281708e-24	1.14653047106031	0.225	0.127	6.51815811880987e-20	c4	CTSL
2.44542636427076e-24	0.159889877272618	0.998	0.992	8.23961959177388e-20	c4	RPL22
2.61886247234901e-24	1.65972209181796	0.083	0.031	8.82399521433275e-20	c4	SEC14L2
3.19344188194048e-24	1.4953935827844	0.114	0.05	1.07599830770103e-19	c4	AGMAT
3.30237734972183e-24	1.12009025607655	0.162	0.082	1.11270302421527e-19	c4	TP53INP1
3.35192118412516e-24	0.173319183223481	1	0.999	1.12939632377913e-19	c4	RPL6
5.14882907354983e-24	1.78222427213821	0.053	0.015	1.73484646804188e-19	c4	RP1-167O22.1
5.45114260615633e-24	0.338690705722981	0.893	0.872	1.83670798971832e-19	c4	PCBP2
8.01531784693254e-24	0.756430427655201	0.439	0.322	2.70068119534545e-19	c4	AIM1
1.15052950427544e-23	1.25597109168077	0.132	0.061	3.87659411170567e-19	c4	DEAF1
1.35517646479957e-23	1.24207970781671	0.124	0.055	4.56613158049568e-19	c4	CXCR5
1.37364083148162e-23	0.785906327680812	0.332	0.22	4.62834541759416e-19	c4	FOXN2
1.55017021017994e-23	0.898042482893613	0.224	0.127	5.2231435061803e-19	c4	AHR
1.7840480229622e-23	0.52257139057998	0.591	0.465	6.01117140856885e-19	c4	CD5
3.18043906223107e-23	0.211398636117767	0.994	0.992	1.07161713762814e-18	c4	ACTG1
4.05678318993705e-23	0.846964446369109	0.313	0.2	1.36689252801739e-18	c4	CAPN7
4.57615663096854e-23	0.368240651747398	0.775	0.678	1.54189021523854e-18	c4	ATP5J2
5.59728509667847e-23	2.22096836520623	0.037	0.009	1.88594924047484e-18	c4	ST6GALNAC3
6.13899968173349e-23	0.567359187028881	0.609	0.481	2.06847455276328e-18	c4	IQGAP1
6.96803981357365e-23	0.622832433561134	0.529	0.403	2.3478113347855e-18	c4	ADD3
8.84848447700293e-23	1.40020730103762	0.148	0.074	2.98140835968137e-18	c4	NAB1
1.03338575557122e-22	1.16493327249336	0.148	0.074	3.48188996482168e-18	c4	APP
1.21964748677313e-22	1.3605587964127	0.098	0.041	4.10948024193338e-18	c4	GATSL3
1.4377523302159e-22	1.03941347211675	0.183	0.099	4.84436270142945e-18	c4	SNTB2
1.52674415041456e-22	0.814659837354276	0.243	0.144	5.14421174040681e-18	c4	RAB11FIP1
1.5273742102104e-22	0.440555212517963	0.66	0.547	5.14633466388292e-18	c4	PRKCH
1.59271905736214e-22	2.59534733624841	0.05	0.014	5.36650759187598e-18	c4	TRBV5-5
1.80785487307394e-22	3.13043701126425	0.028	0.005	6.09138620933534e-18	c4	DIAPH3
1.83162858022941e-22	0.695525690311337	0.355	0.239	6.17148933822496e-18	c4	LAGE3
1.8600422129813e-22	0.663844522176507	0.415	0.297	6.2672262324192e-18	c4	ATF7IP
3.01821864491541e-22	0.847848681971475	0.228	0.132	1.0169585902178e-17	c4	AKAP11
3.59838139308291e-22	0.365487286066664	0.789	0.704	1.21243862658536e-17	c4	ITGB2
5.12496662444671e-22	0.714280112724098	0.412	0.293	1.72680625444107e-17	c4	AP3S1
5.81806444306898e-22	2.70121028319078	0.027	0.005	1.96033863344766e-17	c4	CRMP1
6.48983912837464e-22	0.931357964170156	0.251	0.153	2.18668639591455e-17	c4	TLE3
8.52546001769316e-22	0.299604952188842	0.892	0.82	2.87256849836153e-17	c4	TCEB2
9.24002122458126e-22	0.626687411569353	0.291	0.183	3.11333275141041e-17	c4	PELI1
9.35953028611127e-22	0.795554737572948	0.279	0.175	3.15360013460233e-17	c4	KAT6B
9.52852209599338e-22	0.122977082445643	1	1	3.21054023502401e-17	c4	RPS24
1.02570998735462e-21	0.83941887805735	0.23	0.135	3.45602723139267e-17	c4	RIC1
1.07623610261616e-21	1.63279574500343	0.074	0.027	3.6262699241549e-17	c4	RMI2
1.16397759896292e-21	0.933391410388164	0.215	0.124	3.92190612194566e-17	c4	KIAA0319L
1.59465543719786e-21	1.41390130217345	0.076	0.029	5.37303203009447e-17	c4	RP1-167A14.2
1.65414178291884e-21	2.22558307411424	0.05	0.015	5.57346532336675e-17	c4	ASCL2
1.86158916431723e-21	1.75706038781726	0.067	0.024	6.27243853025047e-17	c4	XXYLT1-AS2
1.88435211692141e-21	0.989792228467587	0.161	0.084	6.349136022755e-17	c4	D2HGDH
2.42482544976041e-21	0.883836612178071	0.219	0.128	8.17020687042274e-17	c4	GLCCI1
2.65215276081484e-21	0.846720671640597	0.224	0.131	8.93616351228953e-17	c4	ITPKB
2.71800337094047e-21	0.750905183294393	0.348	0.238	9.1580405580468e-17	c4	TMEM167A
2.95356765189702e-21	0.652267039055918	0.341	0.228	9.95175084630181e-17	c4	IGFLR1
3.06247983258437e-21	1.18330107569525	0.121	0.056	1.03187195479098e-16	c4	SUFU
3.84965619408616e-21	2.0552601311457	0.049	0.015	1.29710315803539e-16	c4	CYP7B1
4.1761074263914e-21	0.713800097406824	0.379	0.265	1.40709763624832e-16	c4	SMARCA2
4.93736675372143e-21	2.06401452387976	0.055	0.018	1.6635963539989e-16	c4	TRBV10-3
5.56403219604474e-21	0.653467451816324	0.388	0.271	1.87474500813532e-16	c4	SIAH2
6.79936168475587e-21	1.06498393266206	0.136	0.066	2.29097692606164e-16	c4	AC013264.2
8.09700374022393e-21	4.3499134257078	0.011	0.001	2.72820444023105e-16	c4	AFF2
1.01975960916614e-20	2.28535591469886	0.026	0.005	3.4359780271244e-16	c4	CHGB
1.06107256207449e-20	2.28581577878193	0.038	0.01	3.5751778906538e-16	c4	AC006129.1
1.33074762297055e-20	0.598040305351188	0.24	0.144	4.48382104083697e-16	c4	MIR155HG
1.45231838007554e-20	0.509107298427746	0.498	0.371	4.89344154982654e-16	c4	TMEM173
1.57728352315688e-20	0.351880251736036	0.786	0.705	5.3144991029248e-16	c4	RGS10
1.59071204692363e-20	2.68919469302007	0.023	0.004	5.35974517090448e-16	c4	SIPA1L2
1.70782513599855e-20	0.43870377826301	0.652	0.536	5.7543460132335e-16	c4	AKAP13
1.89503923574074e-20	1.10287242181295	0.128	0.062	6.38514520090485e-16	c4	CDCA7
2.17660902566114e-20	0.501320179124668	0.521	0.398	7.33386645106264e-16	c4	VDAC1
3.13911952532282e-20	0.811319652933224	0.217	0.127	1.05769493286227e-15	c4	SYT11
3.25970268422423e-20	0.545572080461535	0.457	0.337	1.09832422242251e-15	c4	CYTH1
4.28013384175682e-20	1.49554283228138	0.078	0.031	1.44214829664154e-15	c4	HECTD2
4.55865357684225e-20	0.915593426616064	0.168	0.09	1.53599273618123e-15	c4	RMND5B
6.04615242478647e-20	1.05618066477783	0.164	0.089	2.03719059800755e-15	c4	PARVB
6.88592956319516e-20	0.924382309119806	0.17	0.092	2.32014510702298e-15	c4	N4BP2
7.90332498613165e-20	1.39300682700769	0.097	0.043	2.6629463208272e-15	c4	PBX3
8.22088994351148e-20	0.369497335428238	0.778	0.692	2.76994665756676e-15	c4	ATPIF1
8.41143097237504e-20	0.685359411594827	0.343	0.237	2.83414755183205e-15	c4	CARHSP1
1.27472711299549e-19	2.9002424696585	0.024	0.005	4.29506553452701e-15	c4	HMHB1
1.55441259916992e-19	0.636314105590454	0.358	0.248	5.23743781164311e-15	c4	TESPA1
1.56793245274701e-19	0.486774991481778	0.587	0.47	5.28299160628578e-15	c4	HMGN3
1.96252705283939e-19	0.836944606137387	0.211	0.124	6.61253865183704e-15	c4	BLVRA
2.06291991758645e-19	0.758647670972029	0.246	0.152	6.95080237031579e-15	c4	PAM
2.09538860196483e-19	1.4930940842109	0.063	0.022	7.0602023554603e-15	c4	PTK2
2.25682730663883e-19	0.507949870836399	0.524	0.406	7.60415392698887e-15	c4	VMP1
2.68856983848326e-19	0.450824408469318	0.573	0.443	9.0588672137855e-15	c4	TMEM2
3.72060820217007e-19	2.67975425665654	0.026	0.005	1.25362172763918e-14	c4	HSD11B1
3.84865108301921e-19	0.335290957835075	0.803	0.727	1.29676449591249e-14	c4	SEPT9
3.88342093924082e-19	1.4876441615901	0.059	0.021	1.3084798512678e-14	c4	ZG16B
4.02728819707552e-19	0.84544642582106	0.212	0.127	1.35695448512262e-14	c4	PFKFB3
4.24032832158424e-19	0.224335320066412	0.942	0.898	1.42873622467459e-14	c4	SUMO2
4.37880654600049e-19	1.1555430601219	0.088	0.038	1.4753950776094e-14	c4	IL2
5.01286927401232e-19	3.23326435020083	0.016	0.002	1.68903617318571e-14	c4	DFNA5
5.9135653032526e-19	1.05091492957746	0.151	0.081	1.99251669327793e-14	c4	ZBTB7B
6.03342781132413e-19	0.902723915628957	0.179	0.1	2.03290316674755e-14	c4	PCNXL2
6.9239495745465e-19	1.61147452882669	0.098	0.044	2.3329555696477e-14	c4	CD79A
8.046879793728e-19	0.920433559813935	0.189	0.108	2.71131567769871e-14	c4	IRF2BPL
1.04525131227924e-18	0.356893067982389	0.71	0.607	3.52186977159366e-14	c4	ICAM3
1.09765167723968e-18	1.86854054770282	0.044	0.013	3.69842756129138e-14	c4	RTP5
1.13867447117112e-18	0.578051448369437	0.384	0.272	3.83664976316396e-14	c4	TMEM134
1.53408656258008e-18	1.73193621246135	0.051	0.017	5.16895126395733e-14	c4	AKR1C3
1.77377181183782e-18	0.172270435418071	0.994	0.989	5.97654674280634e-14	c4	SH3BGRL3
2.47071387645078e-18	0.362453607933864	0.734	0.636	8.32482333531327e-14	c4	SH3BGRL
2.67512079126948e-18	1.75536135822622	0.05	0.016	9.0135519941034e-14	c4	STAC
2.77716622709947e-18	1.28442163084505	0.094	0.042	9.35738388558894e-14	c4	OGFRL1
2.82757921447401e-18	0.767360574417614	0.267	0.176	9.52724540524872e-14	c4	MPRIP
2.92863707565774e-18	0.510450778958037	0.47	0.363	9.8677497627212e-14	c4	PGLS
3.87448330780345e-18	2.38817060257315	0.026	0.006	1.3054684057313e-13	c4	MAPT
3.91404187957592e-18	0.3558418574064	0.747	0.677	1.31879727090431e-13	c4	EIF3L
4.26648284703222e-18	0.326062978723233	0.786	0.723	1.43754873047904e-13	c4	PNISR
4.75430358702209e-18	0.486351592925808	0.504	0.397	1.60191505061122e-13	c4	WTAP
4.92542991010563e-18	1.91746310032	0.047	0.015	1.65957435391099e-13	c4	EVC2
5.08489313781381e-18	0.953544069312197	0.169	0.095	1.71330389385498e-13	c4	PTPRN2
5.20447686059358e-18	0.743543431041948	0.307	0.21	1.7535964334084e-13	c4	PSMB5
5.320117546678e-18	1.32590415267796	0.096	0.044	1.79256040617769e-13	c4	HIPK2
6.72688303692849e-18	0.916960046735802	0.185	0.108	2.26655597046268e-13	c4	TRPS1
6.91616101001957e-18	1.10984616195323	0.128	0.066	2.330331290716e-13	c4	IRF5
7.36581916927479e-18	0.453221551141318	0.496	0.374	2.48183911089545e-13	c4	C4orf48
7.47393148751846e-18	0.653709067588917	0.303	0.204	2.51826647540447e-13	c4	ZNF524
7.48262387296341e-18	1.11387998621525	0.195	0.119	2.52119528775629e-13	c4	LMO4
8.62183110906753e-18	0.908633961905613	0.193	0.114	2.90503977388921e-13	c4	ORAI2
9.69244167258416e-18	1.66172438183224	0.037	0.01	3.26577129716051e-13	c4	LINC01229
1.15938644808635e-17	0.891083650368114	0.182	0.107	3.90643669818214e-13	c4	ZNF281
1.36150856774921e-17	0.145509717418534	1	0.998	4.58746696817418e-13	c4	RPL15
1.48291534434284e-17	0.507866471236272	0.498	0.389	4.99653496122877e-13	c4	WNK1
1.49844355577599e-17	1.03154449077411	0.129	0.067	5.04885571683161e-13	c4	NPIPB5
1.73539184356819e-17	2.12282579169477	0.029	0.007	5.84722927771866e-13	c4	CTD-2031P19.5
1.76305384811125e-17	1.98198926052069	0.036	0.01	5.94043363582605e-13	c4	HLF
1.90726312558307e-17	2.46509612564846	0.029	0.007	6.4263323753396e-13	c4	HMSD
1.97995970277878e-17	2.15115509534847	0.039	0.011	6.67127622254281e-13	c4	TMCC2
1.98547037426848e-17	0.445225125810927	0.549	0.444	6.68984387906023e-13	c4	PPM1G
2.04595082308887e-17	0.492996169218302	0.519	0.413	6.89362670331564e-13	c4	CLNS1A
2.29200971265708e-17	0.525997242948741	0.382	0.272	7.72269752582677e-13	c4	MRPL3
2.45125712869058e-17	2.24295627849453	0.025	0.005	8.25926576941005e-13	c4	NCKAP1
2.6804457048283e-17	0.540585842512685	0.358	0.252	9.03149375784847e-13	c4	GRINA
2.7070677092667e-17	0.82824350826058	0.227	0.143	9.12119393960323e-13	c4	AGFG2
3.2419582494377e-17	0.49930559726181	0.552	0.451	1.09234541256554e-12	c4	MYCBP2
3.69508475303218e-17	0.323111456412563	0.72	0.621	1.24502185668666e-12	c4	H2AFV
4.09381356412273e-17	1.21154067882461	0.096	0.044	1.37936954229551e-12	c4	GFOD1
4.13656732247963e-17	1.14487468472896	0.117	0.059	1.39377499363629e-12	c4	DLEU2
4.17966075256852e-17	3.03216252826918	0.011	0.001	1.40829489397044e-12	c4	LGALS9B
4.96304476378462e-17	1.74863036266489	0.036	0.01	1.67224830270959e-12	c4	HTRA1
5.04263102896613e-17	0.383521282988922	0.621	0.53	1.69906409889985e-12	c4	SH3KBP1
5.81427927014192e-17	0.276834023856232	0.82	0.758	1.95906325728162e-12	c4	CAPZB
5.91642204492636e-17	0.807633827577304	0.175	0.101	1.99347924381749e-12	c4	ADAM19
5.96746983909618e-17	1.76348203335139	0.055	0.02	2.01067928758507e-12	c4	CD109
5.99023738190453e-17	0.439278228872618	0.315	0.21	2.01835058345891e-12	c4	ACP5
6.19985313048599e-17	1.11672707640875	0.12	0.062	2.08897851378595e-12	c4	GRAMD3
6.31651060114663e-17	0.383888306271756	0.686	0.598	2.12828508195034e-12	c4	EML4
6.3378330081016e-17	0.27376872965212	0.909	0.866	2.13546945374975e-12	c4	SLC25A6
6.51876533247466e-17	0.543194761812486	0.446	0.34	2.19643279112401e-12	c4	PAG1
7.03529288044314e-17	0.95558496244873	0.167	0.097	2.37047158313651e-12	c4	SMARCAD1
7.80840993620798e-17	1.62970320926885	0.056	0.021	2.63096564390592e-12	c4	MAFG
8.18267951779669e-17	1.09286532078739	0.131	0.07	2.75707203672642e-12	c4	KCTD17
8.97766702000313e-17	0.19127658799286	0.953	0.926	3.02493512571985e-12	c4	SRP14
1.00877196518285e-16	0.302575313678341	0.771	0.693	3.3989562594871e-12	c4	SLC25A3
1.06034288646008e-16	2.45479431024498	0.035	0.01	3.57271932163859e-12	c4	NEBL
1.07970391709274e-16	0.361002481323207	0.693	0.594	3.63795437825229e-12	c4	ST13
1.16070876207438e-16	2.1209921410269	0.036	0.01	3.91089210293341e-12	c4	CCDC74A
1.21556619536096e-16	1.20183365669562	0.075	0.032	4.09572873864923e-12	c4	C2CD2
1.25071454212689e-16	1.80628993815791	0.041	0.013	4.21415757824235e-12	c4	BFSP2
1.3500005725362e-16	0.416496948007949	0.506	0.388	4.54869192910348e-12	c4	SEC11C
1.7334304071825e-16	0.703265107952555	0.278	0.187	5.84062041396073e-12	c4	CDV3
1.78153652878084e-16	0.587287327359531	0.392	0.292	6.00270918007418e-12	c4	RNF115
1.82233340586381e-16	1.24843029001599	0.094	0.044	6.14017017771751e-12	c4	PON2
1.8439990186751e-16	0.279261688115587	0.896	0.857	6.21317029352387e-12	c4	C12orf57
1.89184413868349e-16	0.576491385377608	0.283	0.188	6.37437964088015e-12	c4	CPNE7
1.89366273262771e-16	0.969308798264841	0.162	0.093	6.3805072113158e-12	c4	RAB39B
1.92301026164297e-16	0.648271494197791	0.229	0.143	6.47939077557984e-12	c4	LINC00426
1.99845398158004e-16	0.850763725043865	0.228	0.147	6.7335908455358e-12	c4	CD59
2.16437938649717e-16	2.46320219338456	0.025	0.006	7.29265990486356e-12	c4	CDH24
2.49676919023679e-16	0.933979009589442	0.155	0.087	8.41261410958385e-12	c4	ZNF592
2.89003727378444e-16	0.376023798603798	0.736	0.66	9.73769159028928e-12	c4	SEPW1
3.00372640199061e-16	0.330536480087908	0.694	0.6	1.01207557388672e-11	c4	PRDX1
3.11866990710878e-16	0.608611793314061	0.376	0.275	1.05080463850123e-11	c4	PTPN2
3.29725559668158e-16	1.91027824301835	0.033	0.009	1.11097730074589e-11	c4	KIAA1217
3.34264867432742e-16	1.1823119114697	0.123	0.065	1.12627204432788e-11	c4	PDLIM7
3.57400233025543e-16	0.460487945724197	0.573	0.479	1.20422434515626e-11	c4	SNX6
3.72080609634048e-16	1.19111694216687	0.071	0.03	1.25368840610096e-11	c4	RP11-342D11.3
4.39441113420118e-16	1.2451935292563	0.1	0.049	1.48065288755775e-11	c4	HACD1
4.55349606986154e-16	0.338852264615477	0.69	0.579	1.53425496577915e-11	c4	RAC1
4.58383456305194e-16	0.725213864414028	0.322	0.23	1.54447721767472e-11	c4	FAM104A
5.19403102679546e-16	0.775161391108368	0.189	0.113	1.75007681416846e-11	c4	IFT57
5.32428028261827e-16	0.61021362307505	0.299	0.205	1.7939629984254e-11	c4	TNFRSF10A
5.42563855132816e-16	0.17781652362538	0.983	0.976	1.82811465348451e-11	c4	HNRNPA1
5.53697854721837e-16	0.513716080061272	0.415	0.311	1.86562955169976e-11	c4	DR1
5.92458283590156e-16	0.497492668416434	0.389	0.283	1.99622894072867e-11	c4	HSBP1
6.08502204712551e-16	1.75381296457687	0.058	0.022	2.05028732855847e-11	c4	FAIM2
6.13858802291577e-16	0.580725005193317	0.343	0.245	2.06833584844124e-11	c4	DCP2
6.36275504541487e-16	0.693987775632153	0.249	0.163	2.14386668500209e-11	c4	FOXO1
6.64678801488732e-16	0.298544379467381	0.836	0.771	2.23956875373613e-11	c4	PRR13
7.36473381511811e-16	0.650580283191015	0.271	0.183	2.4814734116659e-11	c4	CAB39
7.43452507320447e-16	0.872209720428152	0.145	0.081	2.50498887816551e-11	c4	MYO5A
1.03888098594327e-15	1.91520351780773	0.047	0.017	3.50040559403724e-11	c4	RDH10
1.11639141810056e-15	1.00775244519314	0.138	0.077	3.76156924414804e-11	c4	PKIA
1.23828594985318e-15	0.439770686437628	0.531	0.423	4.1722806794353e-11	c4	ERGIC3
1.28736063753287e-15	0.744704868326647	0.25	0.166	4.33763293210326e-11	c4	EED
1.31547947461906e-15	0.557636839753663	0.376	0.271	4.43237654178145e-11	c4	DNAJC4
1.41532803245445e-15	0.409174417780207	0.53	0.408	4.76880627255201e-11	c4	CDK2AP2
2.16716189213553e-15	0.90798274951321	0.161	0.093	7.30203527936146e-11	c4	TP53BP2
2.16976258999695e-15	0.366155601358465	0.676	0.601	7.31079807073572e-11	c4	SLC25A5
2.26820432855431e-15	0.965160546929484	0.153	0.088	7.64248766463091e-11	c4	TRIM35
2.37574044339458e-15	0.753155036530135	0.245	0.161	8.00481984997371e-11	c4	IRF2BP2
2.38151369319071e-15	0.798357157872896	0.224	0.145	8.02427223783679e-11	c4	CASP6
3.39516757043049e-15	2.98842258288769	0.014	0.002	1.14396776118085e-10	c4	RP11-134O21.1
3.40613277673495e-15	0.463932767057984	0.455	0.347	1.14766237779307e-10	c4	RHBDD2
3.5280169153992e-15	2.36390919477917	0.026	0.006	1.18873001947461e-10	c4	MYO1B
4.66422359836044e-15	0.106565490209412	1	1	1.57156349923157e-10	c4	RPS4X
5.18500790305437e-15	0.768210885189367	0.195	0.121	1.74703656285514e-10	c4	IFT27
5.34886153000114e-15	0.640223096020776	0.272	0.187	1.80224540391858e-10	c4	OGDH
6.09085929322077e-15	1.05438815750507	0.128	0.07	2.0522541302578e-10	c4	WHSC1
6.69137049918296e-15	0.206783981030156	0.934	0.895	2.25459037599471e-10	c4	ARPC2
6.82968722681093e-15	0.740733978632145	0.178	0.108	2.30119481420168e-10	c4	SUSD6
6.83884111242469e-15	0.922065695842181	0.161	0.095	2.30427912442038e-10	c4	FHL3
6.97031126342758e-15	0.721239480755673	0.244	0.163	2.34857667709929e-10	c4	KDM5B
7.08713731897331e-15	2.85997119441578	0.016	0.003	2.38794004825487e-10	c4	TMEM178B
7.91474110486918e-15	1.50807066574692	0.063	0.026	2.66679286787462e-10	c4	CTC-343N3.1
8.07832380327862e-15	0.482615290836823	0.426	0.329	2.7219104222767e-10	c4	HPCAL1
8.33619199627501e-15	0.686073563057874	0.222	0.144	2.8087965312249e-10	c4	SMC4
8.99645230039772e-15	0.687173088504159	0.273	0.19	3.03126463809601e-10	c4	CD320
1.0001528304801e-14	0.969713942510827	0.126	0.069	3.36991494701966e-10	c4	ZDHHC21
1.03678076786642e-14	0.617198133161766	0.352	0.257	3.49332911924911e-10	c4	RGS2
1.14233395184043e-14	0.891422031685589	0.138	0.077	3.84898001733116e-10	c4	BCAS3
1.27791022749556e-14	0.598448329033004	0.287	0.198	4.30579072052353e-10	c4	BHLHE40
1.27888700171992e-14	0.239101606004477	0.889	0.852	4.30908186359511e-10	c4	EIF3F
1.5998264271778e-14	1.56700219167631	0.048	0.018	5.39045516373288e-10	c4	TSHR
1.6253316640051e-14	0.526226096209462	0.368	0.272	5.47639250869879e-10	c4	BNIP3L
1.67634854824589e-14	0.434966785132996	0.38	0.279	5.64828879845969e-10	c4	SLAMF6
2.05623132894539e-14	0.69395338324037	0.233	0.154	6.92826583974859e-10	c4	AP1S1
2.05865175541005e-14	0.497636388337976	0.521	0.432	6.93642122467863e-10	c4	HMOX2
2.11471287157321e-14	0.254062398080844	0.855	0.796	7.12531354947877e-10	c4	UQCR11
2.14024382913111e-14	0.343610883626917	0.964	0.946	7.21133755787437e-10	c4	RPS26
2.49372284252771e-14	1.83048385608238	0.043	0.015	8.40234974561287e-10	c4	NR5A2
2.59926233102713e-14	0.458605891632023	0.463	0.363	8.75795449816282e-10	c4	MRPL34
2.80626839255056e-14	0.921247430795398	0.136	0.077	9.45544072185987e-10	c4	CSNK1E
2.87793927441277e-14	0.427253295808202	0.506	0.401	9.69692859120639e-10	c4	INPP4B
2.91077920012813e-14	0.546392546253664	0.266	0.18	9.80757943691172e-10	c4	ACTA2
2.94605792508208e-14	1.07995139745917	0.093	0.046	9.92644757277155e-10	c4	MIR222HG
3.11005813888173e-14	0.497568516668546	0.354	0.257	1.04790298931481e-09	c4	SMC3
3.27496729587487e-14	0.562532468778085	0.311	0.22	1.10346748067208e-09	c4	PNKP
3.38237274341732e-14	2.59801567468134	0.018	0.004	1.13965667216703e-09	c4	CTD-2015H6.3
3.56565165856369e-14	0.376909519721821	0.586	0.493	1.20141066983645e-09	c4	CSK
3.86278321996467e-14	1.10427204849081	0.101	0.052	1.3015261781349e-09	c4	LYL1
3.88778094946857e-14	0.695115174874156	0.273	0.191	1.30994891311394e-09	c4	NUP58
3.97755417595039e-14	0.456010343991782	0.466	0.363	1.34019710404473e-09	c4	PHYKPL
4.04695299024213e-14	0.351544410988444	0.568	0.464	1.36358034053218e-09	c4	DNPH1
4.07814035883554e-14	0.239870122580931	0.875	0.833	1.37408861250605e-09	c4	SKP1
4.30675679729174e-14	0.456750131236397	0.317	0.22	1.45111863527948e-09	c4	SERINC5
4.55468847178385e-14	0.301481570819828	0.76	0.68	1.53465673368285e-09	c4	LCP2
4.60897425906521e-14	0.210422441654014	0.899	0.864	1.55294778684943e-09	c4	GMFG
4.80226787192077e-14	0.429180844795392	0.486	0.386	1.61807613676498e-09	c4	GPI
5.27060572754074e-14	0.185216376326676	0.943	0.922	1.77587789383758e-09	c4	OST4
5.55045715096831e-14	0.724073396687656	0.199	0.127	1.87017103244726e-09	c4	CD79B
5.58700952128399e-14	0.585731200254131	0.219	0.142	1.88248698810143e-09	c4	STAM
6.52592599452145e-14	0.541087358633027	0.289	0.201	2.19884550459406e-09	c4	PYM1
6.55822525422809e-14	0.537432621026406	0.353	0.261	2.20972841715961e-09	c4	SMIM19
7.01568393354131e-14	2.15305147408451	0.025	0.006	2.36386454456741e-09	c4	BFSP2-AS1
7.06132851972623e-14	1.74503307196806	0.037	0.012	2.37924403143655e-09	c4	KB-173C10.1
8.00962312183223e-14	0.242608294731573	0.798	0.729	2.69876241467015e-09	c4	CIB1
8.79611409660941e-14	0.559846690022551	0.278	0.192	2.96376268371157e-09	c4	ECHDC2
8.93384362834676e-14	0.778703822819172	0.174	0.108	3.01016927213516e-09	c4	ARL3
9.05985452051246e-14	0.339478798943705	0.671	0.587	3.05262738214147e-09	c4	APBB1IP
9.49832767116329e-14	0.230368077531546	0.776	0.662	3.20036652552176e-09	c4	RGS1
9.64937450433198e-14	0.467476991120391	0.446	0.354	3.25126024548962e-09	c4	NUTF2
1.06905182642532e-13	1.2006328354457	0.105	0.056	3.60206322395748e-09	c4	XXYLT1
1.08746267694229e-13	0.343596169444062	0.671	0.583	3.66409674368935e-09	c4	EMB
1.10078318499287e-13	0.48763858749671	0.262	0.176	3.70897886351498e-09	c4	C1orf162
1.14207005162456e-13	2.43519224355656	0.018	0.004	3.84809083194379e-09	c4	RP11-466A19.1
1.14660431870019e-13	1.42593695192315	0.06	0.026	3.86336859142842e-09	c4	AZIN1-AS1
1.20547287301658e-13	1.48506287848825	0.035	0.011	4.06172029834205e-09	c4	ATP9A
1.21670346017174e-13	0.266339834719915	0.807	0.746	4.09956063870266e-09	c4	UQCR10
1.55964348926311e-13	0.310307976807497	0.657	0.571	5.25506277272314e-09	c4	ZAP70
1.70830376587222e-13	0.350480919015743	0.572	0.467	5.75595870872987e-09	c4	PBXIP1
1.83308323243044e-13	1.39543914010369	0.055	0.023	6.17639064335113e-09	c4	NIPAL2
1.84304974393467e-13	2.14280369348185	0.018	0.004	6.20997180721346e-09	c4	RP11-73M14.1
2.09223581448876e-13	2.31844088559522	0.02	0.005	7.04957935333842e-09	c4	SOCS6
2.22169095972521e-13	0.809045888978051	0.154	0.092	7.48576551969814e-09	c4	PRR5L
2.34795235342345e-13	0.399529737644457	0.501	0.397	7.91119065962498e-09	c4	SDF4
2.41187288325474e-13	0.552627015902729	0.299	0.215	8.12656449283851e-09	c4	COA6
2.48112632564957e-13	0.504412990477426	0.349	0.258	8.35990704164366e-09	c4	CHD3
2.50913037946313e-13	0.504950809469608	0.383	0.295	8.45426390056307e-09	c4	TADA3
2.66300461242341e-13	0.862606381660337	0.146	0.086	8.97272774109944e-09	c4	HACD2
2.69498338047092e-13	0.641671150031165	0.214	0.141	9.08047700215873e-09	c4	GPR137B
2.69769582069599e-13	0.408751567585553	0.524	0.428	9.08961629825306e-09	c4	PARP1
2.78654426974064e-13	0.617672052771545	0.248	0.169	9.38898226246411e-09	c4	CFAP36
2.81203781457424e-13	0.460857454110898	0.401	0.308	9.47488021242646e-09	c4	XIST
2.8257878442344e-13	0.369328087805247	0.503	0.4	9.52120956236338e-09	c4	MRPS34
2.91688564389252e-13	0.164170321680249	0.943	0.933	9.82815448853147e-09	c4	ATP5L
3.15002172591417e-13	1.20746502878489	0.067	0.03	1.06136832032952e-08	c4	MYEF2
3.23823591610953e-13	0.448983285334311	0.443	0.352	1.09109120957395e-08	c4	RBBP4
3.52546679164377e-13	0.666456103300584	0.234	0.158	1.18787078077645e-08	c4	TMEM216
3.656698273381e-13	0.7723779638623	0.165	0.101	1.23208791623299e-08	c4	CEACAM21
4.19148105624288e-13	0.197221965833768	0.921	0.896	1.41227762709047e-08	c4	YWHAB
4.45789602552314e-13	0.468902094858344	0.377	0.284	1.50204348683977e-08	c4	SSBP4
4.75665359492442e-13	0.376462369089402	0.476	0.378	1.60270686227383e-08	c4	GRSF1
5.73787210246702e-13	0.634693357955619	0.249	0.172	1.93331862620524e-08	c4	RHNO1
5.91392312285609e-13	0.275808495681163	0.738	0.63	1.99263725701513e-08	c4	EID1
6.122128980361e-13	0.240433381822473	0.816	0.738	2.06279013864284e-08	c4	ATP5D
6.13556481142504e-13	2.26396739713098	0.022	0.006	2.06731720756155e-08	c4	SLCO5A1
6.31575091621586e-13	3.08415768805543	0.012	0.002	2.12802911370977e-08	c4	DMD
7.25599993113749e-13	0.413281227767022	0.483	0.383	2.44483661679747e-08	c4	MEA1
7.50403149117524e-13	0.151549042201829	0.971	0.956	2.52840837063659e-08	c4	COX4I1
8.61526755632307e-13	2.17961912722513	0.022	0.005	2.9028282504275e-08	c4	RP13-726E6.2
8.73933450049827e-13	0.606932377324034	0.228	0.153	2.94463136659789e-08	c4	ZC3H8
8.92423826658221e-13	0.900301294839949	0.121	0.069	3.00693284154221e-08	c4	GEM
8.94461934292134e-13	0.608911584129083	0.235	0.159	3.01380004140392e-08	c4	USF2
9.08139559843706e-13	0.672534262005012	0.196	0.126	3.05988543293738e-08	c4	ZNF862
9.21776579494438e-13	0.87800469318317	0.145	0.087	3.10583400694856e-08	c4	NAALADL1
9.33826928932028e-13	0.421101747979716	0.429	0.336	3.14643645434357e-08	c4	ZNF292
9.57181511583435e-13	2.85630877086874	0.017	0.004	3.22512738512923e-08	c4	IL10RB-AS1
1.00840382018136e-12	1.76756607195964	0.046	0.018	3.39771583171908e-08	c4	BBS12
1.14347751809719e-12	0.208648836992084	0.879	0.841	3.85283314947668e-08	c4	COX6B1
1.1714937376503e-12	0.353604571050453	0.604	0.508	3.94723099963894e-08	c4	TBCB
1.17437930792512e-12	0.718974542470565	0.217	0.146	3.95695364012291e-08	c4	RHOC
1.23834570322212e-12	0.309198154677325	0.605	0.507	4.17248201243662e-08	c4	MRPL57
1.46887126787197e-12	1.35992671252173	0.051	0.021	4.94921484996781e-08	c4	CARD6
1.74989816389389e-12	0.366524825487237	0.74	0.673	5.89610687342408e-08	c4	CD247
1.77284212020906e-12	0.333508562032366	0.672	0.581	5.97341423983241e-08	c4	NDUFV2
1.87443857936142e-12	0.398975048660234	0.529	0.443	6.31573334930038e-08	c4	ELOVL5
1.95154767273183e-12	0.508058652703895	0.374	0.288	6.57554472850262e-08	c4	TMPO
1.96928564445995e-12	0.324856890439543	0.629	0.545	6.63531105044337e-08	c4	TNFAIP8
1.99528362808311e-12	0.557752718763869	0.283	0.202	6.72290865646324e-08	c4	PXN
2.10186094157216e-12	1.91632884175843	0.026	0.008	7.08201025653324e-08	c4	RP11-431M7.3
2.22739998790624e-12	0.523355518895549	0.312	0.228	7.50500151925129e-08	c4	USP4
2.27900199815088e-12	1.5599192039028	0.073	0.035	7.67886933256956e-08	c4	TRAV23DV6
2.29632564821807e-12	0.275087497942276	0.706	0.631	7.73723963910596e-08	c4	LRRFIP1
2.6953489003883e-12	0.906826783768987	0.12	0.068	9.08170858496833e-08	c4	CTSH
2.83580784457514e-12	0.764741459249678	0.128	0.073	9.55497095151148e-08	c4	RP11-1000B6.3
2.83986930072403e-12	0.371375405884095	0.535	0.445	9.56865562185954e-08	c4	JAK3
3.01089406349223e-12	0.805388707991645	0.149	0.091	1.01449064575307e-07	c4	DIP2B
3.22303513044547e-12	1.25621731905396	0.064	0.029	1.0859694568523e-07	c4	RP6-91H8.3
3.36623147603771e-12	0.588442631635275	0.356	0.272	1.13421803353615e-07	c4	ADSL
3.63001733076826e-12	0.29942421518935	0.652	0.572	1.22309803942906e-07	c4	ETS1
3.63916594837895e-12	0.39514444811389	0.473	0.379	1.2261805746468e-07	c4	GATA3
3.65292770366644e-12	0.55931587720251	0.286	0.207	1.23081746047337e-07	c4	CTBS
3.74638752447031e-12	0.36509463980614	0.51	0.404	1.26230781249503e-07	c4	HN1
3.89443898203382e-12	0.57297833735883	0.239	0.165	1.31219227060647e-07	c4	CEP85L
4.17214020767837e-12	2.07105098530718	0.02	0.005	1.40576092157515e-07	c4	FILIP1L
5.22164992463064e-12	0.310264562948826	0.631	0.543	1.75938272560505e-07	c4	NAP1L1
5.4303417031485e-12	0.471401663630616	0.438	0.358	1.82969933345886e-07	c4	SMAP2
5.89357329773174e-12	1.31563879347533	0.051	0.022	1.98578058693773e-07	c4	FAM13A
6.23095796883865e-12	2.37755304672366	0.012	0.002	2.09945897802049e-07	c4	FGFR2
6.30382500774635e-12	1.37274400508386	0.051	0.021	2.12401079811006e-07	c4	PLXND1
6.69335048044801e-12	1.03652622350185	0.059	0.027	2.25525751088215e-07	c4	RP11-121P12.1
6.92360498163433e-12	0.687750051375332	0.173	0.11	2.33283946251187e-07	c4	MTMR6
6.96003901236131e-12	0.867487861958351	0.094	0.05	2.34511554482502e-07	c4	MBOAT1
7.43865106910724e-12	1.02364544456009	0.08	0.04	2.50637909122499e-07	c4	CDK5R1
7.51407700254851e-12	1.02086857430307	0.075	0.036	2.5317931052387e-07	c4	EEPD1
7.73787454476133e-12	0.143062784218763	0.982	0.975	2.60719944911188e-07	c4	TMA7
8.68804387458124e-12	0.643316380135746	0.193	0.128	2.9273495031014e-07	c4	VEZT
9.57581036760365e-12	0.30967711082141	0.649	0.57	3.22647354526037e-07	c4	C14orf166
9.65962127082621e-12	0.242197182809051	0.78	0.707	3.25471279099218e-07	c4	ATP5G3
1.023011002905e-11	0.370146942512587	0.399	0.308	3.44693327318811e-07	c4	TRAF1
1.12614294969062e-11	0.115637298178212	0.997	0.994	3.79442605468759e-07	c4	EIF1
1.14491073154479e-11	0.386940648202217	0.474	0.38	3.85766221886701e-07	c4	ALKBH7
1.15189076531675e-11	0.351909808530521	0.548	0.46	3.88118074465825e-07	c4	NDUFB1
1.17892630789603e-11	0.376354502318313	0.534	0.448	3.97227430182489e-07	c4	POLR2E
1.18197477317304e-11	1.23334484761859	0.079	0.04	3.98254580072925e-07	c4	CEP41
1.24116386869208e-11	0.788048758463665	0.138	0.084	4.1819775391711e-07	c4	INPP5F
1.51171172727006e-11	0.255391162120761	0.648	0.557	5.09356149386374e-07	c4	IFI16
1.56612125066658e-11	2.14102976992852	0.019	0.005	5.27688894199598e-07	c4	LGALS9C
1.69352659456684e-11	1.30280266740754	0.068	0.033	5.70616850773352e-07	c4	MIR181A1HG
1.7344477995945e-11	0.476247044464272	0.423	0.339	5.84404841595371e-07	c4	RORA
1.74621510772447e-11	0.517998996394039	0.384	0.308	5.88369718396682e-07	c4	PHPT1
1.74907487653131e-11	0.589838386568718	0.252	0.179	5.89333288898459e-07	c4	RUNX1
1.86704535104122e-11	0.259182179925961	0.441	0.343	6.29082260579828e-07	c4	EPSTI1
1.88753749341163e-11	0.839300934412489	0.13	0.078	6.35986883030115e-07	c4	SLC25A13
1.88906627114993e-11	0.647881227966165	0.185	0.12	6.36501989401259e-07	c4	TBC1D2B
1.90424918812797e-11	0.715715306573941	0.15	0.093	6.41617721447837e-07	c4	MPST
1.92445433579705e-11	1.43889226876025	0.064	0.03	6.48425643903458e-07	c4	CXorf21
1.9902641113617e-11	0.933826779190706	0.103	0.057	6.70599589682212e-07	c4	SGPP2
2.00042705003508e-11	0.543390833590474	0.243	0.171	6.74023890238818e-07	c4	BAD
2.011828459393e-11	0.408547765890721	0.397	0.309	6.77865481107878e-07	c4	TMEM14C
2.03927956234089e-11	0.725913846065245	0.149	0.092	6.87114855735141e-07	c4	OGG1
2.1754173019607e-11	0.298980130407192	0.685	0.605	7.32985105722639e-07	c4	ELF1
2.31268073991083e-11	1.72723814598127	0.027	0.009	7.79234648505554e-07	c4	CAV1
2.38529112721166e-11	0.340091752363056	0.531	0.442	8.03699992402697e-07	c4	AP2M1
2.5181956199863e-11	0.357056558965914	0.551	0.453	8.48480832198185e-07	c4	EIF3I
2.52000581962481e-11	0.441477025469111	0.339	0.255	8.49090760864382e-07	c4	RNF145
2.54050076775084e-11	0.403378460004663	0.456	0.365	8.55996328685966e-07	c4	NKTR
2.67038183878559e-11	0.485641399601438	0.392	0.306	8.99758456760417e-07	c4	AC006129.2
2.67882254240303e-11	0.69603106953016	0.152	0.094	9.02602467437276e-07	c4	TP53BP1
2.93993352355145e-11	0.607621085354629	0.267	0.194	9.90581201425424e-07	c4	PDE4D
3.0726373046259e-11	1.57818682018073	0.034	0.012	1.03529441342065e-06	c4	RP11-119D9.1
3.19879017195019e-11	0.433912613761933	0.409	0.325	1.0778003605369e-06	c4	ATF6B
3.79680685185513e-11	0.664419632213066	0.182	0.121	1.27929610066407e-06	c4	PLIN3
3.91521112240181e-11	0.502749529774524	0.232	0.161	1.31919123558207e-06	c4	MT1E
4.18660250366156e-11	0.764114523219177	0.157	0.1	1.41063384758373e-06	c4	ING5
4.43131112845536e-11	1.13625593837162	0.072	0.036	1.49308597162175e-06	c4	AP000476.1
4.54006572529296e-11	0.834777813185708	0.109	0.063	1.52972974548021e-06	c4	LMCD1
4.79732159015107e-11	0.30697977270698	0.62	0.532	1.6164095365855e-06	c4	TSTD1
4.92150995956774e-11	0.463930405644155	0.287	0.209	1.65825356577676e-06	c4	NPEPPS
5.21733712722454e-11	0.715622802652211	0.115	0.067	1.75792957164704e-06	c4	SRGAP3
5.22295544442012e-11	0.412504881590316	0.37	0.284	1.75982260744292e-06	c4	CRTAP
5.32314323874464e-11	0.28377454839708	0.713	0.646	1.79357988286262e-06	c4	DDX17
5.36859498085959e-11	0.550286794738591	0.25	0.179	1.80889439285083e-06	c4	TBL1XR1
5.71700155436508e-11	1.35394675310757	0.039	0.015	1.92628650372777e-06	c4	PLAT
5.76870452252115e-11	0.574904323574376	0.23	0.161	1.94370730181828e-06	c4	ZEB1
5.97160924367999e-11	0.620895555240926	0.191	0.127	2.01207401856554e-06	c4	SUZ12
6.10588293747785e-11	1.4063831221605	0.042	0.017	2.05731619695379e-06	c4	ADAMTS10
6.18941560360602e-11	1.03659883049814	0.099	0.056	2.08546169347901e-06	c4	ARHGAP10
6.26754533377327e-11	1.47444425131237	0.037	0.014	2.11178672476157e-06	c4	NHLRC4
6.43367353785042e-11	0.366238394208992	0.491	0.402	2.16776196184332e-06	c4	C7orf73
6.44163698895999e-11	0.235286529518819	0.774	0.72	2.17044516706018e-06	c4	HIGD2A
6.80526750798049e-11	0.338710978088781	0.55	0.465	2.29296683413895e-06	c4	AUP1
6.98516350048921e-11	0.319024712446286	0.692	0.624	2.35358098985484e-06	c4	NDUFB2
7.16746109230962e-11	0.201704002563951	0.85	0.817	2.4150043404428e-06	c4	CALM2
7.2025842473007e-11	0.80712258363608	0.179	0.12	2.4268387362855e-06	c4	MAP1LC3A
7.52157794955385e-11	0.86968323493432	0.094	0.052	2.53432047432268e-06	c4	ENTPD1
8.53070858729093e-11	0.463217503291343	0.351	0.269	2.87433695140181e-06	c4	YIPF3
8.74339370149141e-11	1.87100664852952	0.032	0.011	2.94599907378051e-06	c4	DHCR24
8.82897270388274e-11	0.424377153796673	0.348	0.266	2.97483406284625e-06	c4	CDIPT
9.61294453795034e-11	0.90862719201911	0.121	0.073	3.23898553261699e-06	c4	MAGEF1
9.87128619648238e-11	1.15266724779582	0.063	0.03	3.32603117104277e-06	c4	NFIA
1.04306724629177e-10	0.438846008390709	0.292	0.214	3.5145107796555e-06	c4	TSPAN5
1.05506612131398e-10	0.340877397002879	0.559	0.478	3.55493978915534e-06	c4	OXA1L
1.09092513747298e-10	2.77774202003108	0.012	0.002	3.67576315820144e-06	c4	FGD4
1.11834978299515e-10	0.477098109919082	0.322	0.245	3.76816775882386e-06	c4	PFKL
1.13040632797938e-10	0.717980172756461	0.117	0.069	3.80879108149373e-06	c4	STK39
1.14438061016327e-10	0.235681689954345	0.746	0.672	3.85587602788411e-06	c4	TRAPPC1
1.15106072419366e-10	0.465675903317311	0.338	0.258	3.8783840040981e-06	c4	STT3B
1.16475707871047e-10	2.7113783036119	0.011	0.002	3.92453250100705e-06	c4	MME
1.1994406927831e-10	0.641737200491398	0.223	0.156	4.04139547026339e-06	c4	NPAT
1.29034940256507e-10	0.657802073835011	0.217	0.151	4.34770327700275e-06	c4	SCYL1
1.35150503679384e-10	0.154241366195782	0.933	0.908	4.55376107097317e-06	c4	CHCHD2
1.36480191060677e-10	0.339447965547553	0.582	0.503	4.59856355759846e-06	c4	TRBC1
1.39250182173281e-10	0.679995224990463	0.144	0.09	4.69189563814654e-06	c4	CHST7
1.40431702356207e-10	0.342493187157804	0.513	0.419	4.73170577919005e-06	c4	PRKAR1A
1.42157361985953e-10	0.389908861798756	0.46	0.377	4.78985015475471e-06	c4	WASF2
1.42805499978824e-10	0.613997544150383	0.216	0.15	4.81168851628649e-06	c4	ATP6V1D
1.43286175488406e-10	0.491765964037105	0.283	0.208	4.82788439690637e-06	c4	FLII
1.44244527762061e-10	0.770069801203011	0.132	0.081	4.86017511841488e-06	c4	BAG3
1.44785903433293e-10	0.74991900645918	0.12	0.072	4.87841623028138e-06	c4	CASS4
1.47295449617666e-10	0.354854242807831	0.453	0.363	4.96297287941765e-06	c4	DNAJC15
1.54007796560716e-10	1.64973929646082	0.028	0.009	5.18913869731677e-06	c4	TIMP2
1.65177409287782e-10	0.800925152831588	0.116	0.068	5.56548762854254e-06	c4	C8orf82
1.67787605165147e-10	0.311559402731815	0.571	0.478	5.65343556843446e-06	c4	SELT
1.69972227921159e-10	0.366470003958778	0.445	0.357	5.72704424757555e-06	c4	SPTAN1
1.79343546737121e-10	0.562078382837176	0.173	0.113	6.04280146376054e-06	c4	NCOA1
1.79504971494341e-10	0.85723737982093	0.117	0.07	6.04824050953033e-06	c4	ARSG
1.85602776824677e-10	0.373693044425303	0.456	0.368	6.25369996233067e-06	c4	MPC2
2.02726889173885e-10	0.432064653955259	0.31	0.23	6.83067980382488e-06	c4	WBP1
2.06952412385284e-10	0.370951928972242	0.692	0.647	6.97305458290977e-06	c4	CCND3
2.07624807714265e-10	0.427779808186398	0.384	0.302	6.99571027112445e-06	c4	DNAJB14
2.12398585875088e-10	0.782392415777809	0.148	0.094	7.15655795247522e-06	c4	LTBP3
2.1902100089059e-10	2.2528877844671	0.016	0.004	7.37969360400755e-06	c4	GAL3ST2
2.19464781641835e-10	0.421211783245617	0.4	0.319	7.39464635264e-06	c4	PPP1R7
2.30679703685075e-10	0.254197290708562	0.75	0.666	7.77252193596491e-06	c4	ARPC1B
2.51798802398397e-10	0.142395929817157	0.853	0.806	8.48410884801159e-06	c4	HMGN2
2.58482598037069e-10	0.486943028645998	0.171	0.111	8.70931265826099e-06	c4	FBLN5
2.70085492783812e-10	0.554499676965917	0.227	0.161	9.10026059385775e-06	c4	AGPAT2
2.7359912738489e-10	0.231051451294445	0.764	0.71	9.2186489981065e-06	c4	UQCRH
2.79779777498440e-10	0.314702326909599	0.571	0.492	9.42689982303242e-06	c4	ARGLU1
2.81175438726546e-10	0.701868065421055	0.115	0.068	9.47392523245223e-06	c4	PITPNM1
2.84844085138699e-10	0.709013962419565	0.16	0.104	9.59753660466333e-06	c4	PHF19
2.87379525940331e-10	0.382853789256812	0.473	0.392	9.68296574703351e-06	c4	CHMP2A
3.01335158363271e-10	0.775135609677237	0.123	0.074	1.0153186825892e-05	c4	PAQR8
3.06667706382161e-10	0.567496858021904	0.238	0.17	1.03328616988405e-05	c4	STK16
3.31315861152726e-10	0.430697919950968	0.36	0.281	1.116335662568e-05	c4	ACADVL
3.41500571699514e-10	0.344673146976493	0.555	0.465	1.15065202628434e-05	c4	BANF1
3.57145491344205e-10	0.496014870167246	0.296	0.222	1.20336601853516e-05	c4	SLC4A7
3.62429834517872e-10	0.376060488950045	0.461	0.38	1.22117108442452e-05	c4	MRPL52
3.98438862147106e-10	1.40841217527417	0.038	0.015	1.34249990211846e-05	c4	CES4A
4.25527097631272e-10	0.628450306541287	0.18	0.12	1.43377100275881e-05	c4	GLMP
4.28318351660273e-10	0.203538148123153	0.837	0.778	1.44317585408412e-05	c4	GPSM3
4.43071608002744e-10	0.477196255298462	0.308	0.233	1.49288547600445e-05	c4	CCDC28A
4.46782449527419e-10	0.44331334496876	0.192	0.131	1.50538878543768e-05	c4	LTA
4.49637469472645e-10	0.307543117023417	0.563	0.477	1.51500848964113e-05	c4	GDI2
4.49995632311502e-10	0.413135467375187	0.44	0.36	1.51621528351037e-05	c4	GNAI2
4.50115542198969e-10	1.14021454180806	0.079	0.042	1.51661930788521e-05	c4	HS2ST1
4.52153243961311e-10	0.349393617643728	0.424	0.338	1.52348514020324e-05	c4	TMEM256
4.7924428618762e-10	0.571949800762007	0.233	0.167	1.61476569788057e-05	c4	ATXN1
4.83967005106322e-10	0.432399876051999	0.398	0.319	1.63067842700524e-05	c4	STAT4
4.94827108372757e-10	0.234827668116334	0.726	0.655	1.66727045895117e-05	c4	HNRNPA3
5.09569565484547e-10	1.90046935829479	0.022	0.006	1.71694369394363e-05	c4	PCBP3
5.34326960413128e-10	0.432322952328881	0.262	0.188	1.80036126041599e-05	c4	LPAR6
5.43401862467635e-10	0.240332949381315	0.748	0.677	1.83093823539845e-05	c4	CUTA
5.5251006043921e-10	1.59906021930617	0.03	0.011	1.86162739764388e-05	c4	MTUS1
5.6949750023425e-10	0.404511194630511	0.299	0.221	1.91886487728928e-05	c4	FBXO32
5.91412125237832e-10	0.841177773970678	0.1	0.058	1.99270401477635e-05	c4	INF2
6.61574438433542e-10	0.504820276468884	0.26	0.189	2.22910891285798e-05	c4	MDFIC
6.81210180640594e-10	0.542723319089739	0.233	0.167	2.29526958265042e-05	c4	CAT
7.54873187183071e-10	0.47176717453123	0.291	0.217	2.54346971689464e-05	c4	ERCC1
7.68681609431902e-10	0.607448306385118	0.201	0.139	2.58999581481985e-05	c4	TIPARP
7.73332845895679e-10	2.64519615272455	0.01	0.002	2.6056676909609e-05	c4	DMRT2
7.79687628270666e-10	0.848856466544638	0.098	0.056	2.62707949469518e-05	c4	LRRC8B
7.80287757128066e-10	0.35217709372781	0.473	0.388	2.62910156886731e-05	c4	AP2S1
7.8127897097926e-10	0.456080906966011	0.221	0.156	2.63244136481752e-05	c4	LGALS9
8.04389702495446e-10	0.477824449472309	0.296	0.224	2.71031066358815e-05	c4	UBTF
8.06621448861301e-10	0.784091804291652	0.11	0.065	2.71783030979327e-05	c4	PLCL2
8.0989347298401e-10	0.497835742802748	0.193	0.131	2.72885506787233e-05	c4	FAAH2
8.40133904530348e-10	1.30223505522891	0.05	0.023	2.83074717792456e-05	c4	TMEM53
8.40852874706815e-10	0.495979987607447	0.217	0.152	2.83316967603714e-05	c4	IKBKB
8.86549202335768e-10	0.393769643557873	0.352	0.271	2.98713888235014e-05	c4	SMS
9.3445801939738e-10	0.49134256139906	0.272	0.201	3.14856285055753e-05	c4	GRHPR
9.65486820174026e-10	0.467912504001942	0.293	0.219	3.25311129189436e-05	c4	SIRT7
9.71640316673823e-10	1.04067734135873	0.063	0.031	3.27384488300078e-05	c4	DISC1
1.00162514032236e-09	0.326727301959066	0.548	0.47	3.37487574780217e-05	c4	TMEM219
1.03674706100709e-09	0.530610124758678	0.227	0.162	3.49321554735728e-05	c4	CBX5
1.14794144096356e-09	0.586954230408241	0.21	0.148	3.86787389118262e-05	c4	ADARB2
1.21260948192492e-09	2.26718402546663	0.014	0.003	4.08576638839783e-05	c4	LINC00271
1.21505421573945e-09	0.428905439816992	0.311	0.235	4.09400367451251e-05	c4	NUMA1
1.2500799499035e-09	0.330072136852326	0.468	0.383	4.21201938320486e-05	c4	COPZ1
1.25829291057923e-09	1.8221744879974	0.022	0.007	4.23969213290566e-05	c4	NPTXR
1.34478510355329e-09	0.188475063548144	0.963	0.954	4.53111892791246e-05	c4	LAPTM5
1.35809414948867e-09	1.54755510030518	0.039	0.016	4.57596242728713e-05	c4	UST
1.36278146299374e-09	0.663735369579669	0.131	0.082	4.59175586141112e-05	c4	UNG
1.39632427286054e-09	0.302891318615737	0.465	0.375	4.7047750049763e-05	c4	SUSD3
1.42611134915686e-09	1.43762191570898	0.041	0.017	4.80513957984913e-05	c4	CDK14
1.48167058482406e-09	0.269140020629176	0.661	0.574	4.99234086850618e-05	c4	WAS
1.49428015090387e-09	0.632859747394177	0.143	0.091	5.03482754045549e-05	c4	TRERF1
1.69882293264436e-09	0.46110690718821	0.333	0.26	5.72401398925191e-05	c4	BTG3
1.79492422815702e-09	0.62931802189809	0.154	0.101	6.04781769435226e-05	c4	MAP3K5
1.82631049371295e-09	0.30028147212022	0.412	0.324	6.1535705775164e-05	c4	ARAP2
1.87136844964764e-09	0.44061558721973	0.305	0.232	6.30538885424275e-05	c4	GPR108
1.88995214361884e-09	0.168063533798295	0.903	0.862	6.36800475270933e-05	c4	UBL5
1.9202979326783e-09	0.427576581048226	0.262	0.191	6.47025185436628e-05	c4	TP53TG1
2.04492615761579e-09	0.701011866689561	0.12	0.074	6.89017419547066e-05	c4	ASAP1
2.05086169060844e-09	3.38180142935552	0.01	0.002	6.91017338033606e-05	c4	RP11-443B7.1
2.05499635597824e-09	0.294089210396863	0.579	0.499	6.9241047218331e-05	c4	ROMO1
2.06929121482318e-09	0.39534622489299	0.436	0.362	6.97226981922522e-05	c4	UQCRC2
2.15329085175795e-09	0.284636639601376	0.591	0.509	7.25529819591324e-05	c4	ANAPC11
2.15531955716873e-09	0.40306314399594	0.583	0.508	7.26213371592432e-05	c4	BAX
2.23446376315363e-09	0.281117699584999	0.609	0.521	7.52880220356983e-05	c4	NDUFC1
2.24549020475712e-09	0.410967895634971	0.333	0.259	7.56595469590863e-05	c4	ECHS1
2.25556787559013e-09	0.287279771306235	0.53	0.442	7.59991040001338e-05	c4	SCP2
2.30605483337088e-09	0.245421458629545	0.66	0.583	7.77002115555986e-05	c4	LSM7
2.38643628537378e-09	1.18064152456106	0.043	0.019	8.0408584199384e-05	c4	CTD-2017F17.2
2.42735252573315e-09	0.588860020129783	0.173	0.118	8.17872160020527e-05	c4	LYRM4
2.44244572330382e-09	0.857181368851329	0.124	0.078	8.22957662009989e-05	c4	AGPAT5
2.48975811123286e-09	0.78857622849184	0.119	0.074	8.38899097998799e-05	c4	MTM1
2.49459558335241e-09	0.571735076717679	0.175	0.119	8.40529035854761e-05	c4	PIKFYVE
2.59954223887651e-09	1.63956224276622	0.033	0.013	8.7588976196705e-05	c4	C1orf198
2.68266958635534e-09	0.931750691379463	0.079	0.043	9.03898690426568e-05	c4	RFNG
2.83332120738321e-09	1.09635485298473	0.059	0.029	9.54659247615698e-05	c4	MPZL1
2.89188268263347e-09	0.713238878150085	0.127	0.08	9.74390951086521e-05	c4	PIK3C2A
2.91226052435458e-09	0.295097252309424	0.553	0.471	9.81257061076033e-05	c4	RAB11B
2.93437557900778e-09	0.908819155259992	0.085	0.048	9.88708507590882e-05	c4	TRIM32
2.95469941865363e-09	0.973094592213685	0.097	0.057	9.95556422121155e-05	c4	C1orf216
2.97493798343201e-09	0.611133585192515	0.168	0.112	0.000100237560413758	c4	CCR4
3.01700763632013e-09	1.9308867683601	0.017	0.005	0.000101655055298171	c4	ESR1
3.03894698389119e-09	0.606137569392238	0.208	0.149	0.00010239427967523	c4	ARMCX6
3.04993341900084e-09	0.500686212046677	0.222	0.159	0.000102764456619814	c4	PDZD11
3.16055089876568e-09	1.83576175370387	0.027	0.01	0.000106491601983011	c4	MEST
3.18827548354471e-09	2.81322961976426	0.014	0.004	0.000107425754142556	c4	ALOX5
3.32884013385659e-09	0.655381029479731	0.185	0.128	0.000112161939470164	c4	ADPRM
3.38677562684089e-09	0.526771693150563	0.315	0.243	0.000114114017970777	c4	UBE2E3
3.39689408854622e-09	0.24587978981615	0.659	0.574	0.000114454949419476	c4	DYNLRB1
3.39722027826252e-09	0.441620895402944	0.307	0.234	0.000114465940055778	c4	CLINT1
3.42839949661875e-09	1.27409705912463	0.043	0.019	0.000115516492639072	c4	BTBD11
3.54712837314089e-09	0.437402140860765	0.391	0.316	0.000119516943404609	c4	PDE3B
3.59450172303256e-09	0.970873979892791	0.079	0.044	0.000121113141055859	c4	ZNF738
3.64428236679512e-09	0.353748983289789	0.425	0.342	0.000122790450066795	c4	H2AFY
3.79700808872269e-09	0.981995191740041	0.074	0.04	0.000127936390541422	c4	ITGAV
4.11187036270265e-09	0.337748547501131	0.432	0.347	0.000138545360000903	c4	ITGAL
4.13114447354767e-09	1.36099464464293	0.043	0.019	0.000139194781891715	c4	KANK3
4.23183661088179e-09	0.553578029951091	0.262	0.197	0.000142587502767051	c4	TRAF5
4.27048390360551e-09	0.141774825461812	0.965	0.962	0.000143889684648084	c4	COX7C
4.50385899845182e-09	0.415436576646419	0.273	0.203	0.000151753025093836	c4	CRTC3
4.50741180316111e-09	1.36410496770627	0.051	0.024	0.00015187273329571	c4	SLC31A2
4.59749421138188e-09	1.09729425172952	0.059	0.029	0.000154907969958301	c4	FKBP1C
4.75438559852479e-09	1.38098023176173	0.031	0.012	0.000160194268356694	c4	CLEC7A
4.7644562312279e-09	0.10803201613582	0.986	0.967	0.000160533588254993	c4	RPL4
4.86299421873138e-09	0.470116475102053	0.261	0.193	0.000163853727205935	c4	SLC7A6
5.20217947623945e-09	0.610968766565413	0.165	0.111	0.000175282235272412	c4	BZRAP1-AS1
5.52858986989694e-09	0.431225278870476	0.316	0.242	0.000186280307076307	c4	STRA13
5.72814527805149e-09	0.214298325480621	0.783	0.742	0.000193004126998667	c4	UBXN1
5.7440489136943e-09	0.825862550697748	0.124	0.078	0.000193539984098016	c4	CIDEB
5.81176393635474e-09	0.420690756981886	0.315	0.243	0.000195821574071537	c4	PPP4R2
5.95721688810681e-09	0.245332243460434	0.551	0.463	0.000200722465827871	c4	PDIA6
6.46052723092065e-09	0.209488806710922	0.787	0.732	0.00021768100451864	c4	TMEM258
6.48209458488082e-09	0.431729954651546	0.357	0.283	0.000218407694942974	c4	EPS15
6.58184711825692e-09	0.220079380640976	0.823	0.772	0.000221768756802549	c4	HNRNPK
6.67815161004908e-09	0.239303016131609	0.673	0.595	0.000225013640348994	c4	NDUFB9
6.69719481654289e-09	0.369992572954639	0.431	0.354	0.000225655282148596	c4	TANK
6.94610276098792e-09	0.525016952793159	0.239	0.176	0.000234041986428727	c4	NUP50
7.18033270610893e-09	0.120116396094192	0.957	0.95	0.000241934130199634	c4	EEF2
7.32683406536346e-09	0.311889051287936	0.528	0.452	0.000246870346998356	c4	CLTA
7.40832897540385e-09	0.498502571327973	0.217	0.155	0.000249616236497257	c4	NHLRC3
7.43134132123456e-09	0.379577018755111	0.335	0.261	0.000250391614477677	c4	TCIRG1
7.45182303583894e-09	0.342490106779504	0.435	0.356	0.000251081725369557	c4	DBNL
7.86845139854492e-09	1.76723958941263	0.015	0.004	0.000265119601422573	c4	CD34
8.03923452229632e-09	0.593601662095555	0.177	0.122	0.000270873967994252	c4	C11orf49
8.4047050322889e-09	0.413635678608489	0.288	0.218	0.000283188131357942	c4	FKBP3
8.46626460581818e-09	0.231821769567878	0.822	0.788	0.000285262319628438	c4	SON
8.55072961283082e-09	0.835030125052745	0.087	0.05	0.000288108283574722	c4	TNFRSF10B
8.58516372625405e-09	0.209276248307243	0.713	0.645	0.000289268506592404	c4	N4BP2L2
9.16343186064243e-09	0.640130242447452	0.144	0.096	0.000308752673112486	c4	ORAI3
9.37397901079023e-09	0.416920075942335	0.326	0.254	0.000315846848789566	c4	LYPLA1
9.49792342492956e-09	0.42193564881688	0.303	0.232	0.000320023031879577	c4	SYNCRIP
9.83621379939846e-09	1.80663125307474	0.024	0.008	0.000331421387756932	c4	EVI5
9.93659678553655e-09	0.318997660552811	0.512	0.436	0.000334803692091869	c4	C1orf43
1.04501930780007e-08	0.515198631105875	0.216	0.157	0.000352108805570154	c4	TMEM60
1.05637648858927e-08	1.74254455933496	0.032	0.013	0.000355935494065269	c4	FZD6
1.06937379830822e-08	0.413113750013409	0.302	0.233	0.000360314807601972	c4	MAZ
1.07778616461256e-08	1.2318185428427	0.065	0.035	0.000363149270304557	c4	CORO1C
1.09951321436782e-08	1.2947456343839	0.047	0.022	0.000370469982449093	c4	AC018816.3
1.11877957766734e-08	0.427820753491745	0.339	0.267	0.000376961590899235	c4	NCK1
1.15605384681862e-08	0.645024551753224	0.158	0.107	0.000389520783147065	c4	CLN5
1.17034829761732e-08	0.306308026722936	0.444	0.367	0.00039433715539918	c4	ARHGEF3
1.20413953899572e-08	0.275570992283871	0.563	0.481	0.000405722776269219	c4	PDCD6
1.23443938109004e-08	0.526042990054843	0.234	0.172	0.000415932005064478	c4	U2AF1L4
1.24223104646394e-08	0.535334619198027	0.191	0.134	0.000418557328795561	c4	MAP3K1
1.25202265131762e-08	0.472744462880276	0.237	0.174	0.00042185651213496	c4	FLYWCH2
1.25946486204488e-08	0.460869259960183	0.254	0.192	0.000424364090617403	c4	TAF10
1.30134432746294e-08	0.750946004305713	0.136	0.09	0.000438474957695364	c4	EMC9
1.31185754085774e-08	1.27897954506314	0.046	0.021	0.000442017279816607	c4	QSOX2
1.31543723670513e-08	0.560449535777599	0.186	0.131	0.000443223422535426	c4	CPT1A
1.32792107570176e-08	1.25199923057138	0.046	0.021	0.000447429727246951	c4	RYR1
1.38550053223747e-08	0.616077869765306	0.145	0.096	0.000466830549332093	c4	SSBP2
1.40424074986217e-08	0.305699779963961	0.463	0.382	0.000473144878258558	c4	GOLGA7
1.40669113155993e-08	0.604508198733902	0.129	0.083	0.000473970509867801	c4	SLC46A3
1.44338331735256e-08	1.83987754925886	0.017	0.005	0.000486333574948772	c4	CTD-2325P2.3
1.52463025190525e-08	0.529554343834013	0.214	0.156	0.000513708917076953	c4	PCBD1
1.56587743507617e-08	0.434749771618203	0.318	0.249	0.000527606742974565	c4	TMEM261
1.56747237881986e-08	1.22402791429075	0.065	0.035	0.000528144143319564	c4	TRIB1
1.57174475332621e-08	0.308290898313942	0.553	0.48	0.000529583677185734	c4	PRPF38B
1.65119338819221e-08	1.74392453240088	0.02	0.006	0.000556353100217483	c4	CNTLN
1.77691757303092e-08	0.280932297336544	0.501	0.412	0.000598714607057039	c4	TRAT1
1.79183060277672e-08	1.43674344302309	0.046	0.022	0.00060373940329959	c4	TIAM2
1.89399472771511e-08	0.381329341056604	0.359	0.285	0.000638162583556328	c4	CNPPD1
1.91854545378787e-08	0.725993178092296	0.127	0.082	0.000646434705199285	c4	PCYT2
1.9761765623705e-08	0.787097316779853	0.071	0.039	0.000665852930925115	c4	DCBLD1
2.02522817402046e-08	0.540834077278267	0.214	0.156	0.000682380380954453	c4	ATP11B
2.02597879524235e-08	1.40005283759043	0.032	0.013	0.000682633295268957	c4	CLEC11A
2.04070741622881e-08	0.199049576629438	0.758	0.71	0.000687595956824136	c4	ANKRD12
2.04762399779234e-08	0.317719768848065	0.45	0.374	0.00068992642981615	c4	ATP6V0E2
2.23577243647376e-08	0.492410211850639	0.168	0.114	0.00075332116474547	c4	CYHR1
2.23982974902451e-08	0.995921009820226	0.047	0.022	0.000754688235636319	c4	NOD2
2.24288545186388e-08	2.11528848308294	0.014	0.003	0.000755717824151017	c4	FAM78B
2.30700157783473e-08	0.279575641696805	0.551	0.47	0.000777321111635633	c4	PSIP1
2.32656581467574e-08	0.44474132603663	0.229	0.168	0.000783913085596843	c4	ING4
2.3844456890611e-08	0.352326704233213	0.365	0.291	0.000803415130472248	c4	GPR171
2.45432607875481e-08	0.494065681718827	0.206	0.149	0.000826960628975647	c4	PLPP5
2.54268630443629e-08	0.392897703341686	0.361	0.29	0.000856732723416765	c4	UFD1L
2.57084270163231e-08	1.17637797441667	0.036	0.016	0.00086621973988799	c4	KCNQ5
2.60098635797666e-08	0.313654194402518	0.522	0.439	0.000876376343456657	c4	ANP32A
2.60508006593011e-08	0.219598191691206	0.66	0.581	0.000877755677414491	c4	CLEC2D
2.69516557906981e-08	0.357683880805695	0.389	0.319	0.000908109090211783	c4	PSMB4
2.74634625036286e-08	0.565168234512324	0.186	0.132	0.000925353905597263	c4	EXOC1
2.78553654447682e-08	0.508753745315913	0.214	0.157	0.000938558683296021	c4	SNAP47
2.81188607306669e-08	0.384485488574071	0.341	0.273	0.000947436893459091	c4	ASNA1
2.92660510840069e-08	0.410606355295381	0.311	0.245	0.000986090325224529	c4	RALGDS
2.94183815467981e-08	0.206854537387771	0.726	0.658	0.000991222947837817	c4	LAMTOR4
2.96010570532508e-08	0.209715264445365	0.744	0.682	0.000997378016352234	c4	C19orf53
3.12372482668853e-08	0.231171983163806	0.689	0.611	0.00105250784310443	c4	ARF5
3.17755914095311e-08	1.46715328386512	0.03	0.012	0.00107064677695274	c4	SERP2
3.32689051395118e-08	0.152259267562054	0.596	0.504	0.00112096248977071	c4	SOCS1
3.34842980697011e-08	0.858220414827211	0.071	0.039	0.00112821993916051	c4	TMEM200A
3.3485141220856e-08	0.709822767046459	0.132	0.087	0.00112824834829552	c4	NFKBIL1
3.36880968149626e-08	0.39482380163175	0.291	0.222	0.00113508673408335	c4	HERC1
3.43688305442502e-08	0.336649474673692	0.376	0.306	0.00115802337635797	c4	SUMF2
3.51660882140881e-08	0.828537714343778	0.083	0.048	0.00118488617628548	c4	IZUMO4
3.52592904006513e-08	0.547797369387871	0.197	0.142	0.00118802653075954	c4	CERS5
3.63641721142228e-08	0.827673446260909	0.095	0.057	0.00122525441521662	c4	NEMP2
3.64348933988829e-08	0.458959755913732	0.25	0.188	0.00122763729818196	c4	TRPT1
3.77757741853871e-08	0.601376476910987	0.133	0.088	0.00127281693540243	c4	DCUN1D1
3.85284500460062e-08	0.505930364470572	0.252	0.193	0.00129817759585013	c4	VHL
3.88860961393675e-08	1.06965208009591	0.05	0.025	0.00131022812331985	c4	PHC2
3.98921239171867e-08	0.456805170460442	0.189	0.134	0.00134412522326569	c4	WDR77
4.00964368416497e-08	0.322487282734135	0.449	0.371	0.00135100934294254	c4	PPCS
4.02497872569938e-08	0.690402044827124	0.112	0.07	0.00135617633183715	c4	SARM1
4.06169071583377e-08	0.15729880119386	0.864	0.804	0.00136854606979303	c4	TPM3
4.06675828872756e-08	0.453162794757562	0.249	0.188	0.00137025353780386	c4	MIIP
4.10473756163266e-08	0.715996788612268	0.092	0.055	0.00138305027401651	c4	MEX3C
4.16702791909022e-08	0.36784776482727	0.351	0.281	0.00140403838705826	c4	FAM50A
4.3803781163277e-08	0.357131404288891	0.548	0.487	0.00147592460251545	c4	CITED2
4.38498675207968e-08	1.00446544798504	0.063	0.034	0.00147747743624573	c4	TNFRSF10D
4.40170934301277e-08	0.421263402387269	0.298	0.231	0.00148311194603472	c4	NUTM2B-AS1
4.41544350935445e-08	0.462840851300628	0.201	0.144	0.00148773953604189	c4	SPON2
4.55501217153979e-08	0.685330966710168	0.144	0.098	0.00153476580107862	c4	CPD
4.65012393217291e-08	0.261651025811499	0.609	0.535	0.00156681275770634	c4	EIF5
4.8917023973602e-08	0.874282595272684	0.04	0.018	0.00164821020576654	c4	TOP2A
4.96670888820648e-08	1.86211114365886	0.025	0.009	0.00167348289279229	c4	RP11-146I2.1
5.04192824689451e-08	1.48287759008071	0.026	0.01	0.00169882730350864	c4	LRRC16A
5.3546006669474e-08	0.741694413102016	0.091	0.055	0.00180417914872126	c4	KLHL42
5.66539328293686e-08	0.378694195116579	0.348	0.279	0.00190889761275275	c4	RAB10
5.78077939663039e-08	0.330006037084394	0.384	0.31	0.00194777580990064	c4	SLBP
5.79646242562e-08	0.372417163677146	0.289	0.222	0.0019530600496884	c4	TDG
5.92272391385346e-08	0.522273473276977	0.229	0.171	0.00199560259553378	c4	EML2
5.94799249853689e-08	0.562251030896673	0.136	0.09	0.00200411659245702	c4	UBE2H
5.94859106184107e-08	1.94751891084112	0.016	0.005	0.00200431827237673	c4	FAM92A1
5.97093104026054e-08	0.684035891973366	0.123	0.08	0.00201184550470539	c4	TOMM34
5.97496569177923e-08	0.822903332349386	0.083	0.049	0.00201320494018809	c4	DUSP6
6.2064851960901e-08	0.539886328413742	0.207	0.152	0.0020912131219706	c4	MKL1
6.29396325141076e-08	0.256813110691127	0.685	0.621	0.00212068797793034	c4	UBE2I
6.31603649228423e-08	0.191749880413598	0.71	0.65	0.00212812533571025	c4	SNU13
6.36062095554735e-08	0.929070731207672	0.056	0.029	0.00214314762476212	c4	ZNF446
6.38232139566494e-08	0.21872319580219	0.636	0.563	0.00215045937105535	c4	RHOG
6.43348596705827e-08	0.266212432100556	0.595	0.518	0.00216769876174061	c4	HP1BP3
6.5663717226551e-08	2.4170938326475	0.01	0.002	0.00221247328823141	c4	LINC00881
6.61827681757551e-08	0.454022145643511	0.278	0.216	0.00222996219091389	c4	ACTR1B
6.68980673927365e-08	0.225947400392641	0.46	0.37	0.00225406348273086	c4	LEF1
6.70767756303372e-08	1.34374261742671	0.015	0.004	0.00226008487808858	c4	KB-1615E4.3
6.95902863434477e-08	0.727253031216704	0.103	0.064	0.00234477510805613	c4	AC003075.4
7.14428417347854e-08	0.233773632090637	0.637	0.562	0.00240719510941186	c4	BSG
7.23777174276848e-08	1.26312688195515	0.033	0.014	0.00243869481100841	c4	FLCN
7.39891090288099e-08	0.418278383830038	0.26	0.198	0.00249298903961672	c4	PPP6R3
7.91843048051531e-08	1.39479509954593	0.025	0.009	0.00266803596610483	c4	NMNAT3
8.22340765792152e-08	0.274870942054675	0.575	0.499	0.00277079497626008	c4	PAK2
8.29728039428787e-08	0.16025201242108	0.894	0.865	0.00279568565605135	c4	RPL23
8.70264071908929e-08	1.57000099184129	0.02	0.007	0.00293226776388995	c4	RGS13
8.87946820743005e-08	0.366292942644624	0.408	0.339	0.00299184801781148	c4	MPG
8.92433683876715e-08	0.154310807802647	0.865	0.829	0.0030069660544542	c4	SSR2
9.38660920798623e-08	0.503305196381077	0.17	0.119	0.00316272410653888	c4	RNF14
9.63739855955549e-08	0.502587794755485	0.19	0.136	0.00324722507065663	c4	UNC45A
1.0216026153707e-07	1.17856055407422	0.043	0.021	0.00344218785223002	c4	NEK3
1.02597383051531e-07	0.241230737600051	0.672	0.605	0.00345691622453829	c4	VPS28
1.04315067568475e-07	0.266977443867332	0.621	0.559	0.00351479188665221	c4	PRDX2
1.04711154145444e-07	0.393134786130053	0.334	0.265	0.00352813762777659	c4	ZMYM2
1.05511894489794e-07	0.523722780277175	0.238	0.181	0.00355511777293912	c4	IL10RB
1.07471741070426e-07	0.300737118709947	0.48	0.411	0.00362115284362692	c4	CSNK1A1
1.09643211713086e-07	0.513464783569626	0.242	0.184	0.0036943183754607	c4	SKA2
1.18236213524403e-07	0.451045917165253	0.238	0.178	0.00398385097849122	c4	MRPS31
1.24900008593138e-07	0.78145172720917	0.101	0.063	0.0042083808895372	c4	FAM89B
1.25082609418759e-07	0.935419426475965	0.057	0.03	0.00421453344175565	c4	ZNF682
1.25244810292634e-07	0.242660221469527	0.612	0.554	0.004219998638	c4	PHB2
1.27731317268236e-07	0.784848863514199	0.103	0.065	0.00430377900403596	c4	SGK223
1.29067624718127e-07	0.931829031085829	0.108	0.07	0.00434880454725257	c4	EPHB6
1.34738679668208e-07	0.371014553448641	0.36	0.295	0.00453988507274062	c4	CHMP7
1.36965110191636e-07	0.296073754238544	0.376	0.302	0.00461490242279699	c4	GALM
1.38082826004317e-07	0.57689940086271	0.176	0.126	0.00465256273938946	c4	ODF2
1.40278608766714e-07	0.837909394698011	0.084	0.051	0.00472654744378564	c4	LY6G5C
1.41442450430899e-07	0.435330585469587	0.281	0.221	0.00476576192481871	c4	MLEC
1.43523665180092e-07	0.36610213904624	0.37	0.303	0.00483588637457803	c4	URM1
1.43598985752034e-07	0.331249214432034	0.33	0.264	0.00483842422592903	c4	GIT2
1.47702459952312e-07	0.615411106537763	0.162	0.114	0.00497668668563321	c4	AD000671.6
1.54721303843166e-07	0.442840579892807	0.267	0.207	0.00521317961169162	c4	MAN2B1
1.55695537888223e-07	0.214363409677483	0.716	0.651	0.00524600545360579	c4	CDC37
1.55814095396161e-07	0.761797404895137	0.087	0.052	0.00525000013027824	c4	TRAF3IP2
1.57954039069855e-07	0.473044994325408	0.254	0.194	0.00532210339241971	c4	MOB3A
1.58601341095297e-07	0.432171991647219	0.325	0.263	0.00534391358686493	c4	NDUFA10
1.59934632476009e-07	0.973088969204295	0.072	0.042	0.00538883750664664	c4	FDXR
1.60062152071453e-07	0.663986525009062	0.104	0.066	0.00539313415189554	c4	ZADH2
1.62694714237813e-07	0.467307626934842	0.164	0.115	0.00548183570152888	c4	MAP4K4
1.63486844734248e-07	0.501560881937518	0.205	0.151	0.00550852574647576	c4	MID1IP1
1.64542856978107e-07	0.289569825182691	0.531	0.463	0.00554410702302032	c4	M6PR
1.68908291148403e-07	0.205459763251428	0.685	0.631	0.0056911959619543	c4	MRPS21
1.74083522992179e-07	0.889916329095888	0.079	0.047	0.00586557022369848	c4	VDR
1.7515314903109e-07	0.622865667002012	0.125	0.083	0.00590161020345355	c4	CNPY2
1.75246510945269e-07	1.69959005083624	0.015	0.005	0.00590475593978989	c4	HECW2
1.75509209690311e-07	0.992270247790119	0.052	0.027	0.00591360731130534	c4	RP11-473M20.9
1.89849228659083e-07	0.156892574580372	0.829	0.795	0.00639677991043915	c4	RAN
1.90908348419009e-07	0.560680816683159	0.187	0.136	0.00643246589163008	c4	HTRA2
1.97020744936582e-07	2.46190878153294	0.01	0.002	0.00663841697989319	c4	DBH
1.9917097896352e-07	0.267879293944747	0.551	0.488	0.00671086696519684	c4	DPP7
2.02623830127778e-07	0.990498588141253	0.063	0.035	0.00682720733232535	c4	ABAT
2.0913199242915e-07	0.761406703527804	0.098	0.062	0.00704649335290777	c4	NAGA
2.09964080095906e-07	0.457963461548311	0.323	0.262	0.00707452971475145	c4	ORMDL3
2.10762947069745e-07	0.442269328129409	0.301	0.238	0.00710144673856799	c4	CAND1
2.15207731199785e-07	0.519923686792215	0.173	0.123	0.00725120929504555	c4	LRRC41
2.18953409010101e-07	0.241374684535289	0.615	0.551	0.00737741616318635	c4	ITK
2.20544105517576e-07	0.478620160895123	0.211	0.159	0.00743101309130919	c4	POGZ
2.29918420532265e-07	0.474931332779376	0.242	0.186	0.00774687126141413	c4	NBN
2.3078697366471e-07	0.620144394601886	0.14	0.096	0.00777613629065874	c4	PHF21A
2.32371732971683e-07	0.170245534855362	0.823	0.782	0.0078295331707479	c4	APRT
2.34764681706354e-07	2.66893075010324	0.01	0.002	0.00791016118541389	c4	STON1
2.43357071409761e-07	1.02438029281385	0.049	0.025	0.0081996731640805	c4	ERMP1
2.47910175721218e-07	0.862868049268659	0.088	0.055	0.0083530854607507	c4	B9D2
2.53865909163608e-07	0.442760522091467	0.241	0.183	0.00855375794335862	c4	HMG20B
2.54470100900726e-07	1.43109707818262	0.036	0.017	0.00857411557974905	c4	FAM43A
2.65643080257215e-07	0.329776147108815	0.386	0.316	0.00895057794618661	c4	SHKBP1
2.79133418260352e-07	0.682309999873515	0.103	0.066	0.0094051213948643	c4	GALNT1
2.80883286225451e-07	0.492825456190429	0.214	0.161	0.00946408144608033	c4	NABP2
2.81949621180406e-07	1.27569391373091	0.038	0.018	0.00950001053605262	c4	COL6A3
2.85340496159065e-07	0.48484556397476	0.222	0.167	0.00961426267758354	c4	TARSL2
2.87904177229721e-07	1.09365645137067	0.1	0.064	0.00970064334757823	c4	TRAV17
2.90600702522699e-07	0.96274624568807	0.072	0.042	0.00979150007079981	c4	TRIOBP
2.97161952088251e-07	0.457283589032763	0.16	0.112	0.0100125748136615	c4	SMAD3
2.97851611541997e-07	0.289667289230816	0.474	0.401	0.0100358121992961	c4	POLR2G
3.01708367926257e-07	0.268474325847394	0.497	0.42	0.0101657617489073	c4	TALDO1
3.02855202238522e-07	0.173589929543802	0.84	0.788	0.0102044031842248	c4	ATP6V0E1
3.06245530527979e-07	0.286534218105899	0.555	0.488	0.0103186369056097	c4	MEAF6
3.16224264969754e-07	0.215982445677676	0.704	0.641	0.0106548603838909	c4	ATP5J
3.22300364485965e-07	0.25905272012212	0.513	0.444	0.0108595884809901	c4	PSMC5
3.27120441134167e-07	0.285853887385434	0.535	0.467	0.0110219961435746	c4	PNRC2
3.33524284338514e-07	0.629278102067916	0.136	0.093	0.0112377672365019	c4	FAM175A
3.38189541626043e-07	0.592025759912712	0.185	0.137	0.0113949584155479	c4	CASC3
3.45261696398147e-07	0.398823414906691	0.392	0.332	0.0116332475984392	c4	DCXR
3.53061080095033e-07	0.432785761875913	0.274	0.215	0.0118960400327221	c4	CHMP1A
3.5833510678913e-07	0.51838126063987	0.114	0.074	0.012073743088153	c4	TATDN3
3.58446925627357e-07	0.542330422724121	0.165	0.117	0.0120775107120882	c4	POR
3.59582384722594e-07	0.743138233543049	0.083	0.051	0.0121157688708431	c4	AMPD3
3.63717387436262e-07	0.224397589617084	0.678	0.618	0.0122550936522774	c4	NEAT1
3.64151518366466e-07	0.218648741085391	0.586	0.51	0.0122697212598397	c4	POMP
3.64643712100821e-07	1.02034586318634	0.054	0.029	0.0122863052355251	c4	MAN2A2
3.7354573304018e-07	1.06518632350952	0.043	0.021	0.0125862499290558	c4	ARHGAP33
3.75272632586342e-07	0.477768730734203	0.198	0.146	0.0126444360823642	c4	GGCT
3.85796782288556e-07	0.396667104503883	0.188	0.138	0.0129990367824306	c4	CKS2
4.00821225504387e-07	0.517328893816979	0.124	0.083	0.0135052703721448	c4	SCAMP4
4.11219481341265e-07	0.28803723957551	0.482	0.415	0.0138556292043126	c4	ZNHIT1
4.12808533890284e-07	0.179985165756217	0.845	0.812	0.0139091707408992	c4	LCK
4.14836478964599e-07	0.351032245271081	0.382	0.316	0.0139775003222332	c4	C19orf24
4.1645893265419e-07	0.262675549632325	0.441	0.365	0.0140321672768503	c4	MAF1
4.23275894496063e-07	0.320548803006118	0.529	0.471	0.0142618579891503	c4	ITGA4
4.26305402532078e-07	0.253246689835115	0.457	0.38	0.0143639342329158	c4	MINOS1
4.32786180785386e-07	0.480128633690252	0.219	0.165	0.0145822975753828	c4	LEPROT
4.41797529191785e-07	0.365700916656939	0.353	0.291	0.014885925948588	c4	SZRD1
4.433001690493e-07	0.364520038066035	0.314	0.249	0.0149365558959471	c4	NSD1
4.57126350939606e-07	0.386255055026878	0.278	0.217	0.0154024152685591	c4	NCOA4
4.57142097967335e-07	0.461891059005264	0.229	0.175	0.0154029458489114	c4	CHMP4B
4.59906509171575e-07	1.40949607942852	0.037	0.017	0.0154960899200271	c4	TMEM121
4.7282642295372e-07	0.232552784909948	0.514	0.439	0.0159314134950026	c4	NDUFV1
4.73344788305318e-07	0.409772130008791	0.315	0.254	0.0159488792971594	c4	POP5
4.79439290456808e-07	0.916793161224725	0.055	0.03	0.0161542274526517	c4	NAPA-AS1
4.8655663799898e-07	0.525795211165933	0.18	0.13	0.0163940393607376	c4	C1orf122
4.87629793368586e-07	0.500760730920306	0.166	0.118	0.0164301982577611	c4	PLCB2
4.88765311687691e-07	0.33377026217455	0.345	0.277	0.0164684584120051	c4	PDE4DIP
5.00968780243349e-07	0.229367619114407	0.624	0.556	0.0168796420815194	c4	ZNF706
5.12421109264688e-07	0.612462734265443	0.143	0.1	0.0172655168555644	c4	OSBPL3
5.28422640710883e-07	0.480278282622409	0.249	0.195	0.0178046724561125	c4	PEX2
5.50105168552789e-07	0.204605493543769	0.595	0.525	0.0185352435492177	c4	MYEOV2
5.60844205943302e-07	0.305080367457162	0.41	0.341	0.0188970846750536	c4	NUDT21
5.69327593326114e-07	0.189613847838779	0.685	0.623	0.0191829239295301	c4	NSA2
5.72549805336622e-07	0.399957390948224	0.252	0.195	0.0192914931410121	c4	ARMC10
5.76540555504359e-07	0.580608306992606	0.162	0.117	0.0194259574771639	c4	REV1
5.90588112857588e-07	0.819724707491766	0.072	0.043	0.0198992758746236	c4	ERF
5.92328096413948e-07	0.2966159248181	0.589	0.528	0.0199579028805716	c4	HMGB2
5.94221105600005e-07	0.341978002996126	0.363	0.3	0.0200216859320866	c4	B3GAT3
5.95166337394113e-07	0.321152802374202	0.356	0.291	0.0200535345721572	c4	EMC6
6.06684714759104e-07	0.266809783147868	0.542	0.47	0.0204416347790933	c4	NDUFA6
6.08628105712962e-07	0.299718344211119	0.421	0.355	0.0205071153938925	c4	RTFDC1
6.11677882886149e-07	0.256955412260032	0.479	0.411	0.0206098745859659	c4	C17orf62
6.21451987333964e-07	0.314955845121769	0.307	0.243	0.0209392032612306	c4	UPF2
6.26241447541591e-07	0.57880445888277	0.132	0.091	0.0211005793334664	c4	AKT3
6.69705132677905e-07	0.395467006572465	0.284	0.225	0.0225650447404493	c4	NFYC
6.75257894588253e-07	0.639987773837147	0.1	0.065	0.0227521395002566	c4	SNX11
6.75462220778979e-07	1.51520873621405	0.028	0.012	0.0227590240669269	c4	NAT14
6.83158234039296e-07	0.363094334584422	0.352	0.286	0.02301833353772	c4	OXLD1
6.89649472556439e-07	0.642735030436431	0.133	0.092	0.0232370493283167	c4	PHF6
7.05256749628824e-07	0.983748921902382	0.066	0.038	0.0237629209219936	c4	ZMIZ1
7.08017681842327e-07	0.824512175840774	0.05	0.026	0.0238559477719954	c4	RP11-15A1.3
7.3594037686175e-07	0.199920184441081	0.653	0.581	0.0247967750579798	c4	RALY
7.53985601048747e-07	0.387745578186616	0.251	0.193	0.0254047908417365	c4	ST6GAL1
7.70324421632257e-07	0.71610180174654	0.128	0.088	0.0259553110624773	c4	CSGALNACT1
7.75511835519709e-07	1.00313200910286	0.037	0.018	0.0261300957860011	c4	TGFBI
7.76060213953451e-07	0.374097635699975	0.262	0.203	0.0261485728489476	c4	COQ4
7.77636190687068e-07	0.263598774455899	0.543	0.478	0.0262016738090101	c4	PSAP
7.79721996924108e-07	0.185803695198187	0.768	0.716	0.0262719529643609	c4	NDUFA1
7.9266615381785e-07	1.13880667339651	0.048	0.025	0.0267080933867386	c4	TNFSF4
8.07095453390443e-07	0.423878461083292	0.206	0.153	0.0271942742065376	c4	TMEM245
8.27317404225782e-07	0.389403795820294	0.306	0.245	0.0278756326179835	c4	COX20
8.32551386748043e-07	0.257834959057211	0.542	0.474	0.0280519864250885	c4	NDUFS7
8.43039964221921e-07	2.08336909177517	0.012	0.003	0.0284053885544934	c4	C10orf67
8.43192289931798e-07	0.334615208908934	0.408	0.343	0.028410521016962	c4	HIF1A
8.67161487838113e-07	0.665081125618973	0.096	0.061	0.0292181391712174	c4	CDKN2C
8.84232067980717e-07	0.384820667288155	0.253	0.197	0.0297933152985423	c4	UNC13D
8.90285506934374e-07	0.250378803845021	0.571	0.501	0.0299972798706468	c4	DOCK8
9.03848452207661e-07	0.375522879604998	0.267	0.208	0.0304542697486849	c4	SECISBP2L
9.20142034520499e-07	0.246295458597112	0.531	0.459	0.0310032657111337	c4	NDUFA2
9.47599873872931e-07	0.521863931892727	0.148	0.105	0.0319284301502745	c4	PCK2
9.63598739095443e-07	0.488481068350976	0.184	0.136	0.0324674959150819	c4	TMEM70
9.93599163821101e-07	0.36118141026393	0.236	0.179	0.0334783302257882	c4	TOM1
9.97733482311238e-07	0.669337567738858	0.116	0.078	0.0336176319529949	c4	PIEZO1
1.00930115719059e-06	0.327127290226852	0.389	0.323	0.0340073931903796	c4	MMP24-AS1
1.00985911650452e-06	0.227173719638451	0.604	0.536	0.0340261930715034	c4	HSPB1
1.03054551430178e-06	0.351248761615892	0.253	0.196	0.0347232005588842	c4	MICAL1
1.03660435660247e-06	0.751398139084284	0.152	0.11	0.0349273471913636	c4	TRBV20-1
1.04064863885239e-06	1.64153135461178	0.019	0.007	0.0350636152374925	c4	CPLX1
1.06311549794578e-06	0.740590729610853	0.081	0.05	0.0358206135877852	c4	NRROS
1.06867901884735e-06	0.3427975948973	0.311	0.25	0.0360080708610426	c4	AP1M1
1.10738324512568e-06	1.13905912155213	0.038	0.018	0.0373121710612647	c4	ITGA2
1.15134284155832e-06	0.136743318190332	0.878	0.847	0.0387933457034659	c4	C19orf43
1.16492827901213e-06	0.276021140010879	0.462	0.393	0.0392510934330347	c4	MRPL51
1.17101704960045e-06	0.201654151962848	0.422	0.345	0.0394562484692376	c4	RAB27A
1.19475887128652e-06	0.629788774838082	0.101	0.066	0.040256205409128	c4	SQLE
1.20358337210541e-06	0.174704385272579	0.439	0.363	0.0405535381397197	c4	PTGER4
1.20601410703637e-06	0.515231797678233	0.269	0.217	0.0406354393224833	c4	TMBIM4
1.23738568717582e-06	0.756144953746654	0.071	0.042	0.041692473343702	c4	PCBP4
1.2554994025892e-06	0.449585641328366	0.301	0.247	0.0423027968708403	c4	TM2D3
1.26035783928937e-06	2.53492807899002	0.01	0.002	0.0424664970370161	c4	MBOAT2
1.27310452934995e-06	0.218589561928331	0.652	0.586	0.0428959840119173	c4	ERH
1.28109464141051e-06	0.571468460206203	0.181	0.133	0.0431652028476857	c4	NFIC
1.33728285698788e-06	0.523608417013811	0.185	0.139	0.0450584085833495	c4	C17orf49
1.33774593501623e-06	0.453057182616095	0.142	0.099	0.0450740115344369	c4	MTOR
1.39911204429568e-06	0.517628197597974	0.192	0.144	0.0471416812204988	c4	TOLLIP
