p_val	avg_log2FC	pct.1	pct.2	p_val_adj	cluster	gene
0	3.07365653129201	0.539	0.088	0	c20	ACTN1
0	3.65124420443992	0.452	0.046	0	c20	AIF1
0	4.8955028479557	0.183	0.007	0	c20	S100B
0	6.25406081979965	0.116	0.002	0	c20	MMP28
0	0.953568353076055	0.999	0.994	0	c20	RPS5
0	0.972525486649411	1	0.999	0	c20	RPS3A
0	0.982401977831031	1	0.999	0	c20	RPS13
0	0.834814317927433	1	1	0	c20	RPS8
0	0.910859549379475	1	1	0	c20	RPL32
0	0.763682830481453	1	1	0	c20	RPS23
0	0.78832885603603	1	1	0	c20	RPS12
4.41710757295827e-301	2.88703746204469	0.36	0.047	1.48830022563256e-296	c20	TMIGD2
8.20961568057226e-299	0.689292654171046	1	1	2.76614790741202e-294	c20	RPL19
1.12633202989713e-293	0.746912151960764	1	1	3.7950631415354e-289	c20	RPL34
3.11808835882966e-278	0.680642935343651	1	1	1.05060869162407e-273	c20	RPS14
8.65464874019711e-277	0.88845251968873	1	0.998	2.91609734652202e-272	c20	RPS6
2.06738292753427e-276	0.895942472749711	1	0.992	6.96584003603399e-272	c20	RPL22
3.13992215412437e-271	0.691069413952241	1	0.999	1.05796537061067e-266	c20	RPL18
3.52283174005701e-270	0.657530292172673	1	1	1.18698292649481e-265	c20	RPL13
1.22242880699432e-269	0.627683559027184	1	1	4.11885162228667e-265	c20	EEF1A1
1.82029804845916e-269	0.89190817943003	1	0.996	6.1333122444783e-265	c20	RPL9
1.8400542737844e-269	2.02718646628965	0.891	0.396	6.19987887008916e-265	c20	CCR7
1.73352069969636e-266	0.722531473083356	1	1	5.84092464555691e-262	c20	RPL37
8.21653243841054e-264	1.03978546623643	0.999	0.973	2.76847843979805e-259	c20	EEF1B2
2.30415923421609e-263	0.694908501758393	1	0.999	7.76363412376771e-259	c20	RPL29
5.64295633928379e-254	0.595416229607501	1	1	1.90133770895828e-249	c20	RPL10
1.90285876666083e-253	0.681634681275125	1	1	6.41149232838701e-249	c20	RPL11
3.04604799656556e-252	0.591117732489025	1	1	1.0263354119628e-247	c20	RPL30
1.49477083043089e-244	5.96016008275428	0.072	0.001	5.03648083605382e-240	c20	REG4
4.50383381545984e-243	0.613548881110161	1	1	1.51752176578104e-238	c20	RPS27A
1.04766187897782e-240	0.876060785881925	0.997	0.994	3.52999193502787e-236	c20	RPL21
1.67125442892371e-239	0.637324220725305	1	0.999	5.63112467281554e-235	c20	RPL35A
3.98811527470006e-235	0.762841356460609	1	0.999	1.34375556065744e-230	c20	TPT1
1.48975713219514e-233	0.626001189753257	1	0.999	5.01958768121829e-229	c20	RPL39
2.07977753265786e-233	0.819263662976067	1	0.995	7.00760241853739e-229	c20	RPL5
8.60352606308075e-226	0.654323166222101	1	1	2.89887207169443e-221	c20	RPS4X
3.66864833425956e-220	0.614542808997207	1	0.999	1.23611436974541e-215	c20	RPS21
4.31759633973178e-220	0.746074285322742	1	0.998	1.45477091070923e-215	c20	RPL3
8.19212223241518e-213	0.544405896452128	1	1	2.76025366498997e-208	c20	RPS28
5.91348026682887e-211	0.584943445277252	1	1	1.99248804110532e-206	c20	RPL18A
4.06478086069326e-207	0.594514180215945	1	0.999	1.36958726320199e-202	c20	RPL14
3.65189881017236e-204	0.59683627305615	1	1	1.23047078509947e-199	c20	RPL12
1.80469384423341e-202	0.659361767705832	1	0.999	6.08073543876007e-198	c20	RPS2
5.07880356894743e-202	0.676374170556065	1	0.996	1.71125207452115e-197	c20	NACA
9.65632420530669e-199	0.673572626389153	1	0.994	3.25360187773604e-194	c20	RPS9
9.72160962744252e-194	0.693963974277725	1	0.993	3.27559914787048e-189	c20	RPL10A
2.77374580036051e-188	0.837002278724083	0.996	0.967	9.34585909973472e-184	c20	RPL4
2.98866992958255e-188	1.60567995371374	0.81	0.362	1.00700244607354e-183	c20	LEF1
7.86838079748293e-187	0.539064862686607	1	1	2.6511722259039e-182	c20	RPLP2
2.72948245364157e-180	0.466500913536649	1	1	9.1967181792999e-176	c20	RPS15
1.01102590847986e-179	0.83689761943138	1	0.967	3.40655069603206e-175	c20	PABPC1
1.39657132373991e-179	0.626058673311757	1	0.997	4.70560741820924e-175	c20	RPSA
8.11358565734498e-179	0.577041327035167	1	0.998	2.73379155138582e-174	c20	RPS16
6.95486813843707e-177	0.625069451192509	1	0.999	2.34337327056499e-172	c20	RPS18
3.44960795696032e-175	2.08687322777939	0.542	0.167	1.16231090501821e-170	c20	SATB1
1.8539666400384e-165	0.46717055236132	1	1	6.24675519694538e-161	c20	RPS25
3.46723042240282e-164	0.56214577120883	1	0.997	1.16824861852441e-159	c20	GNB2L1
4.13961429105446e-163	4.67473168373105	0.073	0.003	1.39480163922789e-158	c20	NOG
1.50062752399575e-158	1.49537469985527	0.798	0.384	5.05621437935129e-154	c20	TCF7
5.19652834515743e-158	4.7982905116095	0.069	0.003	1.75091826061734e-153	c20	KRT73-AS1
4.30690269318251e-156	0.458717000016768	1	1	1.45116779344091e-151	c20	RPS3
1.80653238463939e-155	2.37972351415957	0.348	0.078	6.08693021680396e-151	c20	BACH2
1.36238208632418e-151	1.83066380008744	0.531	0.169	4.59041020166068e-147	c20	TXK
1.75032952704401e-150	0.751553682666156	0.996	0.961	5.89756030842207e-146	c20	RPL7
2.29587255229639e-149	3.91057789713035	0.118	0.01	7.73571297770747e-145	c20	LRRN3
1.39554300086371e-147	0.613742166200354	1	0.997	4.70214258711019e-143	c20	RPLP0
8.81069712926326e-147	2.18571738855735	0.491	0.159	2.96867629073396e-142	c20	CD55
2.29231907432769e-139	2.21059969185404	0.4	0.111	7.72373988903971e-135	c20	TRABD2A
2.1251273368447e-134	2.86453673083221	0.238	0.044	7.16040404876453e-130	c20	FHIT
1.35294999698508e-132	3.75081225594036	0.117	0.011	4.55862971984154e-128	c20	CLEC11A
7.60457639784301e-132	0.852404718465024	0.973	0.878	2.56228597148922e-127	c20	LDHB
3.04353927608338e-131	4.71807277605646	0.07	0.004	1.02549012368354e-126	c20	CD248
4.00767335117589e-130	0.541632800756362	1	0.994	1.35034545894521e-125	c20	RPL37A
9.07678371118016e-130	0.472548869952314	1	0.998	3.05833150364504e-125	c20	RPL15
2.31246298513296e-128	0.360207816814115	1	1	7.79161278210698e-124	c20	RPS15A
4.86836885912822e-127	2.35549712860393	0.264	0.055	1.64034820339466e-122	c20	CHRM3-AS2
7.72232425839713e-126	1.07962068436393	0.894	0.511	2.60195993562433e-121	c20	SELL
7.15122995023016e-122	4.43606305757956	0.061	0.003	2.40953541943055e-117	c20	TMEM220
4.23857790547922e-120	0.446889366517674	1	0.999	1.42814643947217e-115	c20	RPL8
1.14950768118429e-117	1.67517968677191	0.598	0.256	3.87315118098233e-113	c20	ABLIM1
1.80495588928864e-117	0.395764843622256	1	1	6.08161837336915e-113	c20	RPL7A
5.55439595924873e-117	3.54204417744484	0.098	0.009	1.87149817450927e-112	c20	AK5
8.37036846853829e-113	4.55771649167754	0.052	0.002	2.82031195178929e-108	c20	GLIS3
4.23231366459094e-112	1.17329279040744	0.875	0.657	1.42603576614727e-107	c20	NDFIP1
2.36359974393578e-110	0.424691675564764	1	0.999	7.96391297721722e-106	c20	RPL36
2.56058473091722e-110	1.85949076135083	0.345	0.096	8.62763419235248e-106	c20	SCML1
7.1637403455888e-109	0.580431964415508	0.992	0.974	2.41375067204269e-104	c20	RPL31
1.1348908021779e-108	0.642937577781699	0.988	0.949	3.8239010688582e-104	c20	EEF2
3.04466566826078e-108	0.675959781052899	0.991	0.942	1.02586965026379e-103	c20	NPM1
7.14948909246623e-107	0.400324789658388	1	1	2.40894885481557e-102	c20	RPS19
4.29489394352441e-102	3.9720365860467	0.07	0.005	1.44712156533112e-97	c20	PCSK5
1.01692221162209e-98	1.4367443642094	0.592	0.271	3.42641769983946e-94	c20	LDLRAP1
1.24344625515068e-98	0.309374099323869	1	1	4.18966781210471e-94	c20	RPL28
3.61784974959023e-98	3.20076911624796	0.104	0.012	1.21899829462693e-93	c20	NT5E
3.95550660721686e-98	0.417091738093477	1	0.997	1.33276839623565e-93	c20	RPL24
4.77244419476764e-98	0.862902087243015	0.932	0.77	1.60802734698501e-93	c20	EIF3E
1.25186491204188e-93	0.486977225095035	0.997	0.987	4.2180336346339e-89	c20	RPL27
1.70324869454835e-89	0.498366783528063	0.997	0.982	5.7389261514112e-85	c20	RPL38
1.85265483776892e-89	0.699669516350875	0.973	0.863	6.24233521037859e-85	c20	GLTSCR2
8.38124414406467e-88	1.2546311468905	0.736	0.468	2.82397640190115e-83	c20	NOSIP
7.25348044134243e-87	2.97108673029452	0.139	0.023	2.44398769990592e-82	c20	DSEL
2.30854899083423e-86	0.509709436594178	0.997	0.996	7.77842496971685e-82	c20	MT-CO3
2.44704052658834e-86	1.31920664847333	0.615	0.321	8.24505835028674e-82	c20	NUCB2
9.71346596218518e-86	0.44381697703928	0.999	0.998	3.27285522129867e-81	c20	MT-ND4L
9.78466024161164e-84	0.432656503692998	0.997	0.999	3.29684342180863e-79	c20	MT-CO2
8.24759707919e-79	1.44902137412123	0.42	0.163	2.77894535986228e-74	c20	PLAC8
1.75130678774472e-78	0.529672536172402	0.993	0.956	5.90085309062707e-74	c20	COX4I1
1.9083663112473e-75	0.363670312287161	1	0.994	6.43004944911664e-71	c20	UBA52
3.94734760587881e-74	5.24301231822245	0.028	0.001	1.33001930232481e-69	c20	TPTEP1
1.85396727835035e-73	0.302471067995988	1	1	6.24675734767368e-69	c20	RPS27
4.87155119224345e-73	1.42585835900521	0.448	0.19	1.64142045871451e-68	c20	RASGRP2
1.87616346798704e-72	0.582469276022843	0.989	0.96	6.32154518903555e-68	c20	MT-ND4
2.80462241174081e-72	1.33365384033556	0.454	0.196	9.44989475411947e-68	c20	C1orf228
3.63832021264177e-71	3.82066681698812	0.049	0.004	1.22589561244752e-66	c20	RP5-1184F4.7
2.03915606089976e-69	0.50419353407138	0.996	0.993	6.87073243159564e-65	c20	MT-ATP6
2.83601137352136e-68	0.376707006467208	1	0.999	9.55565672194288e-64	c20	RPL41
6.36681463532781e-68	1.12919056461075	0.489	0.215	2.14523452322735e-63	c20	MAL
1.55688179827751e-66	0.313793900028058	1	1	5.24575753111625e-62	c20	RPLP1
1.16840931514056e-65	1.88288983055849	0.197	0.051	3.93683834643459e-61	c20	RNF144A
2.56715474431094e-65	1.3310549909427	0.466	0.218	8.6497711954813e-61	c20	SERINC5
3.70317493830096e-64	1.32234795875829	0.408	0.169	1.24774776371113e-59	c20	CTB-133G6.1
6.20619387668639e-64	6.79311497446279	0.015	0	2.09111496481071e-59	c20	ADD2
1.84300235019436e-63	0.454059257912895	0.996	0.989	6.20981211874487e-59	c20	SARAF
7.19227978116723e-63	0.767379695473239	0.879	0.704	2.42336674946649e-58	c20	RGS10
3.65355103169352e-62	2.46996089515158	0.117	0.022	1.23102748461881e-57	c20	RP11-664D1.1
1.38417128138078e-61	0.769744628838455	0.869	0.68	4.66382671548439e-57	c20	PIK3IP1
2.94976479717411e-60	0.334708899557116	0.999	0.995	9.93893750759844e-56	c20	RPL13A
5.99115457109432e-59	3.63869711361031	0.049	0.004	2.01865962118452e-54	c20	UBE2E2
3.68445993201599e-58	0.873599050997	0.754	0.543	1.24144192949347e-53	c20	EIF2S3
1.03197158545103e-57	0.390665868269532	0.995	0.993	3.47712506001872e-53	c20	MT-ND3
9.0889332338977e-57	1.0920813585636	0.693	0.47	3.06242516382949e-52	c20	TGFBR2
1.04232636775887e-56	6.6870625599979	0.013	0	3.51201446352673e-52	c20	GNAI1
1.45018122982365e-56	1.08481361752087	0.608	0.367	4.88624063576782e-52	c20	FBL
2.13670622759277e-56	1.19837586564479	0.398	0.174	7.19941796325109e-52	c20	C1orf162
5.59137197098473e-56	0.36602469506556	0.995	0.991	1.88395687190359e-51	c20	EEF1D
6.32750717098425e-56	1.55227142218299	0.316	0.125	2.13199026619143e-51	c20	ADPRM
4.5232933497805e-55	0.267343836697221	1	1	1.52407846127504e-50	c20	RPS24
5.56672159169408e-55	1.78402799375649	0.236	0.08	1.8756511731054e-50	c20	PRKCA
1.03066789516786e-54	1.35047485118879	0.356	0.151	3.47273240597859e-50	c20	SPINT2
1.09723624833972e-54	0.493004009213097	0.958	0.915	3.69702781515585e-50	c20	RPS20
3.7572704394924e-53	0.75617590711247	0.855	0.581	1.26597470188257e-48	c20	KLF2
7.48206301443894e-53	2.06133469620969	0.138	0.033	2.52100631208506e-48	c20	IFNGR2
2.3711954866021e-52	0.353926762655229	0.992	0.983	7.98950607255711e-48	c20	PFDN5
2.80335544444994e-52	0.656460867145613	0.871	0.689	9.44562583452964e-48	c20	AES
7.47371142080772e-52	0.374080554579987	0.996	0.996	2.51819232612695e-47	c20	MT-CYB
1.98094030436315e-51	1.63603365650956	0.235	0.081	6.67458026152121e-47	c20	APBA2
1.37702245140761e-49	0.665288043869845	0.858	0.675	4.6397394477728e-45	c20	EIF3L
1.43380934276276e-49	0.492907970885043	0.976	0.87	4.83107719950483e-45	c20	PCBP2
4.23515129678592e-49	3.2915759503672	0.049	0.005	1.42699187793905e-44	c20	RP11-61O1.2
3.28859596448114e-48	0.938165152654002	0.628	0.41	1.10805952427228e-43	c20	C6orf48
1.44143730424687e-47	0.434719842278195	0.896	0.676	4.85677885292941e-43	c20	CD7
4.00739230783438e-47	2.27496987033664	0.106	0.023	1.35025076420172e-42	c20	TCEA3
1.26464116265765e-46	2.0312407552447	0.15	0.042	4.26108193345869e-42	c20	MDS2
2.65465588241264e-46	1.17995770420731	0.283	0.112	8.94459753020114e-42	c20	NGFRAP1
3.48781263057847e-46	0.607295813123685	0.892	0.751	1.17518358774711e-41	c20	EIF3H
4.27395603419538e-46	0.230295992442747	1	0.999	1.44006674616179e-41	c20	FAU
1.47840136886161e-45	0.254160686294083	1	0.999	4.98132557224231e-41	c20	RPS7
9.76932221062619e-45	0.874976986717143	0.637	0.414	3.29167542564839e-40	c20	FOXP1
6.1395396986161e-44	0.603796311021442	0.853	0.697	2.06865650605171e-39	c20	EIF4B
6.69209223421165e-44	0.282661587346317	1	0.999	2.25483355739527e-39	c20	RPL6
7.14244475616649e-44	0.998894683643081	0.539	0.314	2.40657533614274e-39	c20	PDE3B
1.94833319420517e-42	0.350292708983681	0.989	0.972	6.5647138645549e-38	c20	BTF3
2.06572824583696e-42	0.859034555037512	0.644	0.426	6.96026475152305e-38	c20	ATM
6.40815411474793e-41	0.239224126861603	0.999	0.999	2.15916344742317e-36	c20	RPL23A
1.00494847723541e-40	1.18570959733934	0.381	0.193	3.38607339919701e-36	c20	LINC01550
1.34418545019112e-40	0.442277555889897	0.948	0.906	4.52909845587397e-36	c20	UQCRB
1.00417936870273e-39	1.54563237532908	0.212	0.08	3.38348196490696e-35	c20	COL18A1
1.19456975405367e-39	2.40767352473414	0.096	0.022	4.02498332930843e-35	c20	CERS6
3.281323091905e-39	2.92942930589959	0.052	0.007	1.10560900258647e-34	c20	FAM153A
3.33065031840469e-39	0.693789154529358	0.76	0.594	1.12222931828328e-34	c20	ST13
6.40354497408506e-39	3.22970601891471	0.035	0.003	2.15761044356822e-34	c20	EDAR
8.35780823356012e-39	2.48548040331986	0.062	0.01	2.81607990621575e-34	c20	GTSCR1
1.04738352668149e-38	4.68923811885094	0.017	0.001	3.52905405480061e-34	c20	DSC1
2.32707601736233e-38	1.59079881450704	0.182	0.063	7.84084993290063e-34	c20	SGK223
3.380938913859e-38	1.1195845394564	0.417	0.23	1.13917355763565e-33	c20	IMPDH2
9.29622100049427e-38	3.79724150272096	0.029	0.002	3.13226870390654e-33	c20	ZNF516
1.41453179706809e-37	0.270201764199373	0.997	0.993	4.76612343704123e-33	c20	RPL35
2.17440439494222e-37	2.45431756279057	0.07	0.013	7.32643816831832e-33	c20	FAM153B
4.14122035761721e-37	0.61088347971073	0.79	0.633	1.39534278729554e-32	c20	SNHG8
8.20994243213571e-37	1.24547277528649	0.433	0.255	2.76625800308381e-32	c20	TOB1
7.35160629683436e-36	0.336046002227647	0.976	0.959	2.47705022565537e-31	c20	RPS11
7.48152518455339e-36	2.63762861076105	0.061	0.011	2.52082509568342e-31	c20	PADI4
2.0457646143088e-35	0.869907806974081	0.57	0.379	6.89299929145207e-31	c20	ALKBH7
3.5828016861005e-35	4.60181180416496	0.013	0	1.2071892001147e-30	c20	RP5-997D24.3
6.89989938254676e-35	0.775337326606475	0.647	0.452	2.3248520979553e-30	c20	CAMK4
9.72265509147464e-35	0.337693008973459	0.993	0.99	3.27595140652147e-30	c20	MT-ATP8
1.96511477463751e-34	0.79490639685373	0.562	0.352	6.62125772166362e-30	c20	FAM65B
3.5356671541042e-34	0.833285095114921	0.534	0.337	1.19130769090387e-29	c20	NELL2
5.55981428403144e-34	1.3562072409445	0.238	0.102	1.87332382486155e-29	c20	ITGA6
1.87162006490034e-33	0.46821674410116	0.789	0.546	6.30623664667521e-29	c20	MTRNR2L12
2.12941983711469e-33	1.91417275211279	0.094	0.024	7.17486719917423e-29	c20	VIPR1
2.37262193880173e-33	2.6814812712019	0.052	0.008	7.99431236059856e-29	c20	FBP1
3.02964011589717e-33	0.23428760981637	0.997	0.997	1.02080694065039e-28	c20	RPS29
1.14203834945813e-32	3.80615145244322	0.023	0.002	3.84798401466424e-28	c20	TBXA2R
8.77469672032683e-32	2.0436980106096	0.085	0.021	2.95654631294692e-27	c20	AC097713.4
1.37622528139273e-31	1.31960489548326	0.246	0.111	4.63705346312467e-27	c20	NAA16
1.37999971167594e-31	1.30072926874647	0.239	0.107	4.64977102852092e-27	c20	EPHX2
7.83670435614283e-31	3.47586987743616	0.031	0.003	2.64049916575877e-26	c20	AEBP1
1.39303951431729e-30	3.309309458438	0.029	0.003	4.69370733954067e-26	c20	GAL3ST4
1.41709387051242e-30	0.743035453531246	0.541	0.34	4.77475608730455e-26	c20	TNFSF8
3.6293963723773e-30	0.650495387798424	0.681	0.506	1.22288881370881e-25	c20	TMEM243
6.54470536265709e-30	0.31331196018489	0.985	0.967	2.20517302489368e-25	c20	TOMM7
8.38511910372974e-30	2.36292586289707	0.062	0.013	2.8252820308107e-25	c20	PLAG1
1.15295952978418e-29	2.28183065375274	0.068	0.015	3.88478183965482e-25	c20	RP11-44F14.2
3.67562352564249e-29	0.712642066824026	0.683	0.534	1.23846459072998e-24	c20	PRMT2
6.11411681863816e-29	0.240820755750789	0.993	0.937	2.06009052087194e-24	c20	TXNIP
1.14112950950464e-28	0.27889964011228	0.968	0.794	3.84492176932492e-24	c20	IL7R
2.68998215425657e-28	3.34847504706494	0.025	0.003	9.0636258705521e-24	c20	KRT2
4.0303023597799e-28	4.00832741754082	0.017	0.001	1.35797007710424e-23	c20	PTPRS
2.89679506230114e-27	1.11768221942713	0.264	0.13	9.76046128291747e-23	c20	FAM134B
1.08346464846355e-26	2.7894087789407	0.041	0.007	3.6506257865331e-22	c20	CCDC106
1.17425876950133e-26	2.9565513348713	0.033	0.005	3.95654749795778e-22	c20	IGF1R
1.56799203645e-26	3.62450648492856	0.019	0.001	5.28319236761462e-22	c20	FOXJ1
2.64471216824985e-26	3.56464010477185	0.021	0.002	8.91109317970103e-22	c20	PKIG
3.03554705240339e-26	4.4769977062667	0.011	0	1.0227972238368e-21	c20	TMEM220-AS1
3.14419329803513e-26	0.670597206626686	0.61	0.428	1.05940448983996e-21	c20	LINC00861
6.30266147724908e-26	0.245256595576194	0.999	1	2.1236187581443e-21	c20	MALAT1
6.89754101657386e-26	0.824952251239643	0.364	0.203	2.32405747012439e-21	c20	RP11-18H21.1
7.96991210489259e-26	4.22696628520509	0.016	0.001	2.68538218462251e-21	c20	RP11-61O1.1
1.23207093243316e-25	0.358929917304807	0.932	0.857	4.1513397997403e-21	c20	C12orf57
2.76411048266047e-25	0.73750007887078	0.304	0.159	9.31339386027618e-21	c20	RP11-291B21.2
4.05275030226196e-25	4.10015030295244	0.016	0.001	1.36553368684414e-20	c20	LY86
5.36798706532258e-25	2.47454473836721	0.041	0.007	1.80868956178979e-20	c20	RP11-475O6.1
5.96605669021085e-25	0.721362912797985	0.542	0.379	2.01020314119964e-20	c20	SNHG7
1.28870871681131e-24	0.513843303841468	0.772	0.665	4.34217515042403e-20	c20	UXT
2.47255677424949e-24	1.1582766186103	0.206	0.095	8.33103279515622e-20	c20	PLEKHB1
2.51177549484056e-24	0.470666275232409	0.795	0.645	8.46317635231579e-20	c20	CCND3
1.7250334495354e-23	2.79468372045353	0.031	0.004	5.81232770486456e-19	c20	RP11-103C16.2
1.7725083814817e-23	2.6707481399605	0.039	0.007	5.97228974056443e-19	c20	USP44
3.29185810564599e-23	2.80075866414248	0.035	0.006	1.10915867011636e-18	c20	PTPRK
3.66581354175863e-23	0.954781920994914	0.214	0.099	1.23515921476015e-18	c20	LINC00402
6.4970068649003e-23	0.778635925473903	0.445	0.294	2.18910149305951e-18	c20	CHMP7
6.56638635555788e-23	2.95687814694151	0.027	0.003	2.21247821864167e-18	c20	CELA1
7.74851168404894e-23	1.99173407970271	0.065	0.017	2.61078352682345e-18	c20	KCNQ1
1.17812962704671e-22	2.96875628667849	0.027	0.003	3.96958996537118e-18	c20	ZCCHC12
1.635107101422e-22	0.667663665277876	0.578	0.428	5.50932986753128e-18	c20	C1QBP
2.33192441917843e-22	0.550267378579111	0.684	0.544	7.85718613797981e-18	c20	TMEM123
2.74361475149071e-22	3.3282781238458	0.023	0.003	9.2443355436728e-18	c20	PLLP
3.72474048662712e-22	0.187475754547615	0.996	0.999	1.25501405956414e-17	c20	MT-CO1
4.16012758723678e-22	1.37373408856849	0.138	0.056	1.40171338924356e-17	c20	TAF4B
1.44243424770064e-21	1.37106153008728	0.141	0.058	4.86013795420253e-17	c20	PDK1
2.07173670570564e-21	1.21268339053902	0.223	0.115	6.98050965620457e-17	c20	CIAPIN1
2.73561040870002e-21	1.54000615049293	0.09	0.029	9.21736571107383e-17	c20	LYPD3
2.80437578563258e-21	0.470159504931046	0.255	0.133	9.4490637721104e-17	c20	STMN1
4.23319711006864e-21	1.11017402388806	0.264	0.147	1.42633343426653e-16	c20	ARRDC2
4.23989105807267e-21	0.482403307484987	0.744	0.623	1.42858889310701e-16	c20	NSA2
4.91031569055518e-21	1.49526392436991	0.133	0.054	1.65448176877566e-16	c20	LMO7
5.32603847627823e-21	3.19191282406145	0.025	0.003	1.79455540419719e-16	c20	CNN3
5.63016813056652e-21	1.65658717764525	0.094	0.032	1.89702884991308e-16	c20	GSTM2
1.24752716580673e-20	3.18798445118842	0.027	0.004	4.20341803246921e-16	c20	SUSD4
1.42084125037381e-20	0.765262428665424	0.42	0.272	4.78738250900952e-16	c20	ANXA2R
1.9824789634143e-20	2.71794532988814	0.031	0.005	6.67976461932815e-16	c20	BEND5
2.2273273998781e-20	2.70831169930498	0.029	0.005	7.50475694114927e-16	c20	SULT1B1
3.46792313134949e-20	0.728389766600769	0.474	0.335	1.1684820198769e-15	c20	APEX1
3.51600022426502e-20	3.42370020881401	0.019	0.002	1.18468111556386e-15	c20	DCHS1
3.80220073505401e-20	2.41834001319993	0.035	0.006	1.2811135156691e-15	c20	RP11-326C3.12
4.46828441893291e-20	1.58049632992717	0.094	0.033	1.50554375211525e-15	c20	METAP1D
5.87513676777051e-20	0.477174001023822	0.713	0.585	1.97956858253259e-15	c20	DDIT4
6.77061633386729e-20	3.55431839560079	0.015	0.001	2.28129146753324e-15	c20	RP11-449J21.5
9.12325354314356e-20	0.969721278579705	0.283	0.163	3.07398904882679e-15	c20	APBB1
1.23517462882717e-19	0.821110726159749	0.313	0.183	4.16179739437027e-15	c20	KLF3
1.59183699862184e-19	0.40484495789675	0.803	0.705	5.36353558315641e-15	c20	GYPC
1.7832449472094e-19	0.241359291025974	0.98	0.962	6.00846552512734e-15	c20	COX7C
2.06363126565498e-19	1.00143750766566	0.274	0.159	6.95319918649789e-15	c20	YPEL2
2.96257843691622e-19	2.33228152983865	0.045	0.01	9.98211178534552e-15	c20	RP11-700H6.1
3.62291850671801e-19	0.600115086299335	0.58	0.444	1.22070616165357e-14	c20	RSL1D1
3.79730543729771e-19	2.3465991949536	0.042	0.009	1.27946409404309e-14	c20	RP11-11N9.4
6.4013742496253e-19	3.62706073048689	0.015	0.001	2.15687903966875e-14	c20	KRT73
9.5178980785556e-19	1.25432505992022	0.126	0.052	3.20696057858852e-14	c20	SLC40A1
9.90262066730975e-19	0.701492249113407	0.408	0.27	3.33658900764335e-14	c20	EPB41L4A-AS1
1.00300105837286e-18	0.548575063935328	0.495	0.337	3.37951176608151e-14	c20	RP11-796E2.4
1.00639143012347e-18	2.69451762633253	0.033	0.006	3.39093528465801e-14	c20	RP11-161M6.2
1.54637000748328e-18	0.368313676154147	0.843	0.763	5.21033910321417e-14	c20	SERP1
1.94195459216744e-18	3.57489673942319	0.016	0.002	6.54322180284897e-14	c20	RHOBTB3
2.16416435794611e-18	2.97043411689969	0.025	0.004	7.29193538766362e-14	c20	MT3
2.81068742238312e-18	1.59269158613056	0.093	0.034	9.47033020097769e-14	c20	AC022182.3
2.93138942578371e-18	0.298535688185432	0.907	0.865	9.87702353123562e-14	c20	RPL23
3.07630045456731e-18	0.626139366451133	0.445	0.304	1.03652867516191e-13	c20	PASK
9.66370828797378e-18	3.83288158685215	0.013	0.001	3.25608987054989e-13	c20	EFNA1
1.14900720838431e-17	0.733839069313831	0.371	0.239	3.87146488793009e-13	c20	GABPB1-AS1
1.36513508007076e-17	2.55644198461789	0.025	0.004	4.59968613879043e-13	c20	ZP3
1.56433555440584e-17	2.9988753002398	0.021	0.003	5.27087221701505e-13	c20	RNF175
1.70247229657046e-17	1.03751772753898	0.203	0.106	5.73631015606449e-13	c20	PDCD4-AS1
1.85760374479808e-17	0.484025631691501	0.373	0.232	6.25901005772266e-13	c20	SESN1
2.06467041361309e-17	0.812880954873711	0.305	0.187	6.95670049162796e-13	c20	MAML2
2.69098588383976e-17	0.609917145323114	0.507	0.381	9.06700783700969e-13	c20	CD8B
2.89629056766651e-17	3.07027503213363	0.02	0.003	9.75876143869554e-13	c20	ZBED3
2.93792040529924e-17	2.18971251451758	0.033	0.007	9.89902901361525e-13	c20	FCER1G
2.99585569331703e-17	1.18159004925002	0.162	0.078	1.00942361730624e-12	c20	ANKRD26
3.7437932930646e-17	1.49013362653236	0.085	0.03	1.26143371216519e-12	c20	RP11-701H24.9
3.76204173003031e-17	0.412652427533161	0.729	0.595	1.26758234051641e-12	c20	OXNAD1
6.75536786638522e-17	1.17301232591397	0.154	0.073	2.27615364889984e-12	c20	NME4
1.30071275106674e-16	2.96452641021567	0.023	0.003	4.38262154344427e-12	c20	COL6A1
1.52514601755922e-16	0.686310149136774	0.418	0.296	5.13882699156403e-12	c20	EIF2A
1.64469522811985e-16	0.401894197169345	0.566	0.402	5.54163610162703e-12	c20	FKBP5
1.74380310305381e-16	0.821506113824307	0.293	0.18	5.87557017542952e-12	c20	KIAA0922
3.01233882921553e-16	0.350250654131559	0.845	0.764	1.01497744511588e-11	c20	RPL36A
4.13544985145092e-16	1.66400995922615	0.069	0.023	1.39339847294787e-11	c20	PTK2
4.21787056728067e-16	0.98534347007063	0.205	0.11	1.42116930893955e-11	c20	SH3YL1
7.72422107470316e-16	0.283541927803771	0.911	0.852	2.60259904891048e-11	c20	EIF3F
8.74743657410671e-16	2.06758093183903	0.041	0.01	2.94736127927951e-11	c20	ACSM3
1.05956455986592e-15	3.41118934110417	0.016	0.002	3.57009682801224e-11	c20	XKRX
1.07712022712374e-15	2.15437618409262	0.039	0.009	3.62924889327072e-11	c20	HEMGN
2.03669521828906e-15	3.42789404837733	0.011	0.001	6.86244086850316e-11	c20	RP11-66B24.2
2.52678384052506e-15	3.04471036898345	0.019	0.003	8.51374547226514e-11	c20	ARMCX1
2.63254290569775e-15	2.38994381435605	0.032	0.007	8.87009006645799e-11	c20	GPC2
3.31628097808918e-15	0.377285223458424	0.692	0.546	1.11738771275737e-10	c20	FCMR
3.88848805862697e-15	3.66866672289896	0.012	0.001	1.31018716647377e-10	c20	SERPINF1
4.92444733085724e-15	2.88995650065367	0.02	0.003	1.65924328365904e-10	c20	SPEG
5.66994747760018e-15	1.27114680341101	0.141	0.069	1.9104321031026e-10	c20	PRKAR1B
6.0387268741869e-15	1.40309923248258	0.082	0.031	2.03468863298853e-10	c20	EIF4EBP3
9.30901810396287e-15	1.25965245195451	0.093	0.037	3.13658055994925e-10	c20	MPP7
1.09010489706172e-14	0.463881292926885	0.62	0.49	3.67299944015977e-10	c20	FLT3LG
1.15906615945958e-14	2.85503231144804	0.02	0.003	3.9053575176831e-10	c20	NREP
1.20409454921772e-14	0.508063902140007	0.55	0.418	4.05707617413419e-10	c20	SCML4
3.27538297674202e-14	2.20690563169443	0.028	0.006	1.10360754018346e-09	c20	TKTL1
3.33787714339773e-14	2.29880313405937	0.025	0.005	1.12466432469643e-09	c20	AC006994.2
5.16742928014643e-14	1.8292736553334	0.049	0.015	1.74111362165254e-09	c20	RALGPS2
5.75481807157902e-14	0.643516031002453	0.389	0.277	1.93902840103783e-09	c20	RCAN3
9.00819371229811e-14	3.07094913370638	0.013	0.002	3.03522078942172e-09	c20	RP11-247A12.2
1.04275186253655e-13	2.48937072212318	0.024	0.004	3.51344812563067e-09	c20	PRRT1
1.39622472515386e-13	1.9920418451861	0.037	0.01	4.70443958893341e-09	c20	ATP8A2
1.60984621575386e-13	1.59929151119837	0.057	0.019	5.42421583936104e-09	c20	CDCA7L
1.72385198303834e-13	0.829832174922914	0.214	0.124	5.80834687164937e-09	c20	LAIR1
1.77563721642983e-13	1.07726323428195	0.141	0.071	5.98283203703867e-09	c20	KIAA0355
2.1097648211619e-13	0.205974206751124	0.867	0.797	7.10864158842292e-09	c20	ZFAS1
2.16293476355917e-13	1.96707359135727	0.04	0.011	7.28779239233626e-09	c20	STAP1
2.72177051206153e-13	0.34081895866136	0.837	0.775	9.17073356334012e-09	c20	LEPROTL1
3.44940019859355e-13	0.521642365321643	0.412	0.29	1.16224090291411e-08	c20	THEM4
4.47285947084905e-13	0.441641512842857	0.572	0.45	1.50708527010788e-08	c20	C10orf54
5.00662163343465e-13	1.37650031101198	0.077	0.03	1.68693109316947e-08	c20	CFP
5.31351529195728e-13	0.662869968358518	0.375	0.266	1.79033584247209e-08	c20	UQCRHL
6.31472766009388e-13	1.04310463623966	0.143	0.074	2.12768433779203e-08	c20	SLC8B1
7.49231046043165e-13	0.195833889795904	0.98	0.961	2.52445908653784e-08	c20	RPL27A
7.98137377721056e-13	1.01431131056167	0.187	0.107	2.68924408049333e-08	c20	MYC
8.62865396218358e-13	0.696244292016257	0.252	0.155	2.90733866601814e-08	c20	BEX4
1.39280384724998e-12	2.08476397276708	0.029	0.007	4.69291328292408e-08	c20	AMN
1.56385355765695e-12	0.425032394138985	0.639	0.533	5.26924817716931e-08	c20	CCDC109B
1.96117255545131e-12	0.26463120776201	0.858	0.79	6.60797480833764e-08	c20	RPS17
2.18297770179585e-12	0.874574695192108	0.134	0.068	7.35532506843093e-08	c20	RP11-290D2.6
2.37417477232728e-12	0.794805640538707	0.259	0.167	7.99954447787953e-08	c20	LTA4H
2.40453910727379e-12	0.167371128669235	0.991	0.986	8.10185406804831e-08	c20	MT-ND1
2.55477843987013e-12	0.380648178354137	0.689	0.579	8.60807047529843e-08	c20	DENND2D
3.6784826704554e-12	1.67951495360473	0.065	0.025	1.23942795098324e-07	c20	COL6A2
5.58933413164224e-12	1.02500108065072	0.138	0.072	1.88327024231553e-07	c20	AIG1
6.39159450598565e-12	3.73132010043602	0.011	0.001	2.15358385284681e-07	c20	PDE6G
7.80677003165138e-12	1.03678575805365	0.133	0.069	2.63041309446462e-07	c20	HSF2
1.19626623923048e-11	1.65606225563929	0.041	0.012	4.03069946646319e-07	c20	FAM213A
1.33333164348977e-11	1.82451191106321	0.036	0.01	4.49252763957442e-07	c20	GSTM3
1.57688516474493e-11	1.96624162337662	0.046	0.015	5.31315687409156e-07	c20	PHGDH
1.75806369936682e-11	0.396769997605809	0.466	0.352	5.92361982864657e-07	c20	IL6ST
2.08141516310485e-11	0.892350219405318	0.191	0.114	7.0131202505655e-07	c20	TSPAN32
2.51328336169867e-11	2.04398282163911	0.032	0.008	8.4682569589075e-07	c20	CNKSR2
2.57976309268051e-11	0.707262787761614	0.262	0.171	8.69225376447771e-07	c20	TMEM204
2.82109291185972e-11	0.237711435063816	0.859	0.765	9.50539045722013e-07	c20	GIMAP7
2.85163488183935e-11	1.07959714073086	0.121	0.061	9.6082985708695e-07	c20	OSER1-AS1
2.86101733765599e-11	1.96653522561982	0.035	0.01	9.63991181749808e-07	c20	RGMB
3.01404126498602e-11	3.06175955774454	0.011	0.001	1.01555106382439e-06	c20	CIART
3.53809516775396e-11	1.03710930265392	0.097	0.045	1.19212578582302e-06	c20	LINC00243
4.77648705690349e-11	0.776839660055803	0.205	0.125	1.60938954895306e-06	c20	BNIP3
5.38762954694089e-11	1.10135387484853	0.108	0.053	1.81530789954626e-06	c20	SPATC1L
5.75873070435609e-11	0.881403470417755	0.17	0.098	1.94034672352574e-06	c20	MTRNR2L8
5.77283337272785e-11	0.56264091452575	0.345	0.245	1.94509847660692e-06	c20	AC241585.2
5.99571507906448e-11	0.893361298857883	0.131	0.069	2.02019623873999e-06	c20	CTD-2562J15.6
6.14086972992713e-11	0.172855424875371	0.992	0.98	2.06910464680165e-06	c20	FTL
7.16098478467002e-11	1.83877780464023	0.035	0.01	2.41282221334672e-06	c20	MEST
7.19710318912448e-11	0.775142419907103	0.187	0.111	2.4249919485436e-06	c20	FBLN5
7.21752700768550e-11	2.47208532278538	0.02	0.004	2.43187354996955e-06	c20	FGF14-AS2
9.24723271697406e-11	1.12204215808695	0.077	0.033	3.11576259165724e-06	c20	FAM117B
9.27628346511574e-11	0.718794507105569	0.311	0.219	3.1255509507361e-06	c20	PABPC4
1.33342617441711e-10	1.33019201251975	0.081	0.036	4.49284615208099e-06	c20	PXYLP1
2.27250616028637e-10	0.276889952312291	0.846	0.777	7.65698225646891e-06	c20	DNAJB1
2.3159401654507e-10	0.399637971034179	0.474	0.366	7.80332879346958e-06	c20	PPA1
2.61818212143832e-10	0.224070057816554	0.876	0.804	8.82170283997427e-06	c20	CD48
2.77656148506101e-10	2.07138204436786	0.029	0.008	9.35534626776458e-06	c20	AFF3
2.92990738497896e-10	1.060517026297	0.131	0.072	9.87202994294811e-06	c20	CASS4
2.97455733332195e-10	0.575591375741426	0.315	0.222	1.0022473478895e-05	c20	MAPKAPK5-AS1
3.55205119081078e-10	0.754822334737064	0.193	0.118	1.19682812823178e-05	c20	SERTAD2
3.87038501135379e-10	0.866492669214029	0.116	0.059	1.30408752572555e-05	c20	ZSCAN18
6.28965595297992e-10	3.08717119272309	0.012	0.002	2.11923667679705e-05	c20	NPAS2
7.23798454229581e-10	0.972705818546402	0.116	0.061	2.43876651168115e-05	c20	DPEP2
7.57133334766735e-10	0.399413493476971	0.604	0.508	2.55108505816304e-05	c20	TMC8
9.27760809675758e-10	1.09834185047005	0.08	0.037	3.1259972721215e-05	c20	NUAK2
9.94447462447903e-10	0.811556923573379	0.179	0.11	3.35069127997196e-05	c20	C11orf1
1.06861052600574e-09	0.230556098568225	0.863	0.779	3.60057630632374e-05	c20	GPSM3
1.44770796541054e-09	1.59765345666472	0.044	0.016	4.87790721865426e-05	c20	AMIGO1
1.5737319954728e-09	0.671300257391212	0.287	0.201	5.30253258554604e-05	c20	MSL3
1.64181919504527e-09	1.98913321873522	0.028	0.008	5.53194559578553e-05	c20	MAML3
1.81100323468219e-09	2.35185565017701	0.02	0.004	6.10199429893816e-05	c20	MRC2
2.13354538763528e-09	1.63174654688519	0.033	0.01	7.18876782909831e-05	c20	OSBPL1A
2.27189654405485e-09	2.95554680818616	0.011	0.001	7.65492821553842e-05	c20	RP3-512E2.2
2.90270480410443e-09	0.636621224109723	0.169	0.101	9.78037356694947e-05	c20	PECAM1
3.29276097152988e-09	1.63394225056407	0.041	0.014	0.000110946288174728	c20	CKAP4
3.60313973646713e-09	0.425683234422289	0.506	0.41	0.000121404190280523	c20	CHCHD10
4.04245747907963e-09	0.231250402751046	0.912	0.867	0.000136206562300109	c20	SLC25A6
4.06868901767995e-09	0.228810436750666	0.814	0.734	0.000137090407761708	c20	ANP32B
4.11942759787716e-09	0.636657898606244	0.247	0.169	0.000138799993482873	c20	RIC3
4.62948233943213e-09	1.178988202021	0.08	0.038	0.000155985777944826	c20	RP11-421L21.3
4.70538391067698e-09	1.70479899483128	0.04	0.014	0.00015854320548635	c20	ZNF69
5.61923339970325e-09	2.30783150190028	0.017	0.004	0.000189334450169601	c20	ZNF667-AS1
5.67689344295751e-09	1.20922520603753	0.084	0.041	0.00019127724766701	c20	CDK5R1
5.87753660552774e-09	0.197413131758993	0.919	0.892	0.000198037718386652	c20	EIF3K
5.8901006991537e-09	0.870737016084086	0.155	0.094	0.000198461052957285	c20	FAM175A
6.41184118244678e-09	2.09601137053109	0.025	0.007	0.000216040576801362	c20	C2orf40
7.3345456383002e-09	1.7084978049968	0.031	0.009	0.000247130180736887	c20	SYDE2
7.71694257493032e-09	0.448621033654702	0.393	0.296	0.000260014663119702	c20	SORL1
7.82979144718907e-09	0.729409350202317	0.131	0.074	0.000263816993021589	c20	RP11-1000B6.3
8.90442215607265e-09	0.768494138719876	0.153	0.092	0.000300025600126712	c20	DIP2B
8.95351578541426e-09	1.47480906760637	0.049	0.019	0.000301679760873748	c20	THAP7-AS1
1.21613104805598e-08	1.12102865029101	0.082	0.041	0.000409763195331982	c20	FLNB
1.26201729883227e-08	2.60138724945699	0.013	0.002	0.000425224108668544	c20	SDK2
1.32508830725478e-08	1.12174612831814	0.057	0.024	0.000446475254246424	c20	RP11-162G10.5
1.45905082877831e-08	0.95395672761307	0.096	0.05	0.000491612586248562	c20	TMEM38B
1.74304743967657e-08	1.10555226985074	0.089	0.045	0.000587302404324623	c20	TOP1MT
2.0152905514249e-08	2.07233520300609	0.025	0.007	0.000679031998397105	c20	RBM11
2.02312767560101e-08	1.0859388828291	0.076	0.036	0.000681672639017003	c20	TTC24
2.13915365167013e-08	0.864555425126923	0.151	0.093	0.000720766431393735	c20	FCGRT
2.27568598219627e-08	0.941988880352613	0.151	0.093	0.000766769634841213	c20	GPR18
2.30568772445679e-08	0.469097609984701	0.414	0.323	0.000776878421878471	c20	ST3GAL1
2.32529890474455e-08	1.71955500821352	0.031	0.01	0.000783486212964628	c20	PARK2
2.69607286728657e-08	1.46643031079867	0.035	0.012	0.000908414791903537	c20	FAM229B
3.36031015653676e-08	0.883295778767001	0.141	0.084	0.0011322229041435	c20	PPP1R3E
3.93338346691461e-08	1.20603365412576	0.081	0.041	0.00132531422534221	c20	CEP41
4.65475128043908e-08	2.329878560434	0.013	0.003	0.00156837189643114	c20	ZNF629
5.06937429152054e-08	1.03127455951468	0.077	0.038	0.00170807497378493	c20	RP11-326C3.11
5.23622507657387e-08	1.31773981136484	0.053	0.023	0.0017642936773008	c20	ZNF496
5.54206304747014e-08	1.61122852083307	0.028	0.009	0.00186734272321459	c20	MYO15B
6.02251065003573e-08	0.257760659220699	0.794	0.724	0.00202922473842304	c20	PNISR
6.12968655143754e-08	1.18470250204728	0.05	0.021	0.00206533658664136	c20	MAN1C1
6.68869517326394e-08	0.696386372053323	0.171	0.109	0.00225368895167955	c20	TRDMT1
7.56493919418675e-08	0.426007623103209	0.396	0.307	0.00254893061208928	c20	AC006129.2
7.80595097545469e-08	0.614859116593311	0.232	0.161	0.0026301371216697	c20	CDC37L1
8.00074578098159e-08	0.489115731355562	0.47	0.394	0.00269577128344394	c20	PSMA1
8.35089338221315e-08	0.67694438968724	0.218	0.15	0.0028137500162029	c20	LYRM5
8.44540484253462e-08	0.478971781311675	0.315	0.232	0.00284559470764362	c20	TMEM106B
9.56089443882012e-08	1.6938860625121	0.032	0.011	0.00322144777221605	c20	OLMALINC
1.06291660345332e-07	1.48874471614879	0.04	0.015	0.00358139120367563	c20	MICU3
1.17565988223582e-07	1.45933977297576	0.04	0.015	0.00396126840720536	c20	DENND5A
1.22807522241964e-07	0.646873256982024	0.21	0.144	0.00413787665442073	c20	TMEM263
1.28957642246268e-07	0.823884627353922	0.124	0.073	0.00434509879784574	c20	RP11-799D4.4
1.30016370245835e-07	0.796764177562764	0.096	0.052	0.00438077157906317	c20	ANKRD55
1.30429827952991e-07	0.659945094569979	0.278	0.208	0.00439470262304808	c20	RNF138
1.50295705609021e-07	0.653774116299955	0.235	0.164	0.00506406350479037	c20	MARCKSL1
1.66810290647887e-07	1.539310034241	0.035	0.013	0.00562050593308991	c20	FLJ31104
1.75744706812149e-07	0.454417027740557	0.393	0.313	0.00592154215132854	c20	VPS51
1.84336938707114e-07	2.45026780605077	0.013	0.003	0.0062110488127975	c20	RP1-100J12.1
1.86897587238319e-07	1.8223822355651	0.025	0.008	0.00629732730440791	c20	SH3BGRL2
1.88105547480459e-07	1.32035601356009	0.046	0.019	0.00633802831680659	c20	RP11-1017G21.5
2.1955328008499e-07	1.49152026723286	0.042	0.017	0.00739762821918367	c20	NET1
2.34078708537723e-07	0.537371940973638	0.266	0.194	0.00788704800547006	c20	SLC7A6
2.4345226408796e-07	1.3743867687428	0.046	0.02	0.00820288058617972	c20	KLF5
2.4407896283498e-07	0.791132146080546	0.145	0.091	0.0082239965737618	c20	MLXIP
2.58180457468181e-07	1.65238675860523	0.027	0.009	0.0086991323339329	c20	RP11-96H19.1
2.63929087482439e-07	0.729392534755219	0.155	0.099	0.00889282667363331	c20	CTD-3184A7.4
2.78865334916251e-07	0.414303183433468	0.462	0.375	0.00939608859466816	c20	DGKA
3.16281644587983e-07	2.01238856446298	0.017	0.004	0.0106567937327475	c20	IQSEC3
3.28935640136035e-07	0.507010534878031	0.165	0.106	0.0110831574587436	c20	SGK1
3.41276027051066e-07	2.35269003089185	0.016	0.004	0.0114989544554586	c20	PSD
3.46229672250044e-07	0.247965659652584	0.695	0.615	0.011665862576793	c20	IKZF1
3.53122973588968e-07	1.50573837254858	0.037	0.014	0.0118981254721067	c20	EDA
3.53763923110241e-07	0.70769802500435	0.181	0.122	0.0119197216252765	c20	BZW2
3.62703864934978e-07	0.859386227671367	0.089	0.048	0.0122209440251191	c20	PCSK1N
3.69497958793231e-07	0.804641212913179	0.101	0.057	0.0124498642235791	c20	SLC2A11
3.70866125702769e-07	0.886986399278011	0.131	0.082	0.0124959632394291	c20	BAG3
3.81715389024099e-07	0.147245393750191	0.954	0.932	0.012861518317778	c20	COMMD6
3.91886706339791e-07	0.23515266885674	0.765	0.676	0.0132042306834129	c20	C11orf31
4.39525395632277e-07	1.14030195626531	0.069	0.035	0.014809368680434	c20	KLF7
4.58542432168001e-07	0.416455584963798	0.263	0.186	0.0154501287094686	c20	S1PR1
4.86141097200294e-07	0.45330879307927	0.208	0.142	0.0163800381290667	c20	CMTM8
4.91897103515031e-07	0.981394451653473	0.081	0.043	0.0165739810058355	c20	ENTPD1-AS1
4.99162873049773e-07	2.74000803234821	0.011	0.002	0.016818793844539	c20	SAXO2
5.33304061505211e-07	0.127983523657746	0.992	0.976	0.0179691470483566	c20	HNRNPA1
6.0380088459197e-07	0.909183690036217	0.089	0.049	0.0203444670054418	c20	RP11-554J4.1
6.07433286559379e-07	1.11454208346071	0.049	0.022	0.0204668571573317	c20	GPRASP1
7.22808830658914e-07	1.36826167808182	0.035	0.013	0.0243543207402214	c20	RP11-326K13.4
7.70355423381776e-07	1.31199519941426	0.042	0.018	0.0259563556354255	c20	ADAMTS6
8.09293713519261e-07	0.719274257958102	0.109	0.064	0.027268342383318	c20	AMN1
8.17077417940399e-07	1.61963449742073	0.029	0.01	0.0275306065200838	c20	LRRC16A
8.90242419788507e-07	2.25900809537865	0.019	0.005	0.029995828092354	c20	PTK7
9.3382431615152e-07	0.278414996762318	0.696	0.633	0.0314642765084093	c20	TOMM20
9.67680126486709e-07	0.592185652015242	0.212	0.149	0.0326050141818432	c20	PITPNA-AS1
9.90572795179357e-07	0.885093650495518	0.122	0.075	0.0333763597607732	c20	PAQR8
1.00103557156796e-06	0.52161625031115	0.24	0.174	0.0337288925484108	c20	MRPS25
1.03924824479075e-06	1.46071452174665	0.029	0.01	0.0350164303599796	c20	ACVR1C
1.05809503100083e-06	0.428122207773386	0.089	0.049	0.0356514539745421	c20	TRAV14DV4
1.07681544213829e-06	2.14136974693723	0.016	0.004	0.0362822195074075	c20	CAHM
1.12688617724116e-06	0.217851747426248	0.73	0.654	0.0379693028559636	c20	HIST1H4C
1.17619508657893e-06	0.63452913912791	0.161	0.106	0.0396307172471903	c20	TECPR1
1.22843838376638e-06	1.66188991295026	0.02	0.006	0.0413910029026245	c20	ARHGAP5-AS1
1.256032281685e-06	1.52877057681846	0.021	0.006	0.0423207516990943	c20	AC093609.1
1.26817999294471e-06	2.29762977377235	0.013	0.003	0.042730056682279	c20	RP5-1187M17.10
1.35857991430576e-06	0.297232240836847	0.084	0.046	0.0457759916326183	c20	CD79A
1.3840244085537e-06	1.64984824156179	0.021	0.006	0.0466333184218085	c20	AC022182.1
1.3894132456291e-06	0.565365734696898	0.268	0.204	0.046814889898227	c20	CRTC3
