gene	p_val	avg_log2FC	pct.1	pct.2	p_val_adj	cluster
MMP23B	2.10143592762008e-08	0.025502196804711	2.88888888888889	0.97461552714471	9.68615350823954e-07	c14
PLCH2	0.00244495917650059	0.0233228777947513	3.66666666666667	2.1863998517695	0.0275151818613931	c14
ERRFI1	1.23638685092252e-05	0.0167326394964745	2	0.718917917361497	0.000299488271423318	c14
RP4-633I8.4	0.00317249067405222	0.00136050944721053	0.111111111111111	0.00741152492125255	0.033534485704355	c14
RP1-69M21.2	0.000182160685763826	0.000887134820712886	0.111111111111111	0.00370576246062627	0.00311085765135649	c14
DHRS3	0.00167637219933338	0.0485909787347299	15.4444444444444	12.355012043728	0.0202450483456412	c14
RP13-279N23.2	0.00317008512499043	0.00119111413262044	0.111111111111111	0.00741152492125255	0.033534485704355	c14
CAMK2N1	0.0012635469190049	0.0197987570963888	3.33333333333333	1.86029275523439	0.0159333644793979	c14
CNR2	1.51832664638213e-13	0.0252289103872553	2.44444444444444	0.529924031869557	1.45336642111362e-11	c14
RUNX3	5.00041393582901e-09	0.126275468399543	34.1111111111111	27.4485825458588	2.56444364008863e-07	c14
RP4-799D16.1	8.30633607107636e-08	0.00989249586784464	0.888888888888889	0.144524735964425	3.27337646291049e-06	c14
KDF1	0.00014147734193936	0.0164255644597677	2.33333333333333	1.01908467667223	0.00256839308152197	c14
PTP4A2	0.000145608708645565	0.0889309265076988	48.7777777777778	47.059477487493	0.0026308280763573	c14
ZSWIM5	0.000601408979443186	0.0104254242154311	1.66666666666667	0.685566055215861	0.00855015787061549	c14
ZFYVE9	2.12806118710086e-08	0.0295122608130617	4	1.58606633314805	9.79547727297491e-07	c14
ZCCHC11	0.00193137770966965	0.0679815927421871	29.2222222222222	26.7741337780248	0.0228771888402769	c14
JUN	1.83012522195922e-05	0.191646765920906	86.7777777777778	82.3790994997221	0.000422937168921083	c14
JAK1	7.66765049124369e-06	0.0859938307473378	74.4444444444444	73.9262553270335	0.000194690139903515	c14
GIPC2	3.81633736011094e-06	0.00565318191904348	0.555555555555556	0.0778210116731518	0.000105055286774165	c14
RPL5	0.00132390361181614	0.0730058807619414	99.6666666666667	99.5478969798036	0.0165993316135769	c14
RP5-896L10.1	4.36275509493709e-08	0.00149616687669901	0.111111111111111	0	1.79266670937574e-06	c14
CDC14A	0.00441289611774367	0.0589676505000749	26.2222222222222	23.6909394107838	0.0438608028882759	c14
S1PR1	7.10820543558824e-05	0.0786276615622075	23	18.7066889012414	0.00141802175220077	c14
LINC01307	0.00018195270096419	0.00112178228063187	0.111111111111111	0.00370576246062627	0.00311085765135649	c14
VAV3	7.42728317811234e-06	0.0477161809227445	8.11111111111111	4.94348712247545	0.000189443512038847	c14
RP11-483I13.2	4.36275509493709e-08	0.00135855949397261	0.111111111111111	0	1.79266670937574e-06	c14
RP11-131J3.1	0.00018195270096419	0.0012966298013024	0.111111111111111	0.00370576246062627	0.00311085765135649	c14
AMIGO1	0.00511163862206666	0.0174236182538079	2.77777777777778	1.5934778580693	0.0494918252103201	c14
KCNC4-AS1	0.00268042486920412	0.00243126835971222	0.222222222222222	0.0296460996850102	0.0297184059042328	c14
KCNA3	0.00398926742126125	0.0608020258150421	24.7777777777778	22.1641652770057	0.0404155557561062	c14
DENND2D	0.00358214871912665	0.06001587386838	57.8888888888889	58.2286455438206	0.0369616625348334	c14
AC241377.2	0.00273238550162967	0.0401971420824659	10.7777777777778	8.24902723735408	0.0301479438237281	c14
RP11-403I13.7	0.00115720377421487	0.010977809856316	1.55555555555556	0.652214193070224	0.0148197734581512	c14
AC241585.2	6.03369143292513e-06	0.0914296834311821	29.4444444444444	24.6099685010191	0.000158624475236124	c14
CD160	0.000389844358744011	0.0247190246718248	3.11111111111111	1.59718362052992	0.00591685397455887	c14
TXNIP	1.42669631125516e-38	0.479514691129295	97.4444444444444	93.7261441541597	5.93470438412733e-36	c14
AC245100.1	1.13444437663643e-06	0.102652145357512	32.5555555555556	27.2670001852881	3.55902875478472e-05	c14
LINC00869	1.1443621552724e-14	0.14455158503366	29.1111111111111	20.3261070965351	1.2810012777325e-12	c14
RPS27	1.6757726251885e-45	0.198852006370043	100	100	9.41058047218355e-43	c14
CHRNB2	0.00317008512499043	0.00151369423114346	0.111111111111111	0.00741152492125255	0.033534485704355	c14
FCRL3	3.94429435453667e-44	0.211767833576785	26.4444444444444	11.5175097276265	2.10950879336124e-41	c14
FCRL2	0.00317008512499043	0.00121677605675626	0.111111111111111	0.00741152492125255	0.033534485704355	c14
PYHIN1	7.78695270214873e-07	0.113440810835654	40.5555555555556	35.6605521586066	2.51075200331291e-05	c14
FCRL6	2.02518955055749e-33	0.156218989706321	20.6666666666667	9.00129701686122	7.22269808477829e-31	c14
LINC01133	4.36275509493709e-08	0.00107352588554845	0.111111111111111	0	1.79266670937574e-06	c14
SLAMF6	3.42383795168482e-08	0.120811958340461	33.8888888888889	28.2008523253659	1.50801040449763e-06	c14
SLAMF7	1.28177363968707e-21	0.132839380323112	21	11.1321104317213	2.49642086795468e-19	c14
LY9	6.23713610650006e-05	0.0883553867930111	36.1111111111111	32.2216045951455	0.00125991645067394	c14
CD244	0.00383516059929794	0.0321585070489202	6.88888888888889	4.88419492310543	0.039028058360841	c14
FCGR3A	1.72666750046667e-05	0.0176133864432251	2.33333333333333	0.91532332777469	0.000402897055129668	c14
RP11-25K21.1	0.00018195270096419	0.00168943963093264	0.111111111111111	0.00370576246062627	0.00311085765135649	c14
RP11-466F5.10	0.00317008512499043	0.00156389139267889	0.111111111111111	0.00741152492125255	0.033534485704355	c14
ADCY10	0.00018195270096419	0.00112123145145112	0.111111111111111	0.00370576246062627	0.00311085765135649	c14
XCL2	1.62393719988262e-55	0.303496878009474	30	12.5440059292199	1.33455951250841e-52	c14
PRRC2C	0.00119656372001938	0.0531515354320022	71	72.0844913841023	0.0152484939418808	c14
GLUL	8.93467187408468e-09	0.121722081320949	28.7777777777778	21.7676486937187	4.43364998711943e-07	c14
RP11-382D12.2	0.00317008512499043	0.00120581795828748	0.111111111111111	0.00741152492125255	0.033534485704355	c14
C1orf21	6.42758372821256e-28	0.109768801224756	14.4444444444444	5.67352232721883	1.74654037208382e-25	c14
KIF21B	0.00107667965971772	0.0542290171785613	15.5555555555556	12.4402445803224	0.0140029439566959	c14
LGR6	0.000101981766096742	0.018547661203171	2.88888888888889	1.34519177320734	0.00194134103212635	c14
BTG2	3.92335806129711e-26	0.342241230428166	69.4444444444444	56.1534185658699	9.64916981878429e-24	c14
CDK18	8.57833799054048e-06	0.0102527082978141	1.22222222222222	0.326107096535112	0.000215539537847331	c14
FCMR	1.07119598892773e-06	0.119879999924051	60.8888888888889	54.8008152677413	3.37948292611711e-05	c14
PIGR	0.00268381758125891	0.00220245429748034	0.222222222222222	0.0296460996850102	0.02974623341544	c14
CD55	0.00110574802400973	0.0605456238281748	20	16.6574022605151	0.0142966515429715	c14
HHAT	0.00134548031777986	0.0206618305464288	3.44444444444444	1.94552529182879	0.0168128919199338	c14
TMEM63A	0.00345140176662451	0.0489097257130183	16.4444444444444	13.6409116175653	0.0359127166648861	c14
RP11-245P10.8	3.00668331959773e-05	0.0026735115849952	0.222222222222222	0.0148230498425051	0.000655285819990465	c14
LYST	9.14589230447552e-13	0.156068337280741	36.8888888888889	27.5597554196776	8.06706008657063e-11	c14
AKT3	0.00510212057660319	0.0440869352494032	11.5555555555556	9.18287937743191	0.049442292409568	c14
RPS7	5.2581791911465e-10	0.0767018538252353	99.8888888888889	99.9518250880119	3.11369226127399e-08	c14
ID2	0.000162277210811757	0.11681914567713	48.1111111111111	44.2282749675746	0.00288536587920387	c14
AC007249.3	0.00317008512499043	0.00132662129796186	0.111111111111111	0.00741152492125255	0.033534485704355	c14
FAM49A	9.47866589168023e-06	0.025646207691764	3	1.28960533629794	0.000236223497451386	c14
RHOB	6.85602194405154e-08	0.141870104090116	29.2222222222222	22.9683157309616	2.75664443177652e-06	c14
IFT172	0.00483940306122618	0.0162693358472459	2.77777777777778	1.58236057068742	0.0474560089478914	c14
RBKS	0.000366570390447004	0.0883523997529088	19.5555555555556	15.8791921437836	0.00562441836781483	c14
LINC00486	0.000182160685763826	0.000910833158345006	0.111111111111111	0.00370576246062627	0.00311085765135649	c14
AC006369.2	4.3101269902691e-05	0.0662600151073624	15.7777777777778	11.8621456364647	0.000907091935103854	c14
SRSF7	0.00082640485274958	0.0846961236924892	74.7777777777778	73.9892532888642	0.0111737099151462	c14
ZFP36L2	9.10506789039e-69	0.521412587121564	99.5555555555556	97.2873818788216	1.022620524996e-65	c14
RPS27A	2.08490332671861e-08	0.0943965996788725	100	99.9814711876969	9.62311406718588e-07	c14
REL	1.82308584898551e-09	0.13446896324905	47.7777777777778	40.8486196034834	9.98813895865331e-08	c14
TMEM17	0.000193333540501147	0.00490021806951571	0.444444444444444	0.0741152492125255	0.00326299372337808	c14
CEP68	0.0031009100390702	0.043398163748307	12.3333333333333	9.69798035945896	0.0333595347562041	c14
AC015969.3	0.000182160685763826	0.00132369088947512	0.111111111111111	0.00370576246062627	0.00311085765135649	c14
PLEK	3.50450777088292e-29	0.172318573914487	25.3333333333333	12.8886418380582	1.01793866234594e-26	c14
CD8A	1.07253962012482e-145	1.18324377701589	87	40.4372799703539	9.03453749012144e-142	c14
CD8B	7.48601356937275e-122	0.821888980058311	76.3333333333333	37.2243839169909	3.15292176508057e-118	c14
AC104134.2	0.00014806501894049	0.00217959667125112	0.222222222222222	0.0185288123031314	0.00266430457479494	c14
IGKV2D-28	0.00500103941339168	0.00207098351638877	0.222222222222222	0.0333518621456365	0.048676861674935	c14
DUSP2	1.27902433993637e-202	1.39938943779855	96.5555555555555	68.6455438206411	2.15477230549081e-198	c14
AC159540.2	0.00317008512499043	0.00124234861447294	0.111111111111111	0.00741152492125255	0.033534485704355	c14
MGAT4A	0.000243752166404866	0.0790349549352061	33	29.3014637761719	0.00394855071867574	c14
GCC2	0.00216731943877439	0.075062238054972	44.8888888888889	44.5877339262553	0.0250430936797203	c14
IL37	0.00018195270096419	0.00135768427919353	0.111111111111111	0.00370576246062627	0.00311085765135649	c14
RP11-480C16.1	0.00193226929274462	0.00316829336014037	0.333333333333333	0.0592921993700204	0.0228771888402769	c14
AC009303.1	0.00317249067405222	0.00124236032632346	0.111111111111111	0.00741152492125255	0.033534485704355	c14
PTPN4	0.000239762858846642	0.0772060957021669	27.1111111111111	23.6205299240319	0.00390269070820229	c14
RAB6C	3.26523544791642e-06	0.00243981838803772	0.222222222222222	0.0111172873818788	9.16060309592805e-05	c14
CXCR4	1.67238285029829e-74	0.531913452402156	97.5555555555556	92.0993144339448	2.16727952915195e-71	c14
AC096558.1	4.36275509493709e-08	0.00137609368279056	0.111111111111111	0	1.79266670937574e-06	c14
ZEB2	2.70080652754214e-12	0.12288489697831	20.8888888888889	13.5000926440615	2.23041605732855e-10	c14
RP11-605B16.1	4.36275509493709e-08	0.00143359988441803	0.111111111111111	0	1.79266670937574e-06	c14
NR4A2	8.67950216189974e-31	0.341982089786036	53.1111111111111	37.4059662775616	2.78521091279095e-28	c14
CYTIP	8.52954823915378e-06	0.103250450552071	88	86.7037242912729	0.00021447358087317	c14
WIPF1	4.20726596807435e-08	0.12431690770431	74.2222222222222	70.2316101537891	1.79266670937574e-06	c14
RP11-171I2.3	0.0031748978867719	0.00105638708632403	0.111111111111111	0.00741152492125255	0.033534485704355	c14
UBE2E3	0.00220151688446254	0.065457684979672	26.8888888888889	24.5469705391884	0.0254033938031099	c14
CLK1	0.000314647198136682	0.0802264530518211	46	44.6173800259403	0.00491959289745586	c14
EEF1B2	0.00217068474324108	0.0869713896521294	98.5555555555556	97.3466740781916	0.0250733807812015	c14
AC098820.4	0.00317249067405222	0.00123194139278707	0.111111111111111	0.00741152492125255	0.033534485704355	c14
TUBA4A	7.60905142368812e-08	0.132110323464108	63	60.5410413192514	3.02691120035121e-06	c14
EPHA4	7.62650293260217e-24	0.13943005820745	20.1111111111111	10.2093755790254	1.66861941435778e-21	c14
ITM2C	7.65467708380916e-51	0.407834049533879	58	34.2004817491199	5.48758914174183e-48	c14
ITPR1-AS1	0.00206127311147319	0.00659903298445178	0.777777777777778	0.244580322401334	0.0240987287362865	c14
LINC00691	4.36275509493709e-08	0.0013126436635707	0.111111111111111	0	1.79266670937574e-06	c14
RP11-222K16.2	3.00381159953705e-31	0.159426958553869	21.7777777777778	10.1315545673522	9.82625514900984e-29	c14
EOMES	8.15045858724906e-58	0.325603073031485	41.3333333333333	19.8406522141931	6.86553879096924e-55	c14
CMC1	1.59930568960045e-40	0.362551510709224	49.6666666666667	33.3555679080971	7.09039551386812e-38	c14
TGFBR2	3.89474272125828e-14	0.192000069635157	55.6666666666667	47.3522327218825	4.10092066406489e-12	c14
SUSD5	4.36275509493709e-08	0.00126698331674298	0.111111111111111	0	1.79266670937574e-06	c14
AC123023.1	6.35622758933704e-06	0.00404788469962933	0.333333333333333	0.0296460996850102	0.000165635523894139	c14
RPL14	1.30757652631666e-13	0.107051440726519	99.8888888888889	99.9444135630906	1.25878524222038e-11	c14
SETD2	0.00475991233532514	0.0608109898012029	23	20.5188067444877	0.0467581592496925	c14
CSPG5	0.00018195270096419	0.00123598816518348	0.111111111111111	0.00370576246062627	0.00311085765135649	c14
RP11-475O23.2	4.36275509493709e-08	0.00160161823623322	0.111111111111111	0	1.79266670937574e-06	c14
LRIG1	0.00299822148282115	0.0360230078551786	9	6.65925514174541	0.0324516783302845	c14
MTRNR2L12	5.04151435933142e-13	0.257842888756921	64	55.0009264406152	4.56636518342239e-11	c14
RP11-389G6.4	0.00317249067405222	0.00114811691470285	0.111111111111111	0.00741152492125255	0.033534485704355	c14
CBLB	1.91553439148935e-16	0.208189953946589	57.5555555555556	49.2569946266444	2.55106781766174e-14	c14
DUBR	0.000588317894226504	0.00747485949446781	0.888888888888889	0.266814897165092	0.00838172648121262	c14
RP11-553L6.2	0.0020892465538755	0.0650268794131694	15.7777777777778	13.0516953863257	0.024346090305972	c14
CNBP	0.00378555503065041	0.0503133610862441	91.6666666666667	91.3841022790439	0.03863857297439	c14
ZBTB38	3.40980161535143e-13	0.167867065847677	46.7777777777778	38.7400407633871	3.17375291789091e-11	c14
RAP2B	2.43891100686465e-05	0.0855654612465589	22.8888888888889	18.7326292384658	0.0005445769878416	c14
CCNL1	0.000439873005076539	0.0764919288550322	52.2222222222222	51.2581063553826	0.00654292331537189	c14
B3GALNT1	0.000104087780493247	0.00585979580182424	0.555555555555556	0.103761348897536	0.00197555404610375	c14
SLC7A14	4.36275509493709e-08	0.00143338782414869	0.111111111111111	0	1.79266670937574e-06	c14
EIF4A2	0.00039813982194719	0.0706871079382576	75.5555555555556	76.4017046507319	0.0060183594260604	c14
TPRG1	2.237734108155e-27	0.14053894599383	18.8888888888889	8.77524550676302	5.89048539376363e-25	c14
RPL35A	1.8258401072374e-07	0.0782072091598653	100	99.9481193255512	6.82795300480099e-06	c14
RP11-1191J2.2	1.19886919327155e-07	0.00279036323172035	0.222222222222222	0.00741152492125255	4.61126696325246e-06	c14
SPON2	0.00112130529433643	0.0592038163412573	17.6666666666667	14.5191773207337	0.0144327592925607	c14
FAM53A	0.00500964989941121	0.00668541755986049	0.888888888888889	0.329812858995738	0.0487283902167325	c14
LYAR	4.7143937887405e-90	0.475051697689018	61.2222222222222	33.6668519547897	8.82482135099014e-87	c14
NSG1	2.00834756425624e-12	0.0812845178619495	12.6666666666667	6.80748564017046	1.69597149949999e-10	c14
RP11-689P11.2	6.37828492798757e-06	0.00370429737816292	0.333333333333333	0.0296460996850102	0.000166081864268635	c14
CC2D2A	3.26523544791642e-06	0.00257991441203834	0.222222222222222	0.0111172873818788	9.16060309592805e-05	c14
RP11-799M12.2	0.00018195270096419	0.00151318159066921	0.111111111111111	0.00370576246062627	0.00311085765135649	c14
RP11-362J17.1	4.36275509493709e-08	0.00138524946366453	0.111111111111111	0	1.79266670937574e-06	c14
ARAP2	1.32963764259934e-08	0.123273563211267	38.7777777777778	32.632944228275	6.37280380223929e-07	c14
DTHD1	3.21986798950695e-12	0.0937424687838477	14.7777777777778	8.34167129886974	2.62053700575959e-10	c14
KLF3	5.84491633985862e-28	0.199534198739868	31.3333333333333	18.1915879192144	1.60112691996094e-25	c14
RPL9	0.000393958504534006	0.0774283330737946	99.6666666666667	99.6108949416342	0.00596854219953633	c14
UGDH-AS1	0.00270369945117514	0.00582487132525719	0.555555555555556	0.148230498425051	0.0299134920137057	c14
SMIM14	1.12473833017248e-05	0.0613193958144925	13	9.07541226607374	0.000275413759424648	c14
ATP8A1	6.90510689783612e-14	0.140127054542818	28.1111111111111	19.4070780062998	6.92442475641935e-12	c14
RP11-109E24.2	0.00205765401724815	0.00627197916319799	0.777777777777778	0.244580322401334	0.0240647672534394	c14
RP11-700J17.1	0.000491326428994526	0.00230434785851047	0.222222222222222	0.0222345747637576	0.00716966336013061	c14
TEC	7.69479017772868e-07	0.0310388301276568	4.66666666666667	2.19751713915138	2.48579348272666e-05	c14
SLC4A4	1.05599925482272e-06	0.0204814906291148	2.55555555555556	0.930146377617195	3.33778976472765e-05	c14
AREG	1.99966502618739e-18	0.199384438279453	26.8888888888889	16.727811747267	3.0765622553588e-16	c14
CNOT6L	7.37527894562444e-11	0.14479047584195	38.5555555555556	31.9251435982953	4.90143291506647e-09	c14
FRAS1	0.00317249067405222	0.00119401892916809	0.111111111111111	0.00741152492125255	0.033534485704355	c14
SCD5	0.00297530912510449	0.0154430224438297	2.44444444444444	1.2970168612192	0.0322658724368429	c14
PLAC8	7.17918342386966e-09	0.104288556043063	23.3333333333333	16.7908097090976	3.61577587868258e-07	c14
HSD17B11	0.00073422187028414	0.0746317518542375	36.3333333333333	34.4598851213637	0.0101140113235298	c14
AF213884.2	0.000411985049278689	0.0283547433731292	5.11111111111111	3.07578284231981	0.00620260243538701	c14
DKK2	0.00018195270096419	0.00132903751681485	0.111111111111111	0.00370576246062627	0.00311085765135649	c14
RPL34	0.000880164590449886	0.0720024268823414	100	99.9814711876969	0.0117875904978395	c14
CCDC109B	6.30742705596854e-10	0.147033186313353	57.8888888888889	53.4889753566796	3.67685894850872e-08	c14
TRPC3	0.00233305313185335	0.00812369486500524	1	0.363164721141375	0.0265305069944876	c14
IL15	0.0017092214018882	0.0254564425028255	5.33333333333333	3.4278302760793	0.0205974627736842	c14
PRMT9	0.00397303403757861	0.0666828639869534	26.2222222222222	23.6798221234019	0.0403215086934258	c14
NR3C2	0.000397057067142271	0.0247516035571899	4.33333333333333	2.47915508615898	0.00600738249676321	c14
RPS3A	0.000657445735439202	0.0613818467931164	99.7777777777778	99.9481193255512	0.00922230499995357	c14
SLC25A4	1.70492397290376e-05	0.042642052107449	7.66666666666667	4.68778951269224	0.000398099156916281	c14
ZDHHC11	0.000147699301503227	0.00256096713996747	0.222222222222222	0.0185288123031314	0.0026612728689036	c14
LPCAT1	3.00812755917999e-07	0.0741128541342483	15.1111111111111	10.2871965906985	1.06020763576371e-05	c14
CTD-2245E15.3	0.00018195270096419	0.00148315663383071	0.111111111111111	0.00370576246062627	0.00311085765135649	c14
CTD-2256P15.4	0.00317008512499043	0.00119886326716503	0.111111111111111	0.00741152492125255	0.033534485704355	c14
IL7R	1.22097867398386e-81	0.815435523605548	95.6666666666667	79.3292569946266	1.78868067135704e-78	c14
OSMR	0.000491326428994526	0.00266576280330369	0.222222222222222	0.0222345747637576	0.00716966336013061	c14
EMB	2.48425935031839e-05	0.0947241131529194	60.7777777777778	58.6029275523439	0.000553968461612362	c14
PARP8	5.50469768775144e-40	0.331128573336606	63.2222222222222	46.2812673707615	2.4087699206636e-37	c14
ESM1	0.00141867302282093	0.0120889670249611	1.66666666666667	0.730035204743376	0.0175544505438591	c14
GZMK	3.48122371514714e-258	1.70457139974699	99.1111111111111	50.0982027052066	1.17296351858168e-253	c14
GZMA	2.95312692857336e-64	0.75671414240311	89	51.7917361497128	3.01523208276821e-61	c14
RP11-506H20.1	0.00018195270096419	0.00119135974749093	0.111111111111111	0.00370576246062627	0.00311085765135649	c14
ADAMTS6	1.03993848295056e-05	0.0272973441467248	3.77777777777778	1.78988326848249	0.000256513083781378	c14
PIK3R1	6.62401595201608e-43	0.384764856999219	63	49.5201037613489	3.33118796249597e-40	c14
MAP1B	0.000491590023293713	0.00275424072264929	0.222222222222222	0.0222345747637576	0.00717040443500362	c14
ENC1	1.15198725592882e-08	0.0420474776648098	6.11111111111111	2.85343709468223	5.60911251463377e-07	c14
FAM169A	0.00372148219129841	0.0204038971539061	4.44444444444444	2.82749675745785	0.0381361377596133	c14
CTD-2503O16.4	6.15804487932367e-74	0.0619430772471874	5.77777777777778	0.555864369093941	7.6847838579234e-71	c14
F2R	3.68202146649452e-13	0.126357366480633	27.6666666666667	18.6585139892533	3.38967298612203e-11	c14
RASGRF2	0.000204695640769538	0.0271309441925882	4.66666666666667	2.66073744672966	0.00342113835321865	c14
RPS23	3.00810584456431e-09	0.0901332378393729	99.8888888888889	99.9814711876969	1.59572758056141e-07	c14
CCNH	5.78699768719676e-10	0.151195442518768	53.6666666666667	47.8191587919214	3.40291623163015e-08	c14
LIX1	0.00317008512499043	0.00182072014473852	0.111111111111111	0.00741152492125255	0.033534485704355	c14
FER	0.0037421368614314	0.0187483028733695	3.44444444444444	2.05669816564758	0.0382895716395595	c14
MAN2A1	1.60230490405708e-07	0.0984067857500219	23.2222222222222	17.6616638873448	6.03893304667776e-06	c14
CTC-487M23.7	0.00317008512499043	0.00137255693921471	0.111111111111111	0.00741152492125255	0.033534485704355	c14
CDC42SE2	0.000123652008479014	0.0761312831844595	60.1111111111111	59.9258847507875	0.00229436775313753	c14
TCF7	1.54033949377447e-07	0.123073477201428	46.5555555555556	39.2884936075598	5.81840794879337e-06	c14
CTB-46B19.2	0.0031748978867719	0.000726643376302459	0.111111111111111	0.00741152492125255	0.033534485704355	c14
NRG2	4.10632469572183e-08	0.0228776730655383	2.44444444444444	0.770798591810265	1.78297041620685e-06	c14
PCDHB2	0.00317008512499043	0.00123502833674183	0.111111111111111	0.00741152492125255	0.033534485704355	c14
PCDHGB1	0.00317008512499043	0.00138103598125024	0.111111111111111	0.00741152492125255	0.033534485704355	c14
ARHGAP26	0.00224445581196254	0.0359846891188381	8.66666666666667	6.28867889568279	0.0258192878553314	c14
PPP2R2B	5.41914449111525e-05	0.0643199605014395	17.3333333333333	13.1739855475264	0.00111541022897762	c14
ADRB2	3.19663262408404e-05	0.0497762274379449	9	5.83657587548638	0.000693543719484144	c14
CD74	5.96118235237102e-06	0.173293537342871	98.1111111111111	94.9453400037058	0.000157287453547995	c14
RPS14	5.57732903686805e-40	0.189701137472273	100	99.9851769501575	2.40926313549015e-37	c14
AC016577.1	4.36275509493709e-08	0.00134115352658535	0.111111111111111	0	1.79266670937574e-06	c14
ITK	0.000129184636037231	0.089691110178078	56.8888888888889	55.2862701500834	0.0023824560080123	c14
DUSP1	1.58086629443619e-53	0.577473478916855	98.1111111111111	89.7461552714471	1.18368242054962e-50	c14
DBN1	2.1918495200326e-12	0.0595406384149045	6.88888888888889	2.90161200667037	1.83711884895468e-10	c14
RNF130	0.00160192981019838	0.0360362390768834	7.77777777777778	5.48082267926626	0.01948571228333	c14
SCGB3A1	0.000107029378534115	0.00870895006639434	1.11111111111111	0.329812858995738	0.0020169171590204	c14
FLT4	1.6370045713152e-10	0.0254170138194546	2.88888888888889	0.841208078562164	1.03874259935771e-08	c14
TUBB2A	0.00355915727114573	0.0318535989136092	6.88888888888889	4.83972577357791	0.0367859647527559	c14
LY86-AS1	0.00317249067405222	0.00111600847842223	0.111111111111111	0.00741152492125255	0.033534485704355	c14
RP1-151F17.1	0.0017911523323289	0.0318542587445584	5.77777777777778	3.84658143413007	0.0214010945693227	c14
E2F3	0.000418118461379186	0.0561601639689928	12.6666666666667	9.56827867333704	0.00627811204889051	c14
FAM65B	8.48396950722342e-15	0.18090192115331	45	35.4678525106541	9.59257948242906e-13	c14
HIST1H4C	4.64514043845423e-24	0.276143513797625	73.7777777777778	65.3622382805262	1.02969317061366e-21	c14
HIST1H1D	7.6162578616814e-05	0.0998931015932213	33.5555555555556	29.7239206966833	0.00150954230818525	c14
BTN3A2	0.000434786060846188	0.0770033230806396	55.7777777777778	54.8786362794145	0.00649077604525984	c14
BTN3A1	0.0033874098394475	0.0646259500031145	26.7777777777778	24.5321474893459	0.0353434686956621	c14
HIST1H4K	0.00286871391815887	0.00314882664508446	0.333333333333333	0.0629979618306467	0.0313724267310759	c14
HLA-F	2.00880166941844e-07	0.110278852198189	80	79.0883824346859	7.43786411531702e-06	c14
HLA-E	2.18750059529405e-11	0.116116860254219	100	99.1958495460441	1.58506763565243e-09	c14
LINC00243	0.00150131192771736	0.0290289690308426	6.77777777777778	4.58032240133407	0.0184955042385772	c14
XXbac-BPG181M17.5	0.000182160685763826	0.00128499774918394	0.111111111111111	0.00370576246062627	0.00311085765135649	c14
HLA-DPB1	1.2211283682166e-05	0.121511942441357	70.2222222222222	60.366870483602	0.000296218137067603	c14
RPS18	0.00203797844350484	0.0715478440687356	100	99.9481193255512	0.0238677948124616	c14
CCND3	6.14032988604864e-07	0.112526186167781	67.2222222222222	64.798962386511	2.0224073820188e-05	c14
RP1-8B1.4	2.25945429303223e-07	0.0154055213925322	1.77777777777778	0.496572169723921	8.22179894690603e-06	c14
ENPP5	9.16197984965974e-17	0.0376364930950447	4.22222222222222	1.13025755049101	1.28092841931301e-14	c14
EFHC1	1.17981850688243e-05	0.0375542439168006	6.11111111111111	3.44635908838243	0.000287023861161709	c14
PHF3	0.00179013216729434	0.073018337036899	35.1111111111111	33.2851584213452	0.0213964928147625	c14
NT5E	4.15501790904093e-14	0.0392067015282805	4.33333333333333	1.32295719844358	4.34780041699457e-12	c14
PNRC1	1.13229782520856e-32	0.274568212019828	97.1111111111111	93.2184546970539	3.93315906418321e-30	c14
RRAGD	0.000819088821875033	0.00895945138940581	1	0.329812858995738	0.0110925959663414	c14
USP45	1.97031895503171e-06	0.0438459792056411	7.55555555555556	4.33203631647211	5.82929403845964e-05	c14
AIM1	4.00507572968751e-14	0.17569338840526	42.1111111111111	32.4328330554011	4.20395706031436e-12	c14
SCML4	3.11520348865161e-07	0.116792653772246	47.1111111111111	41.9492310542894	1.09337152444404e-05	c14
METTL24	4.16277910248602e-07	0.0143468291572662	1.55555555555556	0.411339633129516	1.42831648756786e-05	c14
FYN	6.15421978675041e-52	0.393575862240144	77.7777777777778	63.7465258476932	4.50783220640801e-49	c14
DCBLD1	0.00032945249785188	0.0347696837791586	6.22222222222222	3.92440244580322	0.00512019025028656	c14
SAMD3	8.80364665345278e-60	0.355931142912861	50.7777777777778	28.1675004632203	8.01702892814698e-57	c14
VNN2	0.000141958828426738	0.0431956968628352	9.66666666666667	6.58884565499352	0.00257159180914543	c14
RPS12	1.03363627409142e-10	0.12038589977374	100	99.9925884750787	6.69756550369927e-09	c14
IFNGR1	9.77264212861778e-20	0.185943907902902	30.7777777777778	20.485454882342	1.65467037126456e-17	c14
TNFAIP3	0.000879097620277337	0.105450299831765	79.7777777777778	76.698165647582	0.0117821460690631	c14
CITED2	5.91174023502455e-13	0.211471344594081	58.2222222222222	48.6751899203261	5.2976110499712e-11	c14
UTRN	2.93628582532973e-06	0.107441758452786	37	32.7107652399481	8.32087591241884e-05	c14
SYNE1	1.25079871177459e-05	0.101086665962687	34.5555555555556	30.8097090976468	0.000302544233988033	c14
SYTL3	3.86523650287926e-08	0.126714883606167	32.3333333333333	26.5369649805447	1.68698547575148e-06	c14
TAGAP	4.96712295756817e-15	0.234464113661585	69.7777777777778	64.2801556420233	5.75127975712378e-13	c14
CYTH3	8.05708019769408e-05	0.0340785369980998	6.44444444444444	3.89105058365759	0.00158943360761771	c14
ZNF853	0.000318959325111046	0.0125466006454241	1.77777777777778	0.722623679822123	0.00497316774654863	c14
TOMM7	2.78611936144367e-07	0.0954461646395082	97.4444444444444	96.7500463220308	9.93391595391354e-06	c14
MPP6	5.2521855428389e-07	0.0392306332301834	6.22222222222222	3.22771910320549	1.76967139680414e-05	c14
CHN2	1.65063211520104e-05	0.0345093750145872	5.88888888888889	3.30554011487864	0.000387840993651213	c14
HERPUD2	9.51525312149229e-06	0.10224144947399	42.3333333333333	39.1069112469891	0.000236960043367008	c14
AOAH	1.11756737512805e-49	0.298935714362964	41.8888888888889	21.9084676672225	7.53106302751292e-47	c14
TRGC2	5.04562272541342e-14	0.0920144899537972	13.3333333333333	7.00389105058366	5.23099114184861e-12	c14
TRGC1	2.67453968400551e-09	0.0483603436299105	6.11111111111111	2.79785065777284	1.42814485123426e-07	c14
TRGV10	2.79415562639939e-16	0.132797741625313	18	9.78691865851399	3.62101075676542e-14	c14
TRGV9	1.62066591160989e-06	0.0618079657712035	8.22222222222222	4.75449323698351	4.8974634283214e-05	c14
TRGV8	1.1605729311812e-09	0.0582070245470298	7	3.29071706503613	6.52827117582961e-08	c14
TRGV7	1.31772803646473e-05	0.0453890843692875	6.44444444444444	3.70205669816565	0.000316913122488527	c14
TRGV4	1.64426291415897e-23	0.100024460683935	10.6666666666667	3.95775430794886	3.55139709164565e-21	c14
TRGV2	1.38474942272152e-38	0.156237686794165	15.5555555555556	5.40300166759311	5.83221838114736e-36	c14
STK17A	3.62984910547739e-07	0.136217564518562	85.1111111111111	80.4150453955901	1.25568927884964e-05	c14
IGFBP3	0.000823410668224999	0.0332748372440061	6.44444444444444	4.22456920511395	0.0111376953252401	c14
AC073115.6	0.000195066136408016	0.00851221648375711	1	0.292755234389476	0.00328299620386198	c14
LINC01447	4.36275509493709e-08	0.00119661931733899	0.111111111111111	0	1.79266670937574e-06	c14
AUTS2	0.00352764673299809	0.028622006061809	5.77777777777778	3.91699092088197	0.0365612208617772	c14
PILRB	3.8517088093412e-13	0.114169500357945	20.4444444444444	12.9071706503613	3.53622552103385e-11	c14
RP11-758P17.3	0.00029822161448696	0.00455197980053254	0.444444444444444	0.0778210116731518	0.00469984989640955	c14
ZAN	0.00317008512499043	0.00145405755153284	0.111111111111111	0.00741152492125255	0.033534485704355	c14
SPDYE2	0.00499724072899955	0.00231191778881061	0.222222222222222	0.0333518621456365	0.048676861674935	c14
SLC26A5	6.30155697088752e-17	0.0183382305829973	1.77777777777778	0.244580322401334	8.95884643785165e-15	c14
CTB-107G13.1	7.26380473907324e-24	0.0189168688436149	1.88888888888889	0.192699647952566	1.59965122142702e-21	c14
RP11-325F22.2	0.00034059126724156	0.0733340722240375	21.5555555555556	17.9840652214193	0.00527142037594723	c14
AASS	2.75760527540732e-06	0.0150962145180347	1.66666666666667	0.503983694645173	7.88750018247658e-05	c14
HYAL4	4.36275509493709e-08	0.00130127238239151	0.111111111111111	0	1.79266670937574e-06	c14
LINC-PINT	9.5422839186192e-11	0.154312644704747	47.1111111111111	40.8449138410228	6.230963456472e-09	c14
LRGUK	5.10638537742235e-05	0.00343073457365525	0.333333333333333	0.0370576246062627	0.00105684612350656	c14
AC008154.4	4.36275509493709e-08	0.00160711446840517	0.111111111111111	0	1.79266670937574e-06	c14
TRBV12-4	1.12394312950541e-53	0.210533039174002	11.7777777777778	2.74596998332407	8.80700925710588e-51	c14
TRBV15	0.000449118524536042	0.031435316306137	3	1.51936260885677	0.00665461722327063	c14
EPHA1	1.67176214133991e-05	0.0663323018975116	16.1111111111111	11.8621456364647	0.000391985759153146	c14
OR2A42	4.36275509493709e-08	0.000865106602291614	0.111111111111111	0	1.79266670937574e-06	c14
GIMAP7	0.00140023220353482	0.0884447412718208	79.5555555555556	76.6722253103576	0.017351755743252	c14
GIMAP4	5.84879162126841e-14	0.198904081073008	79.1111111111111	72.473596442468	6.02658057758464e-12	c14
GIMAP2	0.00185495111022621	0.0658076576715639	40.1111111111111	38.3509357050213	0.0220538894523507	c14
GALNT11	0.000911348996355584	0.0611804310020556	14.1111111111111	11.2766351676858	0.0121708256374178	c14
VIPR2	2.82983631721135e-15	0.0387785859464234	4	1.100611450806	3.38115265503969e-13	c14
P2RY8	1.37175445174101e-12	0.145858295854402	30	21.9788771539744	1.17907894124902e-10	c14
CD99	5.65449042441006e-14	0.179192197500862	91.3333333333333	88.2119696127478	5.84424540981817e-12	c14
ARSD-AS1	0.00018195270096419	0.00157896250102681	0.111111111111111	0.00370576246062627	0.00311085765135649	c14
RAB9A	5.95849904203479e-10	0.126305099465643	28.7777777777778	22.0048174911988	3.4855150472625e-08	c14
OFD1	1.09710004060412e-10	0.144446455406739	39.3333333333333	32.4402445803224	7.09514179810275e-09	c14
XK	1.89671280515995e-08	0.00533927659748071	0.444444444444444	0.0333518621456365	8.8515015591495e-07	c14
USP11	1.18565725320057e-08	0.104772192157504	24.7777777777778	18.5955160274226	5.74813460278273e-07	c14
TSPYL2	4.82577590913144e-05	0.105056313452209	33.4444444444444	29.9092088197147	0.00100370181161898	c14
HEPH	0.00317249067405222	0.00132894580383797	0.111111111111111	0.00741152492125255	0.033534485704355	c14
P2RY4	4.36275509493709e-08	0.00124381985308291	0.111111111111111	0	1.79266670937574e-06	c14
TCEAL6	4.36275509493709e-08	0.00127950198513739	0.111111111111111	0	1.79266670937574e-06	c14
BEX2	4.87660758187707e-05	0.0638235454855042	18.5555555555556	14.4042986844543	0.00101364846307073	c14
TCEAL3	5.82647353982326e-07	0.0612745738188515	11.7777777777778	7.57087270705948	1.92665425030482e-05	c14
TSC22D3	5.99737088871286e-47	0.443853165698306	97.7777777777778	93.9447841393367	3.54518271446125e-44	c14
RPL39	3.27513723434794e-07	0.0886692517079157	99.8888888888889	99.9481193255512	1.14236515501159e-05	c14
SH2D1A	4.60988711335196e-11	0.154112666432028	51	43.4611821382249	3.16990890606696e-09	c14
SMARCA1	0.000492117607558551	0.00245607957440515	0.222222222222222	0.0222345747637576	0.00717499379882207	c14
DDX26B-AS1	0.00018195270096419	0.00142217082090052	0.111111111111111	0.00370576246062627	0.00311085765135649	c14
FLNA	0.00301938356109129	0.0664127102577956	49.8888888888889	49.8943857698722	0.0326178614002596	c14
RPL10	0.00143814335808149	0.055109218097547	100	99.9925884750787	0.0177692711064164	c14
PPP3CC	2.32688409949223e-07	0.115007492713474	43.5555555555556	39.3070224198629	8.43940073716806e-06	c14
SORBS3	4.20927887452159e-09	0.0865999344827662	18.8888888888889	12.7959977765425	2.18196065227893e-07	c14
SLC25A37	0.00231802003125606	0.0442310035383207	10.7777777777778	8.23420418751158	0.0263951899064352	c14
SARAF	2.03872578312733e-17	0.15371849632446	99.3333333333333	98.9068000741153	3.01284326915317e-15	c14
LEPROTL1	1.22892299486442e-16	0.193683610533329	81.2222222222222	77.5023161015379	1.69009515873313e-14	c14
EIF4EBP1	0.000215655888198081	0.0663004871902526	19.3333333333333	15.5456735223272	0.00357066805746739	c14
RP11-589C21.5	0.000243066066319926	0.028864005235291	4.88888888888889	2.8349082823791	0.00394122619758594	c14
LINC01606	1.96820836205215e-05	0.00347438919146888	0.333333333333333	0.0333518621456365	0.000449605508820238	c14
CTD-2532N20.1	0.00292823946250445	0.00664570683382609	0.888888888888889	0.311284046692607	0.0318271291772984	c14
MYBL1	2.8531679169006e-25	0.139440912257533	19	9.06058921623124	6.81805955971976e-23	c14
CPA6	0.00317249067405222	0.00132625817465142	0.111111111111111	0.00741152492125255	0.033534485704355	c14
ZBTB10	0.000186724517733354	0.0485898364440886	11.6666666666667	8.37502316101538	0.00316792341415289	c14
CNBD1	0.00317008512499043	0.00137640935438226	0.111111111111111	0.00741152492125255	0.033534485704355	c14
OTUD6B-AS1	5.07649358606567e-06	0.0983984401442084	33.8888888888889	29.7016861219196	0.000135967706588948	c14
CPQ	0.00256389651888468	0.0437456103449326	11.7777777777778	9.17176209005003	0.0286337186964867	c14
RPL30	8.35472055177176e-17	0.127469624519209	100	99.9888827126181	1.17293314279749e-14	c14
RNF19A	7.83371511688359e-09	0.140085517108459	53	47.4819344080044	3.9278154337541e-07	c14
FBXO32	2.70024415604245e-08	0.114976880712578	28.6666666666667	22.2382805262183	1.2212352562912e-06	c14
RP11-136O12.2	0.00018195270096419	0.00143858687147237	0.111111111111111	0.00370576246062627	0.00311085765135649	c14
LINC00861	9.24197554000228e-08	0.131921983263422	49.4444444444444	43.0572540300167	3.6209200447074e-06	c14
PCAT1	0.00330661135375397	0.00536832516669777	0.555555555555556	0.151936260885677	0.0346864766355499	c14
ST3GAL1	2.0032939398927e-09	0.142229948956571	38	32.4031869557161	1.09045211649022e-07	c14
RP11-629O1.2	0.000210241067476184	0.00595900750785803	0.666666666666667	0.151936260885677	0.00350339393053538	c14
KCNK9	0.00018195270096419	0.00133789150447452	0.111111111111111	0.00370576246062627	0.00311085765135649	c14
CTA-204B4.2	0.00175011038822463	0.00798878213550201	0.777777777777778	0.240874559940708	0.0210075594659211	c14
FOCAD-AS1	0.00018195270096419	0.00125847962139498	0.111111111111111	0.00370576246062627	0.00311085765135649	c14
IFNB1	0.00018195270096419	0.00157690196244285	0.111111111111111	0.00370576246062627	0.00311085765135649	c14
RP11-56F10.3	0.00018195270096419	0.00120242263944741	0.111111111111111	0.00370576246062627	0.00311085765135649	c14
B4GALT1	5.55497093368626e-15	0.168969119788436	35.8888888888889	26.7667222531036	6.38802698428754e-13	c14
UNC13B	0.00193226929274462	0.00382291355379837	0.333333333333333	0.0592921993700204	0.0228771888402769	c14
PGM5	0.00125968275933833	0.002946361246065	0.222222222222222	0.0259403372243839	0.0159024919045132	c14
TMEM2	2.09916551872358e-12	0.176873825849452	52.1111111111111	44.6766722253104	1.7682320746968e-10	c14
ANXA1	3.47397288045627e-19	0.323899270639103	77.4444444444444	61.8121178432462	5.68213797252881e-17	c14
TLE4	0.000375731823820128	0.0760999369524101	23.1111111111111	19.6887159533074	0.00573625195822174	c14
RP11-15B24.5	0.00317249067405222	0.00119807402503017	0.111111111111111	0.00741152492125255	0.033534485704355	c14
FOXE1	0.00317008512499043	0.00136298051343439	0.111111111111111	0.00741152492125255	0.033534485704355	c14
NR4A3	6.03998180391194e-09	0.0494391916756647	7.44444444444444	3.73170279785066	3.06954972701371e-07	c14
AKNA	5.54576912191586e-09	0.129368957923462	48.7777777777778	42.8089679451547	2.83549536864694e-07	c14
TNFSF8	0.00178887300603001	0.0724137076856608	37.4444444444444	34.4895312210487	0.0213890301863645	c14
STOM	0.00128180584662907	0.0735259461026223	42.1111111111111	39.6998332406893	0.0161213759598058	c14
ARPC5L	3.62142228965464e-05	0.0842127777759927	53.1111111111111	50.153789142116	0.000776704026910398	c14
MVB12B	2.10758470375165e-07	0.0636981686513442	10.3333333333333	6.26644432091903	7.7609791265801e-06	c14
TTC16	0.000126025231888462	0.0328617544960508	5.88888888888889	3.52418010005559	0.00233247587881133	c14
FAM102A	2.25556171309848e-05	0.101680927974436	44.7777777777778	42.0196405410413	0.000508353821813646	c14
RPL7A	2.9869781893152e-14	0.099621625632865	100	99.9555308504725	3.16488185882976e-12	c14
C9orf163	0.00410559864000662	0.0034488653923566	0.333333333333333	0.0667037242912729	0.0413307560730156	c14
CCDC183	0.00126200103521613	0.00497457212972671	0.444444444444444	0.0926440615156568	0.0159198288583199	c14
LCNL1	0.000169912626282952	0.00734382997247407	0.777777777777778	0.192699647952566	0.00299583256409094	c14
C9orf142	2.36766879426868e-11	0.163632542859107	74.8888888888889	68.2786733370391	1.70423794839523e-09	c14
IFITM5	4.36275509493709e-08	0.00154845974166678	0.111111111111111	0	1.79266670937574e-06	c14
RP11-326C3.11	0.00447391869552033	0.0255635470399853	5.66666666666667	3.85769872151195	0.0443887563388875	c14
RPLP2	7.98216521999512e-26	0.153694253684829	100	99.9592366129331	1.94892083277185e-23	c14
PNPLA2	2.83156807271828e-06	0.105835069185598	37.2222222222222	33.7261441541597	8.05801137180488e-05	c14
DUSP8	0.00322104465073121	0.0119711662065664	1.88888888888889	0.922734852695942	0.0339379163058263	c14
CD81	4.11894465694413e-05	0.0689614171718424	17.8888888888889	13.8373170279785	0.000868483862772688	c14
RPL27A	6.1355972314716e-16	0.160682584357727	97	96.083009079118	7.7428019894084e-14	c14
CTD-2371O3.2	0.00317008512499043	0.0015205534485261	0.111111111111111	0.00741152492125255	0.033534485704355	c14
SBF2	5.37279680076162e-07	0.0460703414204868	7.55555555555556	4.20974615527145	1.80309776299663e-05	c14
DKK3	2.95188195065108e-60	0.148294949207154	14.7777777777778	3.75393737261442	2.84173458414964e-57	c14
PDE3B	6.3323066618422e-05	0.0938228970555066	35.7777777777778	31.8362052992403	0.0012760809848332	c14
NUCB2	6.76338577802986e-14	0.166633323807824	41.5555555555556	32.6181211784325	6.82291977260293e-12	c14
NCR3LG1	3.52798178987898e-10	0.0136767679168419	1.33333333333333	0.233463035019455	2.16524259432026e-08	c14
NAV2-AS2	0.00317249067405222	0.0011552613565662	0.111111111111111	0.00741152492125255	0.033534485704355	c14
CD44	3.7833242549584e-09	0.121355363299108	84.5555555555556	84.1022790439133	1.97025235620662e-07	c14
PRR5L	0.00427713918943628	0.0406619977758536	12	9.42745969983324	0.0426751340979763	c14
RP11-484D2.2	2.7499832541236e-07	0.00531039814950834	0.444444444444444	0.040763387066889	9.83629891342257e-06	c14
AP000442.4	0.000441430895094738	0.0029649549179221	0.333333333333333	0.0481749119881416	0.00655801260111204	c14
MS4A1	1.58938231115293e-88	0.214768962301677	22.2222222222222	5.84398740040763	2.81856039957825e-85	c14
TMEM109	0.00338487585583723	0.0701796013349971	36.1111111111111	34.8712247544932	0.0353434686956621	c14
RP11-703H8.7	0.00317008512499043	0.00144903175504744	0.111111111111111	0.00741152492125255	0.033534485704355	c14
AHNAK	1.81576620533543e-14	0.213273837912725	69.4444444444444	61.8751158050769	1.99284776946488e-12	c14
RARRES3	8.20605802175463e-06	0.112261141724473	89.4444444444444	86.4999073559385	0.000207112298865169	c14
PLA2G16	0.000996305049746303	0.0648647206101102	22.7777777777778	19.4070780062998	0.0131387484720751	c14
MACROD1	0.00207011172677766	0.0239793084094089	4.11111111111111	2.50509542338336	0.0241852789604877	c14
PPP1R14B	3.07538970391289e-05	0.101591146999913	23.7777777777778	18.9735037984065	0.000669393932064864	c14
SF1	0.00138284996605203	0.0594661906839005	70.4444444444444	70.9319992588475	0.0171805850870786	c14
FAU	1.03872391444859e-13	0.0855215933309421	100	99.9332962757087	1.02037211584346e-11	c14
NEAT1	3.23011452149342e-06	0.113411453331898	64.4444444444444	61.9899944413563	9.07718754688901e-05	c14
MALAT1	1.69500953204557e-27	0.203559558187512	100	99.9740596627756	4.49698040730264e-25	c14
SIPA1	9.08237020725705e-05	0.0746879442376926	23.6666666666667	19.7183620529924	0.0017547097578172	c14
CTSW	4.60590229392673e-86	0.645759328611862	85.2222222222222	51.284046692607	7.39006056626511e-83	c14
CTSF	0.00169046159057268	0.0267402719863351	5.33333333333333	3.44265332592181	0.0203957093574856	c14
GSTP1	2.84016893567261e-07	0.115499347293851	55	49.9981471187697	1.00937756239676e-05	c14
KCNE3	0.00317008512499043	0.00135519123493885	0.111111111111111	0.00741152492125255	0.033534485704355	c14
AP001372.2	0.00352192754606644	0.0164141271908308	3.11111111111111	1.79358903094312	0.0365244157393545	c14
RPS3	1.02184406249218e-58	0.221573920785159	100	99.9925884750787	8.82820867733631e-56	c14
RP11-91P24.5	4.36275509493709e-08	0.00141623755715942	0.111111111111111	0	1.79266670937574e-06	c14
DYNC2H1	0.0017535304239408	0.0175414804136746	2.88888888888889	1.56753752084491	0.0210336255266149	c14
PDGFD	0.000952169106123615	0.0194523906305154	2.77777777777778	1.43783583472299	0.0126209228409634	c14
ATM	1.29712578405989e-13	0.179158392855085	50.4444444444444	42.9757272558829	1.2523024690004e-11	c14
RP11-347E10.1	0.00500103941339168	0.0019153139378141	0.222222222222222	0.0333518621456365	0.048676861674935	c14
NXPE1	0.00317008512499043	0.00123281710784509	0.111111111111111	0.00741152492125255	0.033534485704355	c14
IL10RA	2.47067171915389e-19	0.219629206226918	59.3333333333333	49.0902353159162	4.08072612280251e-17	c14
DDX6	0.000844032887386938	0.0716069710860504	41	39.2477302204929	0.0113915599751626	c14
RPS25	4.12747416219705e-24	0.13541590078879	99.8888888888889	99.970353900315	9.21000757755413e-22	c14
H2AFX	0.000806408530657174	0.0616711916186881	18.6666666666667	15.508615897721	0.0109516844143341	c14
SORL1	1.58857672852863e-09	0.124953815886615	37	29.6349823976283	8.8035368899743e-08	c14
CRTAM	3.71041557357487e-107	0.457693406346524	45.1111111111111	17.3985547526404	1.04182285280026e-103	c14
HEPN1	4.36275509493709e-08	0.00136631130915501	0.111111111111111	0	1.79266670937574e-06	c14
ETS1	2.16272205100102e-07	0.12443982782628	60.2222222222222	57.5023161015379	7.93799093534079e-06	c14
KLF6	3.81763263114852e-11	0.219456348125477	95.1111111111111	90.7355938484343	2.65219203863749e-09	c14
PIP4K2A	1.18677569501706e-05	0.0790463015626923	18.4444444444444	14.1486010746711	0.000288508082741015	c14
PTCHD3	4.36275509493709e-08	0.00129871847249236	0.111111111111111	0	1.79266670937574e-06	c14
BAMBI	0.000611962455364666	0.0157917596916949	2	0.893088753010932	0.008679585108214	c14
MAP3K8	0.000198422185364377	0.0793297520728861	18	14.2857142857143	0.00333282009654403	c14
ZNF22	0.00418484383669324	0.065190723573495	26.1111111111111	24.1949231054289	0.0418901217990428	c14
ANTXRL	0.00378362948366414	0.00499637961194232	0.444444444444444	0.107467111358162	0.03863857297439	c14
ANK3	0.00377920544070729	0.0429490726965027	12.6666666666667	10.0426162682972	0.0386102329045456	c14
C10orf107	4.36275509493709e-08	0.00118386432477084	0.111111111111111	0	1.79266670937574e-06	c14
SRGN	6.13998812143697e-05	0.124642975745613	98.2222222222222	95.4159718362053	0.00124402140567467	c14
RP11-227H15.4	0.00126445360915866	0.00172015708733109	0.222222222222222	0.0259403372243839	0.0159388327373708	c14
UNC5B-AS1	7.67462284177419e-06	0.00728358351933823	0.666666666666667	0.114878636279414	0.000194720438276159	c14
SEC24C	6.14417342578401e-06	0.0758086577731218	17.8888888888889	13.4926811191403	0.000160856083456384	c14
KCNMA1	0.00317008512499043	0.00137727836692126	0.111111111111111	0.00741152492125255	0.033534485704355	c14
FAM213A	0.000925313853634068	0.0175914479362489	2.55555555555556	1.28589957383732	0.0123377621623848	c14
CDHR1	0.00270601067423799	0.00843842233322142	1.11111111111111	0.429868445432648	0.0299134920137057	c14
CCSER2	0.000943633918944304	0.076317713143507	37.8888888888889	35.6939040207523	0.0125373822022513	c14
FGFBP3	1.18235814068154e-06	0.0356925786273646	5.66666666666667	2.905317769131	3.68532610472931e-05	c14
PDLIM1	0.00107997110992428	0.0255511117191069	4.88888888888889	3.00907911802853	0.0140333770064747	c14
ITPRIP	6.75695768751568e-06	0.0682023769763153	13.3333333333333	9.34222716323884	0.000174592739511621	c14
PDCD4	8.62034789123241e-11	0.158711809432364	63.8888888888889	58.2805262182694	5.65085606706585e-09	c14
TCF7L2	3.87641895806301e-06	0.0211174960646967	2.55555555555556	0.982027052065963	0.000106535122653324	c14
PLEKHA1	0.000111998537511326	0.0738936764599675	19.3333333333333	15.5530850472485	0.00209998815965867	c14
CTBP2	0.00143514680834463	0.00642367747629411	0.555555555555556	0.137113211043172	0.0177452611230693	c14
CCND2-AS1	0.00149104475846193	0.00564058461312775	0.666666666666667	0.185288123031314	0.0183824596017622	c14
GNB3	7.96758168556773e-08	0.00514388915761034	0.444444444444444	0.0370576246062627	3.15093541447792e-06	c14
NANOGNB	0.0031748978867719	0.000739932931841893	0.111111111111111	0.00741152492125255	0.033534485704355	c14
RIMKLB	0.000400922289749273	0.0216532981658761	3.55555555555556	1.91217342968316	0.00605498683586374	c14
KLRG1	1.1878595134794e-21	0.208763610753281	37.8888888888889	24.769316286826	2.32696153762646e-19	c14
A2M-AS1	0.00157859382164191	0.0169475693561353	2.66666666666667	1.40077821011673	0.0192714276182618	c14
CD69	1.31606796682678e-49	0.533666042733723	95.7777777777778	85.8625162127108	8.52761424505031e-47	c14
KLRF1	4.60951694888047e-06	0.0171957570029089	1.77777777777778	0.570687418936446	0.00012474944905669	c14
CLEC2B	2.24847148188105e-31	0.325822346856646	71.4444444444444	55.1676857513433	7.50098991193071e-29	c14
GABARAPL1	1.41800358880137e-07	0.09474098990382	21.8888888888889	16.2571799147675	5.40477521731599e-06	c14
KLRD1	1.1663324731344e-21	0.215958508110297	23.7777777777778	13.2036316472114	2.2981524181164e-19	c14
RP11-277P12.20	5.92222990056479e-05	0.0120545732426532	1.44444444444444	0.478043357420789	0.00120862273936784	c14
KLRK1	8.93757020716969e-14	0.0904202234780816	13.1111111111111	6.95201037613489	8.85713207530516e-12	c14
KLRC4-KLRK1	0.00039354774942751	0.0133386336586111	1.77777777777778	0.733740967204002	0.00596795798223662	c14
KLRC3	0.000171278130720632	0.0397499743350755	7	4.40244580322401	0.00301675135206533	c14
YBX3	7.87018369798423e-27	0.11593480567514	12.7777777777778	4.96201593477858	1.99381931969835e-24	c14
LOH12CR2	0.00320929594983804	0.0106932156099351	1.44444444444444	0.637391143227719	0.0338341732583989	c14
RP11-253I19.3	3.00231144898333e-05	0.00274279445317011	0.222222222222222	0.0148230498425051	0.000655180582655727	c14
RP11-707G18.1	0.000148104780334509	0.070729341690478	19.2222222222222	15.4382064109691	0.00266430457479494	c14
KIAA1551	1.7484994892668e-08	0.136646066516381	70	66.8927181767649	8.20964439164043e-07	c14
AC079630.4	1.2015340711728e-07	0.00263881168954116	0.222222222222222	0.00741152492125255	4.616111227905e-06	c14
NELL2	2.84463294844792e-22	0.23207176587329	46.6666666666667	33.8632573652029	5.84433308323197e-20	c14
SCAF11	0.00500851753800977	0.058031133311095	47	46.6259032795998	0.0487283902167325	c14
SLC38A1	7.96207659353779e-14	0.16668041588333	53.2222222222222	46.4813785436354	7.91369347323488e-12	c14
ANP32D	0.00018195270096419	0.00119670433110075	0.111111111111111	0.00370576246062627	0.00311085765135649	c14
SMAGP	1.02840079463942e-09	0.0535222010344335	8.55555555555556	4.3579766536965	5.84332822505577e-08	c14
BIN2	1.53127040367116e-05	0.0911996450916897	52.4444444444444	50.2834908282379	0.000363342429445748	c14
RP11-1100L3.7	0.00317249067405222	0.000803061218011365	0.111111111111111	0.00741152492125255	0.033534485704355	c14
RPL41	5.56516434987837e-21	0.17844584329988	100	99.9036501760237	1.02465927652897e-18	c14
AGAP2-AS1	0.000765783996592606	0.00329437869037201	0.333333333333333	0.0518806744487678	0.0104972847767255	c14
IFNG-AS1	5.92612262675756e-43	0.211436999408259	26.8888888888889	12.0251991847323	3.02537539069651e-40	c14
C12orf29	1.55269443703756e-06	0.0671313171974706	13.6666666666667	9.33110987585696	4.71319696950843e-05	c14
LINC00936	0.00237807815041317	0.0674952010672546	27.6666666666667	24.8953122104873	0.0269334336806794	c14
BTG1	6.52931129797898e-75	0.326778337171391	100	99.8591810264962	8.79994459496415e-72	c14
CHPT1	4.43449517143931e-21	0.124900897259954	17.5555555555556	8.90494719288494	8.25502101140752e-19	c14
RP11-512N21.3	4.36275509493709e-08	0.00110508433410924	0.111111111111111	0	1.79266670937574e-06	c14
C12orf42	0.0026715847750068	0.0258918395958885	4.88888888888889	3.14619232907171	0.029649663178221	c14
SELPLG	0.00358273846497198	0.0707993597737256	57.2222222222222	56.4276449879563	0.0369616625348334	c14
RP3-473L9.4	0.000182160685763826	0.00124058364318948	0.111111111111111	0.00370576246062627	0.00311085765135649	c14
LINC00944	0.000315253804937351	0.0461815751119031	8.44444444444444	5.75875486381323	0.00492679114265264	c14
RP11-61K9.2	4.36275509493709e-08	0.00160711446840517	0.111111111111111	0	1.79266670937574e-06	c14
RP11-187A9.3	0.00018195270096419	0.00136131451457105	0.111111111111111	0.00370576246062627	0.00311085765135649	c14
LINC00444	0.000182160685763826	0.00132339559230573	0.111111111111111	0.00370576246062627	0.00311085765135649	c14
ITM2B	4.15062564791052e-06	0.0990538999587773	95.7777777777778	94.3487122475449	0.000113515568653163	c14
GPR183	0.00127813328627976	0.0912200300824505	43.6666666666667	39.544191217343	0.0160811885541113	c14
GAS6-AS2	4.36275509493709e-08	0.00129786964293707	0.111111111111111	0	1.79266670937574e-06	c14
RASA3	2.22045386869041e-10	0.117787404900134	26.2222222222222	19.1254400592922	1.39582038529207e-08	c14
TRAV1-2	0.00455183914446463	0.0310842804350912	5.22222222222222	3.44635908838243	0.0450424869702177	c14
TRAV9-2	7.32052480384411e-11	0.14393309418	13.8888888888889	7.98962386511025	4.87465934270205e-09	c14
JPH4	9.6481071046967e-15	0.00259829858201618	0.222222222222222	0	1.08723518657408e-12	c14
FAM177A1	1.48793733726121e-10	0.158094019877316	46.4444444444444	40.5558643690939	9.49518193971195e-09	c14
NFKBIA	0.000924824360619148	0.114903931494376	82.5555555555556	78.5065777283676	0.0123361171839674	c14
RALGAPA1	1.3368128659371e-08	0.119491853863515	33.1111111111111	26.9557161385955	6.398092713762e-07	c14
RPS29	3.46828109865084e-36	0.190964723207731	99.7777777777778	99.7294793403743	1.35884027137141e-33	c14
RPL36AL	1.95791088309796e-08	0.0860932256845284	97.7777777777778	97.6505465999629	9.07425712449833e-07	c14
RP11-831F12.2	0.00317249067405222	0.00122446104627704	0.111111111111111	0.00741152492125255	0.033534485704355	c14
RP11-596C23.2	3.36258336532426e-05	0.060428716410375	14.2222222222222	10.2871965906985	0.000725809634280818	c14
PTGDR	1.47116537058297e-48	0.189284720761123	21.8888888888889	8.25643876227534	9.17952703637455e-46	c14
RP11-930O11.1	0.00018195270096419	0.00153813001378967	0.111111111111111	0.00370576246062627	0.00311085765135649	c14
SYNE2	5.45686651495446e-06	0.111486483439704	57.1111111111111	53.852140077821	0.000144774535712501	c14
CTD-2555O16.1	0.00125968275933833	0.00212593661040477	0.222222222222222	0.0259403372243839	0.0159024919045132	c14
RP3-449M8.9	0.00018195270096419	0.00112591956985878	0.111111111111111	0.00370576246062627	0.00311085765135649	c14
FOS	2.38142150648e-24	0.542897565378634	90.7777777777778	77.8210116731518	5.34930774928914e-22	c14
GPR65	0.00433065570541028	0.0654949779753758	26.4444444444444	24.094867518992	0.0431324603423275	c14
CCDC88C	0.00459459803221477	0.0663866485040702	35	33.6964980544747	0.0453996832961632	c14
TC2N	3.6731124543284e-38	0.339633728791719	66.6666666666667	51.1358161941819	1.50929086629441e-35	c14
SERPINA10	4.36275509493709e-08	0.00135500053172054	0.111111111111111	0	1.79266670937574e-06	c14
PPP2R5C	4.85592160569113e-19	0.22759293802384	65.5555555555556	57.1169168056328	7.82848911876349e-17	c14
TDRD9	1.90068628257911e-08	0.00765877448237862	0.777777777777778	0.103761348897536	8.85586137343625e-07	c14
APBA2	5.45390245475161e-06	0.0622650572886682	12.3333333333333	8.3639058736335	0.000144774535712501	c14
KLF13	0.00353571346323397	0.0551107785329803	17.3333333333333	14.6785251065407	0.0366222961666786	c14
RP11-1000B6.3	0.000838752989098403	0.0462538353380696	10.2222222222222	7.4893459329257	0.0113270313485698	c14
GPR176	0.00018195270096419	0.00114444941688782	0.111111111111111	0.00370576246062627	0.00311085765135649	c14
DUOXA1	0.00018195270096419	0.00113499758788077	0.111111111111111	0.00370576246062627	0.00311085765135649	c14
TMOD2	0.00111766793318836	0.0247328138576568	5	3.10542894200482	0.0144070791851355	c14
RP11-323F24.3	0.000235689549301446	0.00358411036572576	0.333333333333333	0.0444691495275153	0.00384754053980761	c14
AQP9	0.00018195270096419	0.00129526517152876	0.111111111111111	0.00370576246062627	0.00311085765135649	c14
DPP8	8.42542903682153e-05	0.0734367389674219	18.2222222222222	14.5784695201038	0.00165241944083417	c14
RP11-106M3.2	5.04495438067583e-10	0.00255644911556789	0.222222222222222	0.00370576246062627	3.01391299472502e-08	c14
REC114	4.36275509493709e-08	0.00154366875798205	0.111111111111111	0	1.79266670937574e-06	c14
PSTPIP1	0.00106819992299821	0.069345113679863	48.3333333333333	46.3479710950528	0.0139018648920439	c14
RP11-285A1.1	0.000182160685763826	0.00117203156664713	0.111111111111111	0.00370576246062627	0.00311085765135649	c14
BCL2A1	0.00036329333928442	0.0608496800448221	20	16.3720585510469	0.00557921867540986	c14
CTD-2240J17.2	0.000182160685763826	0.00135260862892675	0.111111111111111	0.00370576246062627	0.00311085765135649	c14
CPEB1-AS1	4.36275509493709e-08	0.00120663765532932	0.111111111111111	0	1.79266670937574e-06	c14
AKAP13	0.00133414025019047	0.0681175202175774	55.2222222222222	54.070780062998	0.0166985592830303	c14
CTD-2315E11.1	1.20286865854472e-07	0.0023108522300619	0.222222222222222	0.00741152492125255	4.616111227905e-06	c14
CHD2	3.56997480318041e-06	0.104416466839385	42.4444444444444	37.9729479340374	9.88361079859287e-05	c14
MCTP2	5.05029485997257e-07	0.0571667343474064	10.4444444444444	6.43320363164721	1.70676665006937e-05	c14
SYNM	1.48269335421701e-08	0.0326950464626653	4.44444444444444	1.83435241801001	7.06617678599547e-07	c14
AC087762.1	4.36275509493709e-08	0.00131090653694545	0.111111111111111	0	1.79266670937574e-06	c14
LA16c-349E10.1	4.36275509493709e-08	0.00125757278228963	0.111111111111111	0	1.79266670937574e-06	c14
HAGHL	0.00129660088745813	0.046213849676375	10.7777777777778	8.10450250138966	0.016295289183892	c14
BAIAP3	5.62966155896922e-07	0.01906258940238	2.11111111111111	0.678154530294608	1.87300050385186e-05	c14
SNHG9	2.00006787595166e-05	0.0926496940136013	25.3333333333333	21.2525477116917	0.000456264637862662	c14
MMP25-AS1	0.00165797264418627	0.0588580585404547	17.2222222222222	14.3116546229387	0.0200515901913899	c14
LITAF	3.03669946229445e-42	0.347354395147548	73.2222222222222	59.662775616083	1.44110636172605e-39	c14
TNFRSF17	0.000182160685763826	0.00122948443420177	0.111111111111111	0.00370576246062627	0.00311085765135649	c14
GGA2	2.91866481717403e-05	0.0758341659415352	21.6666666666667	17.2688530665184	0.00063941152373122	c14
PRKCB	0.000235417367180517	0.07578258218583	26	22.5162127107652	0.00384625357386444	c14
PYDC1	0.00317008512499043	0.00119281041361714	0.111111111111111	0.00741152492125255	0.033534485704355	c14
ITFG1-AS1	3.00449662853809e-05	0.00230971576535156	0.222222222222222	0.0148230498425051	0.000655233070562864	c14
HERPUD1	0.00109636746114768	0.0865170225865924	43.5555555555556	40.9375579025384	0.014186253930841	c14
CLEC18C	4.36275509493709e-08	0.00132637146638974	0.111111111111111	0	1.79266670937574e-06	c14
GABARAPL2	1.70636879678887e-06	0.0861918258491792	64.5555555555556	64.0800444691495	5.12884837100842e-05	c14
ADAT1	6.41063396517782e-08	0.0779245437899268	15	9.98332406892718	2.58682515955331e-06	c14
TERF2IP	7.77991868243408e-08	0.12717759215479	64.4444444444444	61.5897720956087	3.09051919654334e-06	c14
C16orf74	6.96647043052036e-05	0.0249056360361606	3.88888888888889	1.99740596627756	0.00139139451503232	c14
RP5-1142A6.5	4.36275509493709e-08	0.00153891190466377	0.111111111111111	0	1.79266670937574e-06	c14
RPL13	0.000107259897401614	0.0741905490345403	100	99.9925884750787	0.00202013134882615	c14
RP11-104O19.4	0.00317008512499043	0.00188297126499403	0.111111111111111	0.00741152492125255	0.033534485704355	c14
GLTPD2	0.00286701340238692	0.00430462704308682	0.333333333333333	0.0629979618306467	0.0313640096039042	c14
SLC35G6	0.00267816523913059	0.00267430027660772	0.222222222222222	0.0296460996850102	0.0297031269148342	c14
RP11-599B13.7	4.36275509493709e-08	0.00179720693957437	0.111111111111111	0	1.79266670937574e-06	c14
GAS7	0.000772288141756269	0.0166974475777741	2.33333333333333	1.12284602556976	0.0105606642241622	c14
SREBF1	0.00284518414592881	0.031641558522435	6.66666666666667	4.64332036316472	0.0311555523603917	c14
RP11-209D14.2	0.00317008512499043	0.0013440811884782	0.111111111111111	0.00741152492125255	0.033534485704355	c14
RAB34	0.00154243390135101	0.0273520814843114	5.11111111111111	3.25365944042987	0.0189122153828679	c14
RPL23A	2.76804334662716e-43	0.206533868070964	100	99.9036501760237	1.45041825946419e-40	c14
SEZ6	0.00500103941339168	0.00233751092837583	0.222222222222222	0.0333518621456365	0.048676861674935	c14
SSH2	1.61478722548975e-08	0.130100390431412	39	33.5519733185103	7.65241079826324e-07	c14
RP11-466A19.3	0.000182160685763826	0.00141557821157783	0.111111111111111	0.00370576246062627	0.00311085765135649	c14
CCL11	0.000182160685763826	0.00110878839947311	0.111111111111111	0.00370576246062627	0.00311085765135649	c14
SLFN11	0.00417082427879438	0.0336081093962759	6.55555555555556	4.63220307578284	0.0417876161908111	c14
CCL5	3.48150050462274e-92	1.36350555227678	99	63.698350935705	6.90033400016227e-89	c14
CCL4	1.69924765586183e-130	1.19318618291832	77.3333333333333	36.9909208819715	9.54240841943476e-127	c14
AC131056.3	0.000160344281896521	0.027461624584161	5.33333333333333	3.09431165462294	0.00285400963244657	c14
CCL3L3	2.49493963996364e-21	0.118857554891525	15.5555555555556	7.10394663702057	4.72272450724353e-19	c14
CCL4L2	5.62623348235722e-49	0.373152302190734	36.8888888888889	17.5653140633685	3.57679831989706e-46	c14
IKZF3	5.32945554122153e-05	0.0904254370304386	50.8888888888889	46.7148415786548	0.00109896373932631	c14
KRT10	1.09666032072416e-05	0.0849393649673519	59.4444444444444	57.8024828608486	0.000268929205578455	c14
EIF1	2.88025870150068e-08	0.0833444253347513	99.6666666666667	99.4256068186029	1.28881058019076e-06	c14
HIGD1B	0.00317249067405222	0.00109272902464815	0.111111111111111	0.00741152492125255	0.033534485704355	c14
RP11-798G7.5	1.90290367257311e-08	0.00505743125736925	0.444444444444444	0.0333518621456365	8.85586137343625e-07	c14
THCAT158	0.000182160685763826	0.00114190876853218	0.111111111111111	0.00370576246062627	0.00311085765135649	c14
MRPL10	9.97186043890751e-16	0.163431301298289	34.3333333333333	25.4289420048175	1.23526421186967e-13	c14
RP11-700H6.2	0.00018195270096419	0.00135112991659669	0.111111111111111	0.00370576246062627	0.00311085765135649	c14
RP11-159D12.10	0.00018195270096419	0.00140201797932325	0.111111111111111	0.00370576246062627	0.00311085765135649	c14
CYB561	0.000267492774835807	0.0503012381417398	12.5555555555556	9.33481563831758	0.00426949386798563	c14
ERN1	8.95520695816062e-09	0.12729379337237	34.1111111111111	27.15953307393	4.43730504776859e-07	c14
PECAM1	7.03767100926572e-29	0.148478973046514	21.1111111111111	9.92032610709654	2.00955327954406e-26	c14
PITPNC1	4.67671600496113e-15	0.167911957617566	37	27.9006855660552	5.45250065990175e-13	c14
RPL38	1.04185332239585e-09	0.113643058447647	98.7777777777778	98.2286455438206	5.90979896377202e-08	c14
GPR142	4.36275509493709e-08	0.00139037359022332	0.111111111111111	0	1.79266670937574e-06	c14
CD300A	5.76789274360314e-06	0.0556542809400183	11.1111111111111	7.29294052251251	0.000152426178904286	c14
TSEN54	8.31867776229463e-05	0.0820702288991613	29.1111111111111	25.4919399666481	0.00163338886085522	c14
MYO15B	0.000136602602010471	0.0156930754661605	2.11111111111111	0.881971465629053	0.00249468188191913	c14
H3F3B	9.79637156299923e-06	0.105796063511621	99.1111111111111	98.6881600889383	0.000242883696426561	c14
SRSF2	9.24331350470249e-06	0.0887799875713264	67.2222222222222	67.4152306837132	0.00023121321843166	c14
TNRC6C	6.25108274793936e-06	0.0780388374854137	19.3333333333333	14.7600518806744	0.000163147933469457	c14
DNAH17	0.00125849264650372	0.00302427916237978	0.222222222222222	0.0259403372243839	0.0159024919045132	c14
RP13-516M14.4	0.000550371348066651	0.0200552698611932	2.77777777777778	1.40077821011673	0.00790797961695426	c14
TGIF1	8.85333293728435e-09	0.122940676152696	31.3333333333333	24.6581434130072	4.40626587871283e-07	c14
OSBPL1A	0.00238119848836079	0.0155716412103595	2.11111111111111	1.05243653881786	0.0269428464357244	c14
RNF125	1.04960990843435e-05	0.0915055616097596	28.4444444444444	24.1615712432833	0.000258709263019657	c14
DSEL	6.39636334032774e-14	0.0497626735227607	6.55555555555556	2.50509542338336	6.49153814424707e-12	c14
CTD-2541J13.2	0.00381184678775179	0.00396300335503017	0.444444444444444	0.107467111358162	0.0388583751671851	c14
MBP	2.35054163186816e-29	0.28166888215416	65.6666666666667	53.6149712803409	6.94729383720752e-27	c14
HSBP1L1	0.00265516668715627	0.0373064757297787	9.77777777777778	7.32629238465814	0.0295063279541699	c14
CDC25B	6.73008010359307e-05	0.0856872469859378	25.4444444444444	21.4007782101167	0.0013489786972663	c14
RP5-1116H23.5	0.0031748978867719	0.0013503303325141	0.111111111111111	0.00741152492125255	0.033534485704355	c14
TMX4	0.00354020706517981	0.0690353660398705	38.6666666666667	37.1354456179359	0.0366350543163908	c14
PLCB1	9.96266101244958e-10	0.0491575607240143	6.88888888888889	3.22771910320549	5.69918336423559e-08	c14
LINC00237	0.000393742820517362	0.00527924686376855	0.555555555555556	0.118584398740041	0.00596795798223662	c14
CST3	7.03494569027692e-17	0.0417565918242336	4.55555555555556	1.27478228645544	9.95947311294919e-15	c14
CST7	2.49523719536963e-162	1.07360151035037	95.7777777777778	61.3377802482861	2.80248406869282e-158	c14
APMAP	2.34995621907236e-20	0.202887553962468	43.5555555555556	32.84046692607	4.18938755795895e-18	c14
ID1	1.28959835734864e-05	0.0261019310171556	3.11111111111111	1.3674263479711	0.000311258789774392	c14
CBFA2T2	0.000370204395705064	0.0732406117725927	22.7777777777778	19.4886047804336	0.0056646988687041	c14
STK4	6.24997420274736e-05	0.0823791548849377	75.7777777777778	74.7674634055957	0.00126175333006213	c14
CEBPB	2.33881719383814e-05	0.0919919385212826	39.3333333333333	35.378914211599	0.000524312086022503	c14
ZNF217	3.46575479920115e-05	0.0759015752931312	20	15.8495460440986	0.00074566509161279	c14
RPS21	1.69274672056343e-14	0.12821612867297	99.8888888888889	99.8740040763387	1.86390222230928e-12	c14
GZMM	1.00278766132673e-73	0.494166843082998	81	58.1582360570687	1.20671169502653e-70	c14
AZU1	0.00317249067405222	0.00142587829508065	0.111111111111111	0.00741152492125255	0.033534485704355	c14
CTB-31O20.2	0.00116780453049796	0.0446108131683273	10	7.35964424680378	0.0149441723701474	c14
TBXA2R	0.000386766189900667	0.00675184995205212	0.777777777777778	0.207522697795071	0.00588073104806546	c14
MATK	1.25806750858362e-53	0.31482599018538	44.8888888888889	23.8651102464332	9.63393787141285e-51	c14
PLIN5	5.09656613478922e-05	0.00389119094668888	0.333333333333333	0.0370576246062627	0.00105546219634658	c14
RPL36	0.000587433668028355	0.0632678689547821	99.8888888888889	99.9184732258662	0.00837266920919941	c14
ALKBH7	0.00173990627756978	0.066509184945751	39.8888888888889	38.3509357050213	0.0208999651038988	c14
TNFSF9	3.06255815635717e-09	0.0705632172633776	10.5555555555556	5.87733926255327	1.61739552539653e-07	c14
RPS28	8.14041460895376e-22	0.137333980255549	100	99.9962942375394	1.62297709960999e-19	c14
CTD-2529P6.3	0.000182160685763826	0.00116819868539562	0.111111111111111	0.00370576246062627	0.00311085765135649	c14
ZNF846	0.000232648293584991	0.0379935324783196	6.88888888888889	4.4283861404484	0.00380896579400034	c14
S1PR5	2.84293733814486e-07	0.0326321412119115	4	1.71206225680934	1.00937756239676e-05	c14
CDKN2D	0.000455562029112568	0.0615089112286112	15.5555555555556	12.3216601815824	0.00672642726070065	c14
JUNB	2.56924205407032e-30	0.502132800337032	94	85.4215304798962	7.86982197907684e-28	c14
NFIX	0.00185398742895711	0.00852484096407589	1	0.355753196220122	0.0220538894523507	c14
IER2	6.17897549814517e-14	0.243873626910888	57.4444444444444	48.2527329998147	6.28986104031732e-12	c14
DNAJB1	1.13122987798144e-24	0.422399701340277	87.1111111111111	77.5764313507504	2.61066161018538e-22	c14
TECR	2.61657582454335e-05	0.0835240438067798	60.4444444444444	59.3959607189179	0.000581549510766252	c14
CTD-2562J15.6	0.000871039458321046	0.0389712617126225	9.77777777777778	7.01130257550491	0.0116974107248582	c14
KLF2	1.39296105709948e-78	0.779179653759363	82.7777777777778	58.0062997961831	1.95560124407958e-75	c14
CTD-2528A14.5	4.36275509493709e-08	0.000869593138535717	0.111111111111111	0	1.79266670937574e-06	c14
JUND	0.00238481743656545	0.0736500561291279	37.5555555555556	36.0644802668149	0.026964442519341	c14
C19orf60	0.000257515022696417	0.0617179819124992	64	64.4802668148972	0.00413373567162128	c14
AC005780.1	3.84131681176163e-05	0.00741953326578852	0.777777777777778	0.170465073188809	0.000818137349276211	c14
ZNF30-AS1	0.00018195270096419	0.00112223091924585	0.111111111111111	0.00370576246062627	0.00311085765135649	c14
FXYD7	2.95103794463825e-07	0.0695790712216093	13.5555555555556	8.86418380581805	1.04336067687976e-05	c14
LSR	4.9780538466045e-12	0.127045892100555	24.8888888888889	17.2540300166759	3.9373367677815e-10	c14
DMKN	4.89372493419915e-10	0.0188989237104692	1.88888888888889	0.433574207893274	2.939200854419e-08	c14
NPHS1	0.00018195270096419	0.00115983744017471	0.111111111111111	0.00370576246062627	0.00311085765135649	c14
HCST	2.49344440096009e-42	0.348917289345271	95.8888888888889	90.242727441171	1.20020165208499e-39	c14
ZFP36	1.31898325931141e-45	0.58289924642725	91.8888888888889	82.7126181211784	7.5325121930913e-43	c14
SERTAD1	0.000949705821831698	0.0793862260081737	23.7777777777778	20.9079118028534	0.0126031789057108	c14
AC005757.6	4.36275509493709e-08	0.00129651407692904	0.111111111111111	0	1.79266670937574e-06	c14
FOSB	1.0659645124331e-23	0.274236662757543	47.5555555555556	34.9119881415601	2.31720053431748e-21	c14
RSPH6A	0.0031748978867719	0.0010284828790366	0.111111111111111	0.00741152492125255	0.033534485704355	c14
GLTSCR2	0.000702964030940536	0.0708720602657136	87.1111111111111	86.6296090420604	0.00975923776617652	c14
PPP1R15A	0.000941919624141039	0.0898860310574829	52.6666666666667	50.6466555493793	0.0125244829580932	c14
FTL	2.52345041064318e-10	0.136500902320872	98.4444444444444	97.9803594589587	1.56872948590796e-08	c14
RPL13A	0.000740332653145066	0.0470780178461339	99	99.5553085047248	0.0101815381285999	c14
NKG7	7.97954687292343e-109	1.03793160793462	90	43.3685380767093	2.44420774851166e-105	c14
ZNF331	0.000394712632549458	0.0801470806651729	23.8888888888889	20.2705206596257	0.0059745945377904	c14
MYADM	0.00418727162756503	0.0832316295548043	26.6666666666667	24.2949786918659	0.0418901217990428	c14
KIR3DL2	0.00507343884842158	0.0182873394926151	2.88888888888889	1.66759310728182	0.0492735689275996	c14
FCAR	4.36275509493709e-08	0.00107352588554845	0.111111111111111	0	1.79266670937574e-06	c14
RPL28	0.00409794563948419	0.0455001379282196	100	99.9925884750787	0.0412831173343313	c14
CTC-444N24.11	0.00259215452850196	0.0245895548980026	4.55555555555556	2.87567166944599	0.0288918473977324	c14
ZSCAN18	0.00338917158413023	0.0364895053141876	8.22222222222222	6.02927552343895	0.0353434686956621	c14
LA16c-60D12.2	4.36275509493709e-08	0.00125646651328936	0.111111111111111	0	1.79266670937574e-06	c14
AC007064.24	4.36275509493709e-08	0.00129651407692904	0.111111111111111	0	1.79266670937574e-06	c14
AC006946.16	0.000491326428994526	0.00241267201835052	0.222222222222222	0.0222345747637576	0.00716966336013061	c14
MED15	0.000155239267189877	0.0879689640066107	34.8888888888889	32.0400222345748	0.0027733997182904	c14
XXbac-B135H6.18	4.36275509493709e-08	0.00125237625919075	0.111111111111111	0	1.79266670937574e-06	c14
MAPK1	6.11524515948106e-06	0.100794644760864	26.4444444444444	22.3049842505095	0.000160347914710938	c14
IGLV2-14	7.02097072608131e-129	0.393205088802917	38.4444444444444	11.8658513989253	3.37949410920834e-125	c14
TPST2	0.00118488748081307	0.07413856440981	28.6666666666667	26.0774504354271	0.0151168492156439	c14
CTA-292E10.6	0.000293717388878903	0.0423976652332978	9.22222222222222	6.35538261997406	0.00463319929816749	c14
SELM	1.69321757748306e-05	0.0887509745399911	40.5555555555556	36.6907541226607	0.000395639896364177	c14
MAFF	0.00275551383388889	0.0370867406733984	6.11111111111111	4.19492310542894	0.0303710445270043	c14
SUN2	1.05108687720061e-08	0.135102298845396	66.3333333333333	63.2684824902724	5.14010467930296e-07	c14
PDGFB	1.191962930408e-10	0.0409683291048337	5.44444444444444	2.20122290161201	7.67915850423845e-09	c14
RPL3	2.86339195412717e-15	0.172861742099097	100	99.7591254400593	3.40915648418236e-13	c14
SYNGR1	8.23854167837731e-06	0.024841024276599	3.33333333333333	1.48230498425051	0.000207683208790301	c14
TNFRSF13C	1.66037998721998e-11	0.0240435912595063	2.66666666666667	0.692977580137113	1.22417600195602e-09	c14
RNU12	0.0021572911216933	0.0517487129024014	10.1111111111111	7.60793033166574	0.0249607988947694	c14
FBLN1	4.36275509493709e-08	0.00150487558065148	0.111111111111111	0	1.79266670937574e-06	c14
RP4-566L20.1	0.00317249067405222	0.00125450540396833	0.111111111111111	0.00741152492125255	0.033534485704355	c14
AF131217.1	0.00199456956273614	0.0379549694058714	9	6.54067074300537	0.023473638437594	c14
TSPEAR-AS1	0.00018195270096419	0.00155837031408358	0.111111111111111	0.00370576246062627	0.00311085765135649	c14
ITGB2	0.00317880228787871	0.0648591985970859	72.4444444444444	70.6800074115249	0.0335546880600831	c14
COL6A2	0.00126020336749539	0.0236648300778297	4.22222222222222	2.51991847322587	0.0159031057169998	c14
MT-ND1	1.71763904704787e-134	0.553483583975856	99.6666666666667	98.591810264962	1.15748260102462e-130	c14
MT-ND2	1.73032145834562e-121	0.584605800690932	99.1111111111111	94.9898091532333	6.47793902416636e-118	c14
MT-CO1	9.77741593291646e-37	0.24342698121625	100	99.8406522141931	3.92190776718675e-34	c14
MT-CO2	1.39249405077745e-69	0.294370902583806	100	99.9147674634056	1.61788601885847e-66	c14
MT-ATP8	6.97731095704337e-60	0.349632919583966	99.7777777777778	98.9549749861034	6.5303754274061e-57	c14
MT-ATP6	3.97881543247997e-65	0.395507794642888	99.8888888888889	99.3070224198629	4.18944397443688e-62	c14
MT-CO3	6.39487672580499e-99	0.447887575668307	100	99.5775430794886	1.43645984266182e-95	c14
MT-ND3	1.09406756898778e-106	0.436185462661298	99.8888888888889	99.2847878450991	2.83565482072878e-103	c14
MT-ND4L	6.51946337040298e-115	0.399235944157954	99.8888888888889	99.8406522141931	2.19666798802358e-111	c14
MT-ND4	3.38746086987485e-86	0.477700921005821	99.3333333333333	95.9681304428386	5.70685532747816e-83	c14
MT-ND5	2.12320191526126e-45	0.315323679113981	98.3333333333333	96.6870483602001	1.17277320217726e-42	c14
MT-ND6	6.3079916201585e-07	0.126709818097637	58	53.8706688901241	2.07560028954707e-05	c14
MT-CYB	2.54541394673159e-96	0.470067362355775	100	99.5553085047248	5.36032359507338e-93	c14
