gene	p_val	avg_log2FC	pct.1	pct.2	p_val_adj	cluster
RPL22	1.00481800766453e-145	0.610395690214881	99.0942028985507	99.2573080159514	1.47201469348907e-142	c28
C1orf234	9.66380050002391e-05	0.00280142449036042	0.181159420289855	0.00731716240441957	0.000604889641552676	c28
TCEA3	0.00021125504743753	0.044350216450272	4.89130434782609	2.47685947389602	0.00123899522512796	c28
MDS2	1.43750780927556e-12	0.110377972132731	10.3260869565217	4.33176014341638	2.91955323241293e-11	c28
RPL11	1.24047365088245e-201	0.59415819842595	100	99.9780485127867	8.35930383856665e-198	c28
LDLRAP1	9.01886869198841e-08	0.199656948442776	32.7898550724638	27.8235100428054	9.46672154853139e-07	c28
ZMYM4-AS1	0.000892139530887677	0.00820271435068583	0.543478260869565	0.0914645300552446	0.00466983833365378	c28
C1orf228	0.00319497305190938	0.119041165672209	23.1884057971014	20.195368236198	0.0149474343253311	c28
RPS8	4.28025285454772e-196	0.63460910748738	100	99.9926828375956	1.80273549601413e-192	c28
TCTEX1D4	0.00742247805763292	0.00547493079470665	0.36231884057971	0.0621958804375663	0.0322284762466345	c28
LINC01144	0.00155824415683891	0.00710902523242958	0.72463768115942	0.16097757289723	0.00777714095993633	c28
RP5-997D24.3	2.70600669051902e-12	0.0113873380886911	0.905797101449275	0.0621958804375663	5.22799251320801e-11	c28
AK5	3.27963019971328e-19	0.0585263995820454	5.07246376811594	1.04269564262979	1.30928744015568e-17	c28
SYDE2	0.000203473900292479	0.0226233949183512	2.53623188405797	0.962206856181173	0.00119669219697238	c28
RPL5	2.91397901452168e-154	0.627965249851854	99.4565217391304	99.5536530933304	4.90918044576468e-151	c28
PROK1	1.08612056337047e-06	0.00268689069384123	0.181159420289855	0.00365858120220978	9.55003816863379e-06	c28
C1orf162	0.00609846859991512	0.0983925998699461	21.0144927536232	17.9599751216478	0.0269980030226698	c28
SPAG17	1.97093589287281e-12	0.00262978236459705	0.181159420289855	0	3.87448739640937e-11	c28
THEM4	0.000798193987152352	0.144772311031524	30.6159420289855	29.2613324552738	0.00421607590580206	c28
RPS27	5.58774585068635e-32	0.201020835132672	100	100	5.58675099979305e-30	c28
RP11-336K24.5	1.97093589287281e-12	0.00251235433137681	0.181159420289855	0	3.87448739640937e-11	c28
ARHGEF11	0.00107353579690575	0.010216481185469	1.08695652173913	0.300003658581202	0.00551566257104948	c28
CD48	0.00084598673785989	0.0396701569164783	71.195652173913	80.763180038781	0.00444973568422405	c28
GPA33	1.37153230613392e-05	0.0486464178788556	5.07246376811594	2.30490615739216	9.95313580074872e-05	c28
SELL	3.80921655906277e-22	0.442922106150199	65.036231884058	51.8640471225259	1.97458065755478e-20	c28
DNM3OS	9.66380050002391e-05	0.00380051805198143	0.181159420289855	0.00731716240441957	0.000604889641552676	c28
PROX1	0.00979725145797411	0.0014154108896681	0.181159420289855	0.0182929060110489	0.0413981177106822	c28
RP11-245P10.4	0.0038123789464424	0.00370241182272846	0.181159420289855	0.0146343248088391	0.0175507987732518	c28
MTRNR2L11	1.08612056337047e-06	0.00372000403183788	0.181159420289855	0.00365858120220978	9.55003816863379e-06	c28
CHRM3-AS2	6.25323835889037e-11	0.118273900942214	12.1376811594203	5.91592580397322	1.03842589090415e-09	c28
SNTG2	0.000853058791077883	0.00900885177420062	0.72463768115942	0.150001829290601	0.00448338214109783	c28
RPS7	3.87115632767852e-63	0.266245312829885	99.8188405797101	99.9524384443713	1.12443742504138e-60	c28
RNF144A	3.409287284586e-07	0.0857181483027354	10.1449275362319	5.43665166648374	3.26713668278841e-06	c28
RP11-130L8.1	0.00979725145797411	0.00173841012561009	0.181159420289855	0.0182929060110489	0.0413981177106822	c28
RP11-1057B6.1	0.00734387465194168	0.00638951278157588	0.543478260869565	0.124391760875133	0.0319448118412759	c28
RPS27A	8.41592473660751e-155	0.478417488872957	100	99.9817070939889	1.49245351618554e-151	c28
ADD2	6.54178992047735e-12	0.0092679583482126	0.72463768115942	0.0402443932243076	1.21175959087721e-10	c28
LINC01291	0.00249823077358543	0.00614398163552806	0.36231884057971	0.051220136830937	0.0119669302936007	c28
TRABD2A	0.00942102260877048	0.0810653188590897	14.4927536231884	11.8720960011707	0.0401000424178768	c28
MAL	1.56698521991694e-14	0.229046298822872	32.9710144927536	22.0575860681228	4.02117288651039e-13	c28
AFF3	0.0027446783452507	0.0189932272851434	1.99275362318841	0.823180770497201	0.0130069187292373	c28
RPL31	1.18252194948585e-44	0.308631330383407	96.195652173913	97.4865547140819	2.00220575708423e-42	c28
LIMS1-AS1	1.97093589287281e-12	0.00250665777042807	0.181159420289855	0	3.87448739640937e-11	c28
EDAR	0.000150754277337905	0.0134251816270344	1.44927536231884	0.398785351040866	0.000907704542641778	c28
SH3RF3	0.000436580883595134	0.00858442530660314	0.72463768115942	0.139026085683972	0.00241585749578821	c28
NCKAP5	1.97093589287281e-12	0.0023322170176373	0.181159420289855	0	3.87448739640937e-11	c28
METAP1D	0.00273240530869767	0.0443443238294299	5.61594202898551	3.38784619324626	0.0129615182980796	c28
ITGA6	7.89608718234994e-06	0.114590952253708	15.3985507246377	10.4342735887023	5.99618574537072e-05	c28
RP11-171I2.4	0.0038123789464424	0.00309186223161079	0.181159420289855	0.0146343248088391	0.0175507987732518	c28
SLC40A1	1.02878354135828e-06	0.0879493281737365	9.78260869565217	5.34518713642849	9.10050738842897e-06	c28
RP11-455J20.3	2.93211507673453e-06	0.00480315009146433	0.36231884057971	0.0219514872132587	2.37944810682787e-05	c28
ALS2CR11	0.00978531873632665	0.00324858849553446	0.181159420289855	0.0182929060110489	0.0413981177106822	c28
EEF1B2	2.66538550317161e-117	0.625392396139698	98.1884057971015	97.3694801156112	2.2451874785966e-114	c28
RPL37A	6.55509511435428e-35	0.247157405243361	99.2753623188406	99.4475542384663	7.41165687191454e-33	c28
AC097662.2	0.000647204039724091	0.00738464650057532	0.543478260869565	0.0878059488530348	0.00347409477687805	c28
AC097713.4	5.13458332904482e-05	0.0428541959821778	4.71014492753623	2.19880730252808	0.000337504195647359	c28
PASK	2.70766210370466e-06	0.223097664417057	34.963768115942	30.7247649361578	2.21329371475558e-05	c28
RPL32	1.84973287664235e-213	0.635675504332634	100	99.9780485127867	2.07749665151958e-209	c28
SATB1	0.00353612305015911	0.102075067205395	20.6521739130435	17.64899571946	0.0164113126793473	c28
UBE2E2	6.94653758137916e-05	0.0186775351921882	1.81159420289855	0.537811436724838	0.000446928847177753	c28
RPL15	9.08096031429313e-31	0.176054265633236	99.0942028985507	99.8390224271028	8.40587573708222e-29	c28
TGFBR2	0.0118193681230208	0.101211888090064	44.5652173913043	47.6822888084001	0.0491474502699076	c28
CMTM8	0.00271748403111525	0.0996325022282925	17.5724637681159	14.3635897998756	0.0128998178281766	c28
RPSA	1.6411415514137e-84	0.389044399856401	99.4565217391304	99.6670691105989	8.01400339613523e-82	c28
RPL14	1.45456755401777e-121	0.424145239296242	100	99.9414627007646	1.40029140471643e-118	c28
VIPR1	0.00577327948017551	0.0307199711193859	4.34782608695652	2.52807961072696	0.0256798519874632	c28
RPL29	1.36656413495763e-136	0.466667003038675	100	99.930486957158	1.64446471297365e-133	c28
CACNA2D3	1.97093589287281e-12	0.00244551941476271	0.181159420289855	0	3.87448739640937e-11	c28
FHIT	1.39566432796888e-09	0.0934073456769293	10.1449275362319	4.79639995609703	1.92885618812893e-08	c28
FOXP1	5.32778904977132e-06	0.168498786362602	43.1159420289855	42.0005122013683	4.17087649263464e-05	c28
MTRNR2L12	6.7521166562133e-08	0.264445087691154	58.8768115942029	55.2189660849523	7.25233722073481e-07	c28
RP11-227H4.5	0.00381797348571713	0.00265363731366836	0.181159420289855	0.0146343248088391	0.0175573629900031	c28
RPL24	1.91325172385325e-61	0.290033793493512	99.2753623188406	99.6963377602166	5.19879867608962e-59	c28
RP11-197K3.1	0.000947527262817201	0.00342626365860028	0.181159420289855	0.0109757436066293	0.00493001183685084	c28
KALRN	1.2386620737862e-06	0.0264661238176393	1.99275362318841	0.493908462298321	1.07565669881836e-05	c28
RP11-501O2.5	1.97093589287281e-12	0.00238661029088809	0.181159420289855	0	3.87448739640937e-11	c28
SERP1	0.00357883313184148	0.0259899635018914	65.036231884058	76.7643507847657	0.0165935328944911	c28
RP11-255C15.3	0.0038123789464424	0.00377747250793675	0.181159420289855	0.0146343248088391	0.0175507987732518	c28
MUC20	0.000907903934773957	0.0120027619903176	0.905797101449275	0.219514872132587	0.00474572062958016	c28
ZDHHC19	1.97093589287281e-12	0.00290928836441995	0.181159420289855	0	3.87448739640937e-11	c28
UBXN7-AS1	0.00978531873632665	0.00308608538832031	0.181159420289855	0.0182929060110489	0.0413981177106822	c28
RPL35A	1.86719608618764e-144	0.45476230730881	100	99.9487798631691	2.62138770533359e-141	c28
RPL9	1.68357162909111e-100	0.501575096405861	98.9130434782609	99.6268247173746	9.7803900811372e-98	c28
RP11-121C2.3	0.000947527262817201	0.00278013349149256	0.181159420289855	0.0109757436066293	0.00493001183685084	c28
TXK	8.51814784514359e-17	0.242335040275438	28.9855072463768	17.6746057878755	2.73083228824232e-15	c28
SULT1B1	1.20185136523257e-06	0.0240210376214485	1.99275362318841	0.493908462298321	1.04719885958485e-05	c28
RP11-556N4.1	1.97093589287281e-12	0.00234398251465885	0.181159420289855	0	3.87448739640937e-11	c28
CCDC158	1.97093589287281e-12	0.00298298947140466	0.181159420289855	0	3.87448739640937e-11	c28
PLAC8	0.000717044768997517	0.108746915275731	20.8333333333333	16.9245966414225	0.00381615960300147	c28
LEF1	1.82041540380532e-12	0.250240580107463	45.1086956521739	37.2114294076757	3.64234421709123e-11	c28
RPL34	7.27398770443904e-185	0.566518014525577	100	99.9817070939889	2.45089741713369e-181	c28
RP11-73K9.3	1.29370713422332e-05	0.00557373722189836	0.36231884057971	0.0256100684154685	9.45146751529069e-05	c28
RPS3A	1.60559007914564e-201	0.653396053080944	99.8188405797101	99.9451212819668	9.01645868778889e-198	c28
RNF175	5.97013062718608e-06	0.0171373566283313	1.44927536231884	0.318296564592251	4.62750359678877e-05	c28
RP11-143A12.3	1.97093589287281e-12	0.00308247064683846	0.181159420289855	0	3.87448739640937e-11	c28
SEMA5A	1.3028738197289e-05	0.00300580760920153	0.36231884057971	0.0256100684154685	9.50401179518198e-05	c28
RP11-260E18.1	1.52376012700912e-05	0.00709331113335851	0.543478260869565	0.0585372992353565	0.000109798061846547	c28
MYO10	1.96876032136557e-10	0.00694961628665695	0.543478260869565	0.0256100684154685	3.0625766513431e-09	c28
IL7R	8.23550311062099e-09	0.358771644646724	88.4057971014493	79.6838985841291	1.01014576559615e-07	c28
RPL37	8.71407688558597e-141	0.490298003193421	100	99.9670727691801	1.17444842633173e-137	c28
CTD-2035E11.5	0.00219396766179456	0.00886223985068476	0.72463768115942	0.16829473530165	0.0106227254485567	c28
CTD-2227I18.1	1.61265978100936e-08	0.0168298765227729	1.08695652173913	0.135367504481762	1.8953968715632e-07	c28
ANKRD55	2.0624177609169e-11	0.105437499311604	11.4130434782609	5.1988438883401	3.60057533867015e-10	c28
CTD-2310F14.1	0.00978531873632665	0.00253265931860431	0.181159420289855	0.0182929060110489	0.0413981177106822	c28
AC025442.3	1.29269242039841e-05	0.00699490869559279	0.36231884057971	0.0256100684154685	9.44610245345999e-05	c28
NSA2	0.000654215857387833	0.0721861734517554	54.3478260869565	62.7775948487177	0.00350670523366619	c28
CTC-431G16.2	0.00979128347719417	0.00216826244965567	0.181159420289855	0.0182929060110489	0.0413981177106822	c28
SERINC5	6.53545825933057e-09	0.192338523589955	29.3478260869565	22.2953938462664	8.14370305435962e-08	c28
RPS23	1.38154098018074e-140	0.449033102625242	100	99.9780485127867	1.79037083793115e-137	c28
LINC01554	0.00978531873632665	0.00304306699943675	0.181159420289855	0.0182929060110489	0.0413981177106822	c28
RGMB	6.76509292069444e-05	0.0310760799225508	2.71739130434783	1.00245124940548	0.000436004286285154	c28
CAMK4	0.00280110932662696	0.111885605741699	42.3913043478261	45.7834851644532	0.0132575611253503	c28
TCF7	6.50044341173208e-24	0.357487534886003	52.1739130434783	39.2675520433176	3.86971625998058e-22	c28
RP11-325L7.1	0.000516884156551824	0.00415244365920571	0.36231884057971	0.0402443932243076	0.00282267338263487	c28
EIF4EBP3	0.01009967895641	0.0398465214340306	5.07246376811594	3.22321003914682	0.0425160648122535	c28
NDFIP1	5.59839255079563e-05	0.107881605683841	57.6086956521739	66.428858888523	0.000365659001730521	c28
RPS14	9.40451411319072e-135	0.433205717244928	100	99.9853656751912	1.09267482251672e-131	c28
HAVCR1	0.00807311367185583	0.0151902213340075	1.44927536231884	0.578055829949146	0.034784589777431	c28
ATP10B	9.66380050002391e-05	0.00216103330006827	0.181159420289855	0.00731716240441957	0.000604889641552676	c28
NPM1	2.49980045598545e-05	0.0131891426324429	86.0507246376812	94.4572494786522	0.000173881660949574	c28
SH3PXD2B	0.00978531873632665	0.0026352027099562	0.181159420289855	0.0182929060110489	0.0413981177106822	c28
EIF4E1B	1.97093589287281e-12	0.00339363123717764	0.181159420289855	0	3.87448739640937e-11	c28
RP11-423H2.5	9.66380050002391e-05	0.00323332820567088	0.181159420289855	0.00731716240441957	0.000604889641552676	c28
GNB2L1	2.76825046772458e-76	0.34461016092299	99.6376811594203	99.6890205978122	1.04801608156755e-73	c28
RP3-400B16.4	0.00381797348571713	0.00207828930229914	0.181159420289855	0.0146343248088391	0.0175573629900031	c28
ADTRP	0.00259861516308559	0.0772637776230921	10.3260869565217	7.32813814802619	0.0124037029756348	c28
RP1-30M3.6	0.0038123789464424	0.0027976971968706	0.181159420289855	0.0146343248088391	0.0175507987732518	c28
HIST1H4F	0.0101323612562713	0.0423261405629257	4.89130434782609	3.06954962865401	0.0426376645646067	c28
RP1-86C11.7	0.00978531873632665	0.00249600908963465	0.181159420289855	0.0182929060110489	0.0413981177106822	c28
LINC00243	1.51264388763342e-07	0.0829872944035237	9.05797101449275	4.5622507591556	1.53700311067311e-06	c28
LTB	0.00105687305094281	0.17156561372766	83.1521739130435	76.7021549043281	0.00544000619897143	c28
AIF1	2.80250470127732e-09	0.106063893981848	11.231884057971	5.61958072659423	3.69001928115819e-08	c28
RPS18	1.05603742528137e-42	0.276588689782679	100	99.9487798631691	1.75281403977489e-40	c28
RPL10A	1.23372824674791e-64	0.366170452419545	99.4565217391304	99.3634068708155	3.6464245215723e-62	c28
KIF6	0.000947527262817201	0.00375537899696537	0.181159420289855	0.0109757436066293	0.00493001183685084	c28
CCND3	0.0004415644825241	0.0841930290934739	56.8840579710145	65.0385980316833	0.00244022858359308	c28
CYP39A1	0.0038123789464424	0.00250857280723977	0.181159420289855	0.0146343248088391	0.0175507987732518	c28
EEF1A1	2.16490357863083e-159	0.448835437170913	100	99.9963414187978	4.05245895435484e-156	c28
BACH2	6.71749151343617e-07	0.110988067850672	13.768115942029	8.45498115830681	6.13385254888125e-06	c28
RP3-512E2.2	0.0015286415834313	0.0112419264322524	0.72463768115942	0.16097757289723	0.00764184710862524	c28
ENPP3	0.000552810280813424	0.00828834738801613	0.72463768115942	0.142684666886182	0.00300571076355132	c28
RPS12	1.77912420229072e-203	0.593065933357036	100	99.9926828375956	1.49864527179959e-199	c28
RP1-67K17.4	0.0038123789464424	0.00309859113906667	0.181159420289855	0.0146343248088391	0.0175507987732518	c28
RP5-1007H16.1	1.08612056337047e-06	0.00323966477391787	0.181159420289855	0.00365858120220978	9.55003816863379e-06	c28
TOMM7	2.47907971065166e-25	0.20122217838432	94.0217391304348	96.8280100976841	1.67060223541394e-23	c28
C7orf72	0.00978531873632665	0.00245909116188038	0.181159420289855	0.0182929060110489	0.0413981177106822	c28
NUPR2	0.00120153809473048	0.00655651338937763	0.543478260869565	0.0951231112574544	0.00610996446783107	c28
LRRD1	9.67567042515021e-05	0.00179695824655229	0.181159420289855	0.00731716240441957	0.00060507060004642	c28
GAL3ST4	0.00626061226900718	0.0102341461172261	1.08695652173913	0.365858120220978	0.0276323119978947	c28
RP11-775D22.2	0.0067094715642467	0.0119753817267286	1.08695652173913	0.369516701423188	0.0294360592299125	c28
TRBV6-2	0.00734343397495162	0.0579374406601853	3.80434782608696	2.14027000329272	0.0319448118412759	c28
ATG9B	0.0107839937124374	0.0328026229070015	4.34782608695652	2.64881279039988	0.0451598165730632	c28
SLC25A6	0.00114337232241032	0.0209121061675639	78.2608695652174	86.9571580141221	0.00584105608276913	c28
SCML1	3.57427318325454e-06	0.107722571984395	15.3985507246377	10.1379285113233	2.86741811039473e-05	c28
EIF2S3	9.03860140330425e-11	0.210968356841687	53.6231884057971	54.8604251271357	1.4684022935532e-09	c28
MAGEB2	1.97093589287281e-12	0.0033165124493519	0.181159420289855	0	3.87448739640937e-11	c28
UXT	0.00252334753337662	0.0481256097316517	57.6086956521739	66.9886218124611	0.0120786577339952	c28
OPHN1	0.000947527262817201	0.00313775532077509	0.181159420289855	0.0109757436066293	0.00493001183685084	c28
RPS4X	2.83489791018221e-117	0.442344953990355	100	99.9743899315845	2.32973293135804e-114	c28
RPL36A	1.67811113237464e-05	0.0705337904718801	67.5724637681159	76.8009365967878	0.000119945431680592	c28
GPRASP2	0.00470418936811229	0.00912237995235182	0.72463768115942	0.186587641312699	0.0213041608291903	c28
TSC22D3	0.000510503963345834	0.129332061374477	93.6594202898551	94.0767570336224	0.00279235723067769	c28
ZCCHC12	0.0115255614608391	0.0135282744488076	1.08695652173913	0.395126769838657	0.0480401676737213	c28
RPL39	6.55988537279911e-161	0.511901881632651	100	99.9451212819668	1.38142986094433e-157	c28
RP11-66N11.7	9.66380050002391e-05	0.00231184712143363	0.181159420289855	0.00731716240441957	0.000604889641552676	c28
RPL10	1.18992029438383e-149	0.429451330209732	100	99.9926828375956	1.82241701813494e-146	c28
KBTBD11	0.000326818244334272	0.0147941011824996	1.26811594202899	0.34390663300772	0.00185134733096822	c28
SARAF	3.00074161915862e-18	0.143546300407547	95.4710144927536	98.9902315881901	1.10741498484042e-16	c28
RP11-11N9.4	5.35051264353824e-05	0.0280261720289491	2.71739130434783	0.987816924596641	0.000350466899322274	c28
RP11-30L15.6	9.66380050002391e-05	0.00346690628056814	0.181159420289855	0.00731716240441957	0.000604889641552676	c28
RPS20	2.20367730202497e-16	0.153766314307233	85.1449275362319	91.7389236454103	6.74393306216432e-15	c28
SULF1	1.97093589287281e-12	0.00305944754456155	0.181159420289855	0	3.87448739640937e-11	c28
RPL7	1.03002679863487e-81	0.490648551997063	96.7391304347826	96.1914169684996	4.62742972709375e-79	c28
NECAB1	1.97093589287281e-12	0.00280181665415896	0.181159420289855	0	3.87448739640937e-11	c28
RPL30	8.22586693516514e-189	0.496189450001677	100	99.9890242563934	3.07958178348282e-185	c28
PABPC1	4.85841958315905e-106	0.602002767518096	97.463768115942	96.8243515164819	3.0314738784252e-103	c28
RP11-395G23.3	4.32782788572609e-08	0.0116096984625855	1.08695652173913	0.142684666886182	4.79992866299061e-07	c28
EIF3E	1.75951290376399e-18	0.222028303357871	73.5507246376812	77.4924084440054	6.58722530882487e-17	c28
EIF3H	3.11875015052687e-07	0.0918579794768886	66.6666666666667	75.6850693301138	3.01270549231228e-06	c28
SAMD12	0.000840109785429438	0.0279748414945846	2.71739130434783	1.17440456590934	0.00442291548597805	c28
RP11-37N22.1	0.00978531873632665	0.00328060957457029	0.181159420289855	0.0182929060110489	0.0413981177106822	c28
LINC00861	0.000424711133968855	0.140995140776206	42.7536231884058	43.2736984597373	0.00235675509682915	c28
EEF1D	3.50245992448821e-46	0.291578778544322	98.3695652173913	99.1585263234917	6.21115182608978e-44	c28
EPPK1	5.01208830835099e-06	0.0169593700591164	1.44927536231884	0.314637983390041	3.93836995013009e-05	c28
RPL8	5.80582871954997e-106	0.402985378620199	99.4565217391304	99.8865839827315	3.55675623411848e-103	c28
AL365202.1	0.000947527262817201	0.00303993784953677	0.181159420289855	0.0109757436066293	0.00493001183685084	c28
GLIS3	1.20604455604743e-05	0.016543988446056	1.44927536231884	0.33293088940109	8.86291499922836e-05	c28
RPS6	6.50800699909144e-78	0.397333280468641	99.4565217391304	99.8536567519116	2.7071702200912e-75	c28
PCSK5	0.000151997193179607	0.021376703725154	1.99275362318841	0.658544616397761	0.00091420803766399	c28
VPS13A-AS1	4.68750676317777e-08	0.00759505660359722	0.543478260869565	0.0365858120220978	5.16146578034352e-07	c28
ANP32B	0.00956159882763215	0.014728554415036	63.768115942029	73.7972414297735	0.0406163024329599	c28
TNFSF8	6.1519497436004e-07	0.187332029985763	38.5869565217391	34.5040793180405	5.66349165740087e-06	c28
RPL35	2.8000886959357e-06	0.0524104336033773	97.8260869565217	99.3743826144221	2.28220098018523e-05	c28
RPL12	3.7386271499969e-118	0.419878066630702	100	99.9597556067757	3.31498166294725e-115	c28
RP11-203J24.8	0.000113805919940484	0.00560520186081639	0.36231884057971	0.032927230819888	0.000701147680832813	c28
RP11-334J6.7	0.00162686475063314	0.00981089782845724	0.905797101449275	0.234149196941426	0.00808966660387144	c28
RPL7A	3.02987838198157e-65	0.280768174174011	100	99.9560970255735	9.1150644823649e-63	c28
RP11-413M3.4	9.66380050002391e-05	0.0023221387696686	0.181159420289855	0.00731716240441957	0.000604889641552676	c28
RPLP2	2.18750162595431e-126	0.423547104642635	100	99.9597556067757	2.3776025737066e-123	c28
RP11-1391J7.1	0.00979725145797411	0.00191603826170546	0.181159420289855	0.0182929060110489	0.0413981177106822	c28
RP11-467K18.2	0.000947527262817201	0.00327559050641506	0.181159420289855	0.0109757436066293	0.00493001183685084	c28
DENND5A	0.00442407808770237	0.0250469556285828	3.07971014492754	1.57318991695021	0.0201439036604113	c28
PDE3B	1.31947587650086e-05	0.161742386810766	35.5072463768116	31.8918523396627	9.61055343338086e-05	c28
RPS13	6.72387229686523e-183	0.620543194822565	99.8188405797101	99.912194051147	1.88795127642147e-179	c28
RP11-266A24.1	1.08612056337047e-06	0.00181500189378091	0.181159420289855	0.00365858120220978	9.55003816863379e-06	c28
RP4-607I7.1	0.00745921031509673	0.00418603758959732	0.36231884057971	0.0621958804375663	0.0323629451914588	c28
RP11-750H9.5	0.0038123789464424	0.00246733768438017	0.181159420289855	0.0146343248088391	0.0175507987732518	c28
CNTF	2.92691649581413e-06	0.00559952808243005	0.36231884057971	0.0219514872132587	2.37694904578017e-05	c28
RP11-804A23.2	1.08812568250727e-06	0.0019458941170439	0.181159420289855	0.00365858120220978	9.56517264450817e-06	c28
RASGRP2	2.05236342344847e-06	0.157828511341017	25.1811594202899	19.584385175429	1.71636468576999e-05	c28
FAU	3.19077646343159e-48	0.211885462429311	99.8188405797101	99.9378041195624	6.14342983764936e-46	c28
MALAT1	7.04686221452298e-26	0.257300253485265	100	99.9743899315845	4.84565256032933e-24	c28
AP000769.1	0.00139952981980754	0.146256863322832	25.9057971014493	23.5795558482421	0.00704027437273742	c28
CABP4	0.00999891403465495	0.00890019320150671	0.72463768115942	0.208539128525958	0.0421603565866179	c28
RPS3	4.41931863202071e-118	0.39135160342668	100	99.9926828375956	3.81806466634118e-115	c28
RP11-113K21.4	9.67567042515021e-05	0.00168253134385931	0.181159420289855	0.00731716240441957	0.00060507060004642	c28
RP11-685N10.1	4.28561157312084e-05	0.00380135154510676	0.36231884057971	0.0292686496176783	0.000286109364661648	c28
RPS25	1.80508244418855e-62	0.266731377930304	100	99.9670727691801	5.06837065620742e-60	c28
VSIG2	0.00742247805763292	0.00424509709430516	0.36231884057971	0.0621958804375663	0.0322284762466345	c28
TMEM45B	0.000501834143590001	0.0260296930461495	2.35507246376812	0.921962462956865	0.00274805779849204	c28
SKIDA1	0.00980919714525559	0.00169263905376294	0.181159420289855	0.0182929060110489	0.0414382006785659	c28
ENKUR	0.00980919714525559	0.00154350620656693	0.181159420289855	0.0182929060110489	0.0414382006785659	c28
SVIL	0.0113570209749777	0.0436453115087686	5.2536231884058	3.39882193685289	0.0473886643629595	c28
ZNF503	9.66380050002391e-05	0.00219044371030392	0.181159420289855	0.00731716240441957	0.000604889641552676	c28
RPS24	2.62483476782642e-23	0.148321656668123	100	99.9634141879779	1.47156709928691e-21	c28
CC2D2B	1.97093589287281e-12	0.00222737129140656	0.181159420289855	0	3.87448739640937e-11	c28
DNTT	1.97093589287281e-12	0.00192413612848655	0.181159420289855	0	3.87448739640937e-11	c28
SORCS3	0.00978531873632665	0.00244687889018122	0.181159420289855	0.0182929060110489	0.0413981177106822	c28
ABLIM1	0.00236383846870574	0.125371119439848	28.4420289855072	26.4478835107745	0.0113732933549295	c28
RP11-664D1.1	9.18146777226781e-06	0.0551197573770134	5.2536231884058	2.40002926864962	6.88079126153896e-05	c28
AKAP3	0.011193650724914	0.00773769922274267	0.72463768115942	0.212197709728167	0.0467822956493737	c28
C12orf57	1.2221092647702e-15	0.214491006333371	82.7898550724638	85.9400724399078	3.52549225746293e-14	c28
PTPRO	0.0016272104744515	0.00978663259614391	0.905797101449275	0.234149196941426	0.00809019178488548	c28
LDHB	3.62796403089108e-34	0.32060484249117	86.231884057971	88.1022939304138	3.99479150512562e-32	c28
RP11-847H18.2	0.000947527262817201	0.00266569200721031	0.181159420289855	0.0109757436066293	0.00493001183685084	c28
RP11-493L12.3	0.000941817656631009	0.00473079170864227	0.36231884057971	0.0439029744265174	0.00491080224737314	c28
KRT73-AS1	1.48640741112075e-13	0.0289577972662954	2.53623188405797	0.409761094647496	3.38170231669834e-12	c28
KRT73	6.73391213239628e-08	0.0138450866401892	1.08695652173913	0.146343248088391	7.23509041418878e-07	c28
KRT2	1.24557279371771e-06	0.0158065691484012	1.44927536231884	0.289027914974573	1.08110071384659e-05	c28
KRT1	0.0104635819294468	0.0104851802079412	0.905797101449275	0.296345077378992	0.0439108144888256	c28
EIF4B	2.0877828838253e-11	0.178692126250166	65.9420289855072	70.2484176636301	3.64297029972086e-10	c28
PFDN5	3.05858608063971e-24	0.186903617804949	96.3768115942029	98.342662715399	1.89441175369622e-22	c28
PCBP2	4.99405362044715e-12	0.153825661060031	82.6086956521739	87.4144806643983	9.34831348263035e-11	c28
RPL41	3.22052633865483e-34	0.269934518149787	99.4565217391304	99.9158526323492	3.56948731758671e-32	c28
NACA	2.58799345235151e-93	0.389408101083134	99.0942028985507	99.6085318113635	1.38412462513542e-90	c28
RP11-1143G9.5	7.84969012872015e-05	0.0302383639401571	3.07971014492754	1.21464895913365	0.000499787337862995	c28
RPL6	2.918000323557e-61	0.295337298650138	99.8188405797101	99.8792668203271	7.86552823215436e-59	c28
RP11-497G19.1	1.08612056337047e-06	0.0028811558068724	0.181159420289855	0.00365858120220978	9.55003816863379e-06	c28
RP11-33N14.3	0.000947527262817201	0.00185090040016409	0.181159420289855	0.0109757436066293	0.00493001183685084	c28
RPLP0	1.24226536837405e-70	0.387800435165173	99.4565217391304	99.6743862730033	4.14424646752428e-68	c28
FAM101A	0.000947527262817201	0.00243719889313271	0.181159420289855	0.0109757436066293	0.00493001183685084	c28
RP11-46H11.3	0.00158476750629034	0.00387987562527511	0.36231884057971	0.0475615556287272	0.0078943164336113	c28
RPL21	1.04706088229469e-75	0.483607240675433	99.2753623188406	99.3707240332199	3.87688674374036e-73	c28
TPT1	5.75571360347526e-111	0.495230947710497	100	99.9195112135514	4.12623434373395e-108	c28
RP11-290D2.6	2.93814553392588e-65	0.402807515724557	24.0942028985507	6.61105623239308	8.91872753334221e-63	c28
SPERT	0.00158404461517142	0.00440046891787667	0.36231884057971	0.0475615556287272	0.0078918821918654	c28
LPAR6	0.00605340172703038	0.115121663759415	21.5579710144928	19.130721106355	0.0268231612033879	c28
KLF5	0.00236240387505004	0.0298660712655449	3.80434782608696	2.00124391760875	0.0113680143053322	c28
LINC00402	1.48691733580239e-16	0.176421882422699	19.9275362318841	10.0537811436725	4.63890673264126e-15	c28
COMMD6	0.000425826113586595	0.0115130305632929	85.3260869565217	93.4401639044379	0.00236138661474436	c28
RP11-203M5.7	0.0038123789464424	0.00303701729605698	0.181159420289855	0.0146343248088391	0.0175507987732518	c28
ARHGAP5-AS1	0.0115122308505809	0.0155355560893454	1.44927536231884	0.603665898364614	0.0480006318870776	c28
SLC25A21-AS1	1.08612056337047e-06	0.00258766509514186	0.181159420289855	0.00365858120220978	9.55003816863379e-06	c28
RP11-129M6.1	0.000947527262817201	0.00285683626509974	0.181159420289855	0.0109757436066293	0.00493001183685084	c28
RPS29	1.71061383511859e-11	0.117971964820499	99.0942028985507	99.7438993158453	3.01293374597416e-10	c28
RPL36AL	0.000276219285855807	0.0192831366958388	93.2971014492754	97.7426553982366	0.00158821375727399	c28
RP11-463J10.2	1.97093589287281e-12	0.00347550106433268	0.181159420289855	0	3.87448739640937e-11	c28
TBPL2	9.67567042515021e-05	0.00180244522864543	0.181159420289855	0.00731716240441957	0.00060507060004642	c28
ACTN1	2.15412119202364e-10	0.14448107105064	17.2101449275362	9.91841363919072	3.3355220332741e-09	c28
RPS6KL1	0.000203806396556396	0.0108349475785954	1.08695652173913	0.256100684154685	0.00119822940596252	c28
FBLN5	0.000202298340241267	0.10603449722474	15.2173913043478	11.2464786155929	0.00119071733809627	c28
RP11-61O1.2	0.00058083315559743	0.0206790265020987	1.81159420289855	0.629275966780083	0.0031499424343634	c28
OCA2	0.00381517528427788	0.00184530503538677	0.181159420289855	0.0146343248088391	0.017553955168457	c28
GOLGA8M	0.00381517528427788	0.00218017999602389	0.181159420289855	0.0146343248088391	0.017553955168457	c28
RP11-562A8.4	0.00978531873632665	0.00229211177440213	0.181159420289855	0.0182929060110489	0.0413981177106822	c28
RP11-325L12.7	9.66380050002391e-05	0.00250941986447421	0.181159420289855	0.00731716240441957	0.000604889641552676	c28
RPL4	5.88046286041945e-77	0.486231483786861	96.195652173913	96.8353272600885	2.35876566213063e-74	c28
RPLP1	1.59353174448989e-42	0.231648417028143	100	100	2.61914432189476e-40	c28
RP11-351M8.1	1.97093589287281e-12	0.00192548305622833	0.181159420289855	0	3.87448739640937e-11	c28
PDE8A	0.000274084715967978	0.0607740916043859	7.78985507246377	4.68664252003073	0.00157728615197695	c28
RP11-158M2.5	9.66380050002391e-05	0.0029044093878804	0.181159420289855	0.00731716240441957	0.000604889641552676	c28
PLIN1	0.000949269858385676	0.00235325287084615	0.181159420289855	0.0109757436066293	0.00493518575842008	c28
RP11-35O15.1	1.08612056337047e-06	0.00223963180141234	0.181159420289855	0.00365858120220978	9.55003816863379e-06	c28
IGF1R	1.66273246762257e-06	0.0212999444187512	1.99275362318841	0.50122562470274	1.41012101092562e-05	c28
RP11-526I2.1	1.97093589287281e-12	0.00296958386260824	0.181159420289855	0	3.87448739640937e-11	c28
RP11-66B24.2	0.00206903739474093	0.00623051537675667	0.543478260869565	0.102440273661874	0.0100728429386506	c28
LINC00235	0.00410111286911442	0.00785578603452177	0.543478260869565	0.113416017268503	0.0187646519570806	c28
LA16c-358B7.4	0.00381797348571713	0.00163717690564708	0.181159420289855	0.0146343248088391	0.0175573629900031	c28
RPS2	2.82202640814701e-106	0.46320658076326	99.6376811594203	99.9158526323492	1.7940633546435e-103	c28
AJ003147.9	0.000947527262817201	0.0033844942926157	0.181159420289855	0.0109757436066293	0.00493001183685084	c28
MTRNR2L4	1.08612056337047e-06	0.00385688511776188	0.181159420289855	0.00365858120220978	9.55003816863379e-06	c28
RSL1D1	1.3585820814873e-05	0.160661285974261	43.4782608695652	44.8359126330809	9.86765782574542e-05	c28
MYH11	0.0103200566032389	0.00614441501673596	0.543478260869565	0.131708923279552	0.0433625124316662	c28
RPS15A	4.46613324589435e-124	0.335931931251436	100	99.9817070939889	4.56005738142921e-121	c28
RP11-266L9.5	7.18406082448081e-05	0.015486693856893	1.44927536231884	0.376833863827608	0.000460367635409617	c28
LCMT1-AS2	0.00978531873632665	0.00225868239749374	0.181159420289855	0.0182929060110489	0.0413981177106822	c28
CTD-3203P2.1	0.00250461688221088	0.00435900947397038	0.36231884057971	0.051220136830937	0.0119958153843942	c28
CTD-2574D22.2	0.00979725145797411	0.00177274456665076	0.181159420289855	0.0182929060110489	0.0413981177106822	c28
ABCC11	5.35852795054757e-07	0.00835518618914645	0.543478260869565	0.0439029744265174	4.98344578431548e-06	c28
RP11-21B23.1	1.97093589287281e-12	0.00344618607652259	0.181159420289855	0	3.87448739640937e-11	c28
RP11-401P9.1	1.08612056337047e-06	0.00298564475308301	0.181159420289855	0.00365858120220978	9.55003816863379e-06	c28
NDRG4	0.00979128347719417	0.00208512455335616	0.181159420289855	0.0182929060110489	0.0413981177106822	c28
NRN1L	8.5153845306501e-05	0.00938635972011197	0.543478260869565	0.0695130428419859	0.000538515842034436	c28
COX4I1	1.55141960250482e-15	0.12059523886684	90.9420289855072	95.8109245234698	4.41499426408762e-14	c28
RP5-1142A6.9	0.00979128347719417	0.00297167138819772	0.181159420289855	0.0182929060110489	0.0413981177106822	c28
CBFA2T3	0.00978531873632665	0.00281498093562281	0.181159420289855	0.0182929060110489	0.0413981177106822	c28
LINC00304	0.000518260888943775	0.00409996689755931	0.36231884057971	0.0402443932243076	0.00282973300795196	c28
SLC22A31	0.00979128347719417	0.00172897794025855	0.181159420289855	0.0182929060110489	0.0413981177106822	c28
RPL13	7.22520568051175e-114	0.393528907719416	100	99.9926828375956	5.29230609128615e-111	c28
VPS9D1-AS1	0.0103453039790548	0.010758270947393	0.905797101449275	0.296345077378992	0.043446924126919	c28
DBNDD1	0.000594315515598949	0.0261446383460526	2.53623188405797	1.03537848022537	0.00321220195421735	c28
ADPRM	0.000934550102817559	0.0943002970334222	16.4855072463768	12.9477188746204	0.0048774366735339	c28
TMEM220	0.00373167712515667	0.0130209711222329	1.26811594202899	0.435371163062964	0.0172499834071929	c28
TMEM220-AS1	0.0074355780545815	0.00432218835917463	0.36231884057971	0.0621958804375663	0.0322731494714112	c28
ALDH3A1	0.00978531873632665	0.00225548839209214	0.181159420289855	0.0182929060110489	0.0413981177106822	c28
KCNJ12	0.0038123789464424	0.00331361050685239	0.181159420289855	0.0146343248088391	0.0175507987732518	c28
NOS2	1.97093589287281e-12	0.00262842215694223	0.181159420289855	0	3.87448739640937e-11	c28
RPL23A	1.259045236115e-10	0.116272129593838	99.8188405797101	99.9085354699448	2.0114874436064e-09	c28
AC010761.9	1.97093589287281e-12	0.00319706016181363	0.181159420289855	0	3.87448739640937e-11	c28
MMP28	0.00631783488871794	0.0123168955487413	1.26811594202899	0.460981231478433	0.0278593284570688	c28
RPL23	5.10061858547453e-07	0.0684804013276432	78.2608695652174	86.7961804412249	4.75935316031511e-06	c28
RP1-56K13.2	9.66380050002391e-05	0.00293543592591537	0.181159420289855	0.00731716240441957	0.000604889641552676	c28
RPL19	3.0431314584785e-173	0.483486962565258	100	99.9926828375956	7.32394795442677e-170	c28
CCR7	4.88500957555022e-12	0.28404338681035	48.3695652173913	40.756594592617	9.15946091477959e-11	c28
RPL27	5.28977703107999e-10	0.0844869497831828	96.195652173913	98.745106647642	7.73248361324118e-09	c28
RP11-527L4.6	1.08612056337047e-06	0.0021493402706656	0.181159420289855	0.00365858120220978	9.55003816863379e-06	c28
NOG	0.00100455989946313	0.0189047578271395	1.44927536231884	0.468298393882852	0.00519294894944933	c28
PRKCA	2.42215576002734e-06	0.111571401520675	13.2246376811594	8.31229649142063	2.00176885401916e-05	c28
RP11-143K11.7	0.00994158891039977	0.00598250016180491	0.36231884057971	0.0658544616397761	0.0419448906520173	c28
RPL38	7.92819158734742e-23	0.183642302665749	95.8333333333333	98.2951011597702	4.33656635298837e-21	c28
DNAI2	0.000618319615269469	0.0150478219025179	1.6304347826087	0.537811436724838	0.00333445280359947	c28
RP11-87G24.6	0.000947527262817201	0.00208471681170698	0.181159420289855	0.0109757436066293	0.00493001183685084	c28
COLEC12	0.000257898427481556	0.00560725468388114	0.36231884057971	0.0365858120220978	0.00149178190825125	c28
RP11-78F17.1	0.000113950607829748	0.00466749344833297	0.36231884057971	0.032927230819888	0.000701654199600791	c28
RP11-13N13.6	0.000948398189859927	0.00244177671922053	0.181159420289855	0.0109757436066293	0.00493213900434332	c28
RP11-845C23.3	9.67567042515021e-05	0.00186676917688007	0.181159420289855	0.00731716240441957	0.00060507060004642	c28
GTSCR1	6.30395121022759e-15	0.0535707194258794	4.71014492753623	1.10855010426956	1.69382242485972e-13	c28
RP5-851M4.1	0.000948398189859927	0.00222257927212273	0.181159420289855	0.0109757436066293	0.00493213900434332	c28
TTLL9	0.00381517528427788	0.00213488654526525	0.181159420289855	0.0146343248088391	0.017553955168457	c28
RP11-358N2.2	0.0038123789464424	0.00221218875703329	0.181159420289855	0.0146343248088391	0.0175507987732518	c28
RP5-1184F4.7	0.00664161050469359	0.0129974649248242	1.26811594202899	0.464639812680642	0.0291535206286016	c28
RP4-550H1.7	1.08612056337047e-06	0.00253796485325428	0.181159420289855	0.00365858120220978	9.55003816863379e-06	c28
RP4-564F22.5	2.92951467991086e-06	0.00489388277581466	0.36231884057971	0.0219514872132587	2.37848355722691e-05	c28
ZFAS1	0.00101542391396898	0.027692923036418	69.7463768115942	80.0790253539677	0.00524267443415124	c28
TSHZ2	0.00787251448291092	0.0854397372356769	14.4927536231884	11.685508359858	0.0339829726349078	c28
RP4-669H2.1	1.08612056337047e-06	0.00206985802876902	0.181159420289855	0.00365858120220978	9.55003816863379e-06	c28
RPS21	2.79694771352868e-108	0.410700159354914	100	99.8719496579227	1.88480712519271e-105	c28
RPS15	3.36048182764747e-89	0.309855384894105	100	99.9926828375956	1.71557688940536e-86	c28
GNG7	0.00274385905549127	0.0202631749670498	2.35507246376812	1.04269564262979	0.0130048652434552	c28
AES	1.57828828811865e-06	0.134677428972565	64.6739130434783	69.4435297991439	1.34561856224367e-05	c28
EEF2	1.17932415071973e-47	0.377925154356517	94.2028985507246	95.0133538213881	2.20756377413058e-45	c28
TMIGD2	7.60300121182239e-08	0.0789298011629977	10.5072463768116	5.42933450407932	8.08634857421539e-07	c28
RPL36	7.04032597304328e-82	0.348028909835463	99.8188405797101	99.9195112135514	3.20563166669892e-79	c28
CTB-133G6.1	7.12881653196546e-12	0.191625500351749	26.268115942029	17.3855778729009	1.31399531853416e-10	c28
RPS28	1.25991284741104e-109	0.369305606091801	100	99.9963414187978	8.84406322513905e-107	c28
CTD-2666L21.1	8.558260993203e-05	0.00578204233435124	0.543478260869565	0.0695130428419859	0.000540915486597227	c28
KLF2	1.80427293626442e-23	0.52941447591942	73.9130434782609	58.5007134233344	1.03389748834173e-21	c28
FAM129C	0.00330710941945106	0.00737930285651343	0.543478260869565	0.109757436066293	0.0154356205539526	c28
RPL18A	5.57036474855505e-131	0.412106180872581	100	99.9780485127867	6.25626232792713e-128	c28
UBA52	2.6156556467125e-25	0.173543683176885	98.9130434782609	99.4621885632752	1.75911978763136e-23	c28
ZNF728	1.97093589287281e-12	0.0033165124493519	0.181159420289855	0	3.87448739640937e-11	c28
FXYD5	1.32879252000182e-16	0.201418872356148	92.7536231884058	94.6328613763582	4.1726314230141e-15	c28
FFAR3	0.000941817656631009	0.00530235970279284	0.36231884057971	0.0439029744265174	0.00491080224737314	c28
CTC-454I21.4	1.97093589287281e-12	0.00194570739360558	0.181159420289855	0	3.87448739640937e-11	c28
SPINT2	0.00447059047102019	0.0946536976754843	18.2971014492754	15.5892145026159	0.0203364486743019	c28
RPS16	1.71677812735002e-76	0.351978878791477	100	99.8390224271028	6.64886462332547e-74	c28
AC093063.3	1.08612056337047e-06	0.00185314741368475	0.181159420289855	0.00365858120220978	9.55003816863379e-06	c28
RPS19	2.25730283590787e-35	0.236203475189507	100	99.9853656751912	2.62267454320965e-33	c28
ZNF112	0.00979128347719417	0.00197395721117536	0.181159420289855	0.0182929060110489	0.0413981177106822	c28
ZNF541	7.58317138632199e-06	0.00642204887572908	0.543478260869565	0.0548787180331467	5.77292719309592e-05	c28
GLTSCR2	1.01743668160069e-26	0.279766568630212	84.2391304347826	86.693740167563	7.40421415763581e-25	c28
CCDC114	0.00537786569918696	0.00408918551926838	0.36231884057971	0.0585372992353565	0.0240639849758838	c28
SYNGR4	0.00978531873632665	0.00240361364432409	0.181159420289855	0.0182929060110489	0.0413981177106822	c28
GRIN2D	9.66380050002391e-05	0.00284430342109772	0.181159420289855	0.00731716240441957	0.000604889641552676	c28
RPL18	9.51746808298545e-151	0.478109225974483	100	99.930486957158	1.52705509327672e-147	c28
FTL	2.29406300904046e-10	0.146495656301999	96.3768115942029	98.0280247320089	3.53596335894828e-09	c28
RPL13A	1.02456183168252e-46	0.293674271668937	99.4565217391304	99.5390187685216	1.85599926648982e-44	c28
RPS11	2.47554224419838e-22	0.198063049555016	93.2971014492754	95.9975121647825	1.29520062695684e-20	c28
NOSIP	0.000515545849149492	0.152843109208731	43.1159420289855	47.6091171843559	0.00281719134629306	c28
RPS9	2.16770527357638e-26	0.18593548047909	98.3695652173913	99.4146270076464	1.54090003138993e-24	c28
RPL28	1.24921848908541e-82	0.283571667011877	100	99.9926828375956	5.76591339332108e-80	c28
RPS5	5.44990787035462e-99	0.45345729173276	99.0942028985507	99.4292613324553	3.06048659639548e-96	c28
KB-1125A3.12	0.000947527262817201	0.00372041227013533	0.181159420289855	0.0109757436066293	0.00493001183685084	c28
LINC01422.1	0.00979128347719417	0.0022320849186109	0.181159420289855	0.0182929060110489	0.0413981177106822	c28
RASL10A	0.0038123789464424	0.0025884318801505	0.181159420289855	0.0146343248088391	0.0175507987732518	c28
GAL3ST1	0.000948398189859927	0.00201352723729748	0.181159420289855	0.0109757436066293	0.00493213900434332	c28
PIK3IP1	0.000104321583998668	0.0974390419135518	61.7753623188406	68.6093732850401	0.000648167333809909	c28
RP3-323A16.1	0.0015854907011144	0.00381646498056348	0.36231884057971	0.0475615556287272	0.00789675146834423	c28
EIF3L	5.90950745298354e-12	0.192932064200226	64.1304347826087	68.0605861047086	1.09947511938613e-10	c28
RPL3	1.70465419708013e-61	0.374197373057311	99.6376811594203	99.7695093842608	4.66964378182258e-59	c28
CACNA1I	8.51549951433333e-05	0.014298337326967	1.26811594202899	0.307320820985622	0.000538515842034436	c28
SMDT1	0.00880536899216471	0.0619577660823177	53.2608695652174	63.3776021658801	0.0376603329299312	c28
RP1-29C18.10	9.67567042515021e-05	0.00205997995854734	0.181159420289855	0.00731716240441957	0.00060507060004642	c28
RP3-402G11.28	0.00537786569918696	0.0044303410496317	0.36231884057971	0.0585372992353565	0.0240639849758838	c28
CH507-513H4.3	1.40863090914224e-05	0.0186640781883723	1.44927536231884	0.3365894706033	0.000101916276256471	c28
IFNGR2	0.00592383583558052	0.0460465282864557	5.61594202898551	3.5524823473457	0.0262905327507969	c28
AP001059.7	0.00979725145797411	0.00197089675867359	0.181159420289855	0.0182929060110489	0.0413981177106822	c28
MT-ND1	4.57561172260057e-14	0.227216318717841	98.9130434782609	98.6207148867669	1.10754785475074e-12	c28
MT-ND2	5.24978776211756e-14	0.206370576394713	93.4782608695652	95.1560384882742	1.26437704686768e-12	c28
MT-CO1	1.31753219101939e-58	0.361469190403702	100	99.842681008305	3.37751783478487e-56	c28
MT-CO2	6.46656500913548e-89	0.430578688448081	100	99.9158526323492	3.25200658832553e-86	c28
MT-ATP8	2.68604834983759e-06	0.101012051813912	97.6449275362319	99.0085244942011	2.1988268488685e-05	c28
MT-ATP6	1.28208708824115e-16	0.243894036800132	99.2753623188406	99.3268210587934	4.04481669955032e-15	c28
MT-CO3	3.20591377824346e-64	0.449459474888956	100	99.5829217429481	9.3930485951422e-62	c28
MT-ND3	2.96659625101107e-53	0.392938116152244	100	99.2902352467713	6.66376627210448e-51	c28
MT-ND4L	7.64701921727528e-78	0.438620866683603	100	99.8390224271028	3.1421788476448e-75	c28
MT-ND4	3.06583352768567e-24	0.296298971923521	96.5579710144928	96.0670252076245	1.8954164198503e-22	c28
MT-ND5	1.26278369675108e-38	0.391561892144917	96.195652173913	96.7511798924377	1.72960300318419e-36	c28
MT-ND6	1.55721138203485e-10	0.284196048644269	53.9855072463768	54.0043171258186	2.45985374150409e-09	c28
MT-CYB	1.18781620005272e-77	0.526628648715451	100	99.5609702557348	4.82196133067184e-75	c28
