gene	p_val	avg_log2FC	pct.1	pct.2	p_val_adj	cluster
RPL22	1.17913625882856e-37	0.341565708218863	99.1573033707865	99.2553307421265	1.04797395510982e-34	c32
RP4-633I8.4	7.57229356801283e-07	0.00427004639227591	0.280898876404494	0.00726506593047332	3.4109740572276e-05	c32
DHRS3	1.70801253316265e-11	0.180055602946699	23.0337078651685	12.3179192851175	2.22199900742789e-09	c32
RP3-467K16.2	8.36912460265532e-10	0.00387259378010801	0.280898876404494	0.00363253296523666	7.70550579176179e-08	c32
PADI2	7.57229356801283e-07	0.00430427006619607	0.280898876404494	0.00726506593047332	3.4109740572276e-05	c32
RPL11	2.59289300392833e-73	0.413539050969267	100	99.9782048022086	8.7364936874361e-69	c32
LDLRAP1	0.00383179842056097	0.114350039899685	32.0224719101124	27.8687929092957	0.0354888993904291	c32
CD52	3.9810681481341e-08	0.201247850451161	98.876404494382	97.5044498528824	2.55084598210317e-06	c32
RPS8	5.65727103676274e-42	0.328534597047986	100	99.9927349340695	6.35386967708946e-39	c32
TCTEX1D4	0.000326185976999199	0.00654036606998078	0.561797752808989	0.0617530604090232	0.00500706620000501	c32
KANK4	1.45163192177464e-18	0.00410243626176473	0.280898876404494	0	3.59641808619668e-16	c32
MSH4	0.000191540459243606	0.00465246978982128	0.280898876404494	0.0145301318609466	0.00329273685395616	c32
RPL5	3.1638215123234e-44	0.390784315773916	100	99.5459333793454	4.26407208144898e-41	c32
PALMD	8.36912460265532e-10	0.00594898604845885	0.280898876404494	0.00363253296523666	7.70550579176179e-08	c32
RP4-575N6.4	1.83043649103341e-05	0.0542433836429165	5.89887640449438	2.43016455374332	0.000488706237154357	c32
S1PR1	4.05551973783808e-10	0.192082378079193	30.0561797752809	18.7002797050383	4.31062088475446e-08	c32
PIFO	0.00289807314523129	0.0122354700551338	1.12359550561798	0.276072505357986	0.028644082298452	c32
MAGI3	0.00380229671519732	0.0219123562730726	1.96629213483146	0.686548730429729	0.0352835542610461	c32
MAB21L3	8.36912460265532e-10	0.00412709305816871	0.280898876404494	0.00363253296523666	7.70550579176179e-08	c32
CH17-270A2.1	0.00574860993873772	0.0112497343873906	1.40449438202247	0.428638889897926	0.048642306196843	c32
TXNIP	6.3804918526051e-19	0.506287027624824	97.1910112359551	93.8028987613063	1.76216633181702e-16	c32
S100A10	1.65340375493991e-08	0.216242223060827	84.5505617977528	83.668131788296	1.16547669704907e-06	c32
S100A11	2.8355252544804e-07	0.247566906535978	86.2359550561798	79.4652911475172	1.47895027746846e-05	c32
S100A16	5.86022754514222e-07	0.0071602655051425	0.561797752808989	0.0326927966871299	2.74731976609728e-05	c32
RPS27	2.90732727504085e-30	0.231622959100314	100	100	1.63265808675377e-27	c32
SSR2	1.28461790499582e-05	0.11046520688358	80.0561797752809	83.0941915797886	0.000364649668836808	c32
BCAN	0.00469134074829261	0.00223217483643529	0.280898876404494	0.0254277307566566	0.0415645635479809	c32
CD48	0.00248172953028617	0.0985168471222717	79.7752808988764	80.5841113008101	0.0253743409723841	c32
RCSD1	0.00137055565059937	0.11868063016856	53.3707865168539	53.3619092593265	0.0158203158928727	c32
RP11-533E19.5	0.00516587256216543	0.0102091031153441	1.12359550561798	0.297867703149406	0.044779755623772	c32
LINC01031	0.00216756654098229	0.00336779330843862	0.280898876404494	0.02179519779142	0.0227420663581799	c32
PROX1	0.000784586191756822	0.00228171275255173	0.280898876404494	0.0181626648261833	0.0100746368693043	c32
RP5-1065P14.3	1.45163192177464e-18	0.00318045730591543	0.280898876404494	0	3.59641808619668e-16	c32
RP5-862P8.2	0.00167211974065657	0.0139885125509013	1.40449438202247	0.370518362454139	0.0185574448424514	c32
TPO	0.0046946517704559	0.00220597150371293	0.280898876404494	0.0254277307566566	0.0415829644463042	c32
RPS7	3.15491741740258e-38	0.251793814446138	100	99.9491445384867	3.03719392748465e-35	c32
RP11-503P10.1	0.000783846112440928	0.00387692657028001	0.280898876404494	0.0181626648261833	0.0100728111794754	c32
GPR75-ASB3	0.000783846112440928	0.00319777239584778	0.280898876404494	0.0181626648261833	0.0100728111794754	c32
RPS27A	1.78141604293346e-71	0.398289678722644	100	99.9818373351738	2.00076773835333e-67	c32
TMSB10	1.6378179715597e-05	0.0979949172167456	100	99.9673072033129	0.000447563979997831	c32
RPL31	1.05485636696013e-14	0.210291402642849	97.752808988764	97.4572269243343	1.95287529826125e-12	c32
AC009312.1	7.57229356801283e-07	0.00331320651028758	0.280898876404494	0.00726506593047332	3.4109740572276e-05	c32
MAP3K19	7.57229356801283e-07	0.00329096455251872	0.280898876404494	0.00726506593047332	3.4109740572276e-05	c32
ARHGAP15	8.76790464514019e-06	0.167899736296886	61.2359550561798	60.4162882778161	0.000268568890103049	c32
ACVR2A	0.00452921946153208	0.0362218557763597	5.0561797752809	2.65901413055323	0.0404794484182658	c32
ITGB6	2.37032765516746e-05	0.00309771633159315	0.280898876404494	0.01089759889571	0.000601399247087444	c32
DPP4	8.68497350369441e-05	0.0942109489006723	14.3258426966292	8.87064550110792	0.00173565538098149	c32
AC096649.2	8.36912460265532e-10	0.00524388729042367	0.280898876404494	0.00363253296523666	7.70550579176179e-08	c32
BOLL	1.45163192177464e-18	0.00350352439122705	0.280898876404494	0	3.59641808619668e-16	c32
EEF1B2	1.45215644504994e-34	0.39747826163537	98.5955056179775	97.3700461331687	1.01935331790652e-31	c32
RPL37A	4.48976329133826e-12	0.168333691732253	99.7191011235955	99.4405899233536	6.12461879912353e-10	c32
MLPH	0.000191540459243606	0.00372101246720275	0.280898876404494	0.0145301318609466	0.00329273685395616	c32
RP11-341N2.1	0.00216406747685639	0.00366058656096675	0.280898876404494	0.02179519779142	0.0227336499911192	c32
RP11-266J6.2	0.00467481732677395	0.0043011690761476	0.280898876404494	0.0254277307566566	0.0415094151803822	c32
RPL32	3.21903298146867e-63	0.387431720097135	100	99.9782048022086	2.16924194555211e-59	c32
RPL15	2.80763353236577e-11	0.130812278040624	99.7191011235955	99.8256384176686	3.5564061744185e-09	c32
RP11-10C24.1	8.39295015604136e-10	0.00356223720123727	0.280898876404494	0.00363253296523666	7.70550579176179e-08	c32
RPSA	3.48931888849509e-37	0.307132707726779	99.438202247191	99.6658069671982	2.79926453878461e-34	c32
RPL14	2.61104759463923e-48	0.322060433109873	100	99.9418794725562	5.49853985336089e-45	c32
VIPR1	9.1425913643437e-06	0.0533383851035057	6.17977528089888	2.51734534490901	0.000277773195157977	c32
RP11-804H8.7	8.36912460265532e-10	0.00303226545261396	0.280898876404494	0.00363253296523666	7.70550579176179e-08	c32
RPL29	3.7616517681244e-43	0.298458041065321	100	99.9309818736605	4.5266105241137e-40	c32
TLR9	8.36912460265532e-10	0.00322297543987967	0.280898876404494	0.00363253296523666	7.70550579176179e-08	c32
MTRNR2L12	3.13742490423671e-05	0.242838268554441	64.3258426966292	55.1745432089796	0.000760901687460613	c32
RPL24	6.1963989131973e-28	0.240713876588345	100	99.6839696320244	3.11614126837716e-25	c32
RP11-197K3.1	2.37706413167965e-05	0.00309127055076155	0.280898876404494	0.01089759889571	0.000601749052237522	c32
SERP1	0.000309154261128171	0.0889671898931421	71.6292134831461	76.5955901049802	0.00482134225906886	c32
RP11-362A9.3	1.45163192177464e-18	0.00328456608571086	0.280898876404494	0	3.59641808619668e-16	c32
RP11-305K5.1	4.92956843763319e-07	0.00923692245937313	0.842696629213483	0.0726506593047332	2.36268675586931e-05	c32
ZDHHC19	1.45163192177464e-18	0.00451103139651633	0.280898876404494	0	3.59641808619668e-16	c32
RPL35A	7.00555522547277e-45	0.291773443745512	100	99.9491445384867	1.0948104783373e-41	c32
KCNIP4	0.000783846112440928	0.00334940563093349	0.280898876404494	0.0181626648261833	0.0100728111794754	c32
RPL9	2.84323230843622e-28	0.320263518204509	100	99.6076864397544	1.45151317273409e-25	c32
CDS1	0.00204650647280411	0.00794589297117646	0.561797752808989	0.0799157252352065	0.02173179612186	c32
RPL34	2.88303286419977e-65	0.395707359706905	100	99.9818373351738	2.42852273315868e-61	c32
RPS3A	2.88534295663353e-56	0.389847012408546	100	99.9418794725562	9.72187455808102e-53	c32
RP11-18H21.1	1.17960566293057e-07	0.169547320444295	30.6179775280899	20.629154709579	6.83769051664338e-06	c32
WWC2	1.13550890177208e-05	0.0179504711286153	2.24719101123596	0.523084746994079	0.000330110758725699	c32
CTD-2113L7.1	0.00498832095664475	0.0087166825186374	0.842696629213483	0.18525918122707	0.0435829377849812	c32
IL7R	1.83115503239697e-38	0.833442458409045	92.9775280898876	79.6868756583966	1.81467463710539e-35	c32
RPL37	1.11934544967509e-31	0.268089111166905	100	99.9673072033129	6.61670624234253e-29	c32
BTF3	7.12683341408207e-06	0.0798349341774993	95.7865168539326	97.2973954738639	0.000225687523547069	c32
CTD-2384B11.2	0.000191540459243606	0.00598083882404326	0.280898876404494	0.0145301318609466	0.00329273685395616	c32
SERINC5	2.69675193792229e-09	0.200980687668331	33.1460674157303	22.2964873406226	2.21974117138109e-07	c32
RPS23	1.09338151982589e-47	0.298835421363835	100	99.9782048022086	2.16708217229492e-44	c32
COX7C	0.000326045029460473	0.0772090808825472	95.2247191011236	96.2439609139453	0.00500706620000501	c32
GPR150	3.97458257264983e-13	0.0553682717010464	5.61797752808989	1.25322387300665	6.05970973768613e-11	c32
HINT1	0.000951759670611876	0.0895473216398817	92.4157303370787	93.2325910857641	0.0118116354849343	c32
TMEM173	0.000148394817131099	0.158775492111296	42.4157303370786	37.6403065857823	0.00269404722191198	c32
CD14	0.00205009848867124	0.00687946227338701	0.561797752808989	0.0799157252352065	0.0217630808056991	c32
RPS14	2.15413954592852e-54	0.330092249090879	100	99.985469868139	6.04846482170963e-51	c32
SMIM3	0.000141099378886816	0.0725258204394917	9.55056179775281	5.26354026662792	0.00258380569141977	c32
RP11-175K6.1	0.000326185976999199	0.00671992374842004	0.561797752808989	0.0617530604090232	0.00500706620000501	c32
RP11-1277A3.3	1.24469569397565e-10	0.00840916132853178	0.561797752808989	0.0181626648261833	1.43135756699029e-08	c32
CTC-338M12.1	8.36912460265532e-10	0.00485353910608872	0.280898876404494	0.00363253296523666	7.70550579176179e-08	c32
CTC-338M12.7	0.000783846112440928	0.00249216810988888	0.280898876404494	0.0181626648261833	0.0100728111794754	c32
GNB2L1	1.09529384030093e-23	0.231899259173869	100	99.6839696320244	4.29125937849996e-21	c32
HIST1H2BB	3.14455577469967e-06	0.0343644438213588	3.08988764044944	0.820952450143485	0.000112476286913727	c32
LTB	1.08295467947191e-21	0.587211207875295	91.8539325842697	76.6355479675978	3.61277970001254e-19	c32
GPSM3	1.08555663600922e-05	0.139005711546592	77.5280898876404	78.1176214174144	0.000318058654727778	c32
RPS18	5.3868285029566e-19	0.213826275208053	100	99.9491445384867	1.5000314014762e-16	c32
RPL10A	6.22006647076312e-20	0.229241610731065	99.438202247191	99.3643067310836	1.8384115760166e-17	c32
PI16	0.00547946417138477	0.0224810174062822	2.80898876404494	1.19510334556286	0.0468472635855464	c32
EEF1A1	1.09302444867939e-61	0.33992472080508	100	99.9963674670348	6.13806096230054e-58	c32
SESN1	0.00295478893384652	0.128973838264132	28.6516853932584	23.560608812525	0.0290258479116689	c32
RPS12	1.30219380549978e-60	0.380971243742693	100	99.9927349340695	6.26801686892994e-57	c32
ABRACL	0.000478914220524623	0.116641278523685	68.2584269662921	68.6948309055905	0.00682883442503455	c32
SLC22A3	8.36912460265532e-10	0.00360795981588819	0.280898876404494	0.00363253296523666	7.70550579176179e-08	c32
PLG	8.36912460265532e-10	0.0038927790374642	0.280898876404494	0.00363253296523666	7.70550579176179e-08	c32
RNASET2	0.000459900987508843	0.123707931673998	54.7752808988764	54.3717534236623	0.00661144602086299	c32
CCR6	0.000934298992428324	0.0863908940494373	13.7640449438202	9.0958625449526	0.011612050996267	c32
AC079742.4	8.36912460265532e-10	0.00337611030655715	0.280898876404494	0.00363253296523666	7.70550579176179e-08	c32
TOMM7	3.50931388352455e-11	0.17760117447505	96.3483146067416	96.7779432598351	4.36320376352311e-09	c32
INMT	0.00468472504536766	0.00327581878381265	0.280898876404494	0.0254277307566566	0.041527788918342	c32
RP11-44M6.1	0.000783106681159851	0.00356084923460246	0.280898876404494	0.0181626648261833	0.0100728111794754	c32
FSCN3	0.00468142036224409	0.00280562384153622	0.280898876404494	0.0254277307566566	0.0415094151803822	c32
TRBV5-1	0.00284593385376959	0.109801456552611	9.55056179775281	5.79025754658724	0.0282686392401955	c32
TRBV19	0.00179700073749738	0.108189120088396	8.70786516853933	5.07101601947038	0.0195821936769848	c32
TRBJ2-2	0.00124651589931829	0.0107367378102288	0.842696629213483	0.15256638453994	0.0146546080640721	c32
RP11-143I21.1	0.00467811778977272	0.00365820356161321	0.280898876404494	0.0254277307566566	0.0415094151803822	c32
GIMAP7	4.16510264746653e-07	0.210922103189413	80.6179775280899	76.715463692833	2.04575755982125e-05	c32
SLC25A6	0.000264132737729867	0.106822943378832	85.6741573033708	86.79937520433	0.00424603457302964	c32
INE2	5.84269956287172e-07	0.00656370973697708	0.561797752808989	0.0326927966871299	2.74566135385495e-05	c32
GRPR	8.36912460265532e-10	0.00376342434736327	0.280898876404494	0.00363253296523666	7.70550579176179e-08	c32
EIF2S3	0.000360088471196728	0.130962250688614	55.3370786516854	54.8294525772821	0.00540196836531725	c32
TIMP1	3.93509588580849e-08	0.183943445314212	32.0224719101124	21.9731919067166	2.53032673237464e-06	c32
PCSK1N	2.74149978298854e-05	0.0809087937708925	9.55056179775281	4.88575683824331	0.000677352729488686	c32
USP27X-AS1	0.000509118530103498	0.00509840571573209	0.561797752808989	0.0653855933742599	0.00719255335568438	c32
EDA2R	4.42084011235411e-05	0.00855953779676853	0.842696629213483	0.105343455991863	0.00100270133751104	c32
RPS4X	7.98125826493424e-58	0.365383337836579	100	99.9745722692433	3.36150644973368e-54	c32
DMRTC1B	0.00467481732677395	0.00436360914144047	0.280898876404494	0.0254277307566566	0.0415094151803822	c32
RP13-216E22.4	0.00467811778977272	0.00312054892638981	0.280898876404494	0.0254277307566566	0.0415094151803822	c32
RPL36A	4.64595170370727e-08	0.179851373209309	78.0898876404494	76.5992226379454	2.93147372106203e-06	c32
RPL39	1.06836047940882e-50	0.340230158779262	99.7191011235955	99.9491445384867	2.39982253288005e-47	c32
FHL1	1.48089288107583e-05	0.0835620739894688	12.0786516853933	6.66206545824403	0.000409328997005489	c32
CD40LG	1.1686223146199e-22	0.361442095383695	47.752808988764	26.55381597588	4.37506225208922e-20	c32
RPL10	4.73933696305618e-55	0.313132148302157	100	99.9927349340695	1.45170199666559e-51	c32
RP5-855D21.1	7.57229356801283e-07	0.0052568728706432	0.280898876404494	0.00726506593047332	3.4109740572276e-05	c32
RP11-30L15.6	7.57229356801283e-07	0.00542798901276957	0.280898876404494	0.00726506593047332	3.4109740572276e-05	c32
RPS20	2.39911811082258e-06	0.125480960685062	89.3258426966292	91.6379091140252	8.94202274624515e-05	c32
RP11-7F18.2	0.00450194502566239	0.00776893470902633	0.561797752808989	0.0908133241309165	0.040278421586476	c32
RPL7	1.42239942674354e-20	0.271552103557346	96.3483146067416	96.2003705183625	4.39691066832081e-18	c32
ESRP1	0.00216931801730843	0.00296956108676861	0.280898876404494	0.02179519779142	0.0227420663581799	c32
RPL30	2.12388494004709e-72	0.35630206857758	100	99.9891024011043	3.57810895849734e-68	c32
PABPC1	3.79945385805382e-14	0.240273552667468	96.9101123595506	96.8360637872789	6.53157134149313e-12	c32
LINC00861	0.00191590864815727	0.141432951701358	47.4719101123596	43.2089796214901	0.0205915872379621	c32
EEF1D	6.51011786750263e-23	0.259844584018305	99.438202247191	99.1390896872389	2.46462821828802e-20	c32
RPL8	2.79741883791714e-44	0.307368737402229	100	99.876493879182	3.92734293019917e-41	c32
RPS6	2.63214689216709e-21	0.235004597419203	99.7191011235955	99.8474336154601	8.44643403663598e-19	c32
AQP7	5.82381949078713e-06	0.00699836754551438	0.561797752808989	0.0399578626176033	0.000191628685471271	c32
AQP3	4.3286127811228e-08	0.208334977447845	35.9550561797753	26.4266773220967	2.74150900464571e-06	c32
ANXA1	0.000165659655495356	0.192283441201025	70.7865168539326	62.2071270296778	0.00294085165029533	c32
VPS13A-AS1	5.83850105846239e-06	0.00735316625051634	0.561797752808989	0.0399578626176033	0.00019184477750536	c32
C9orf152	8.36912460265532e-10	0.00401309085863459	0.280898876404494	0.00363253296523666	7.70550579176179e-08	c32
NR6A1	0.00562714142089355	0.00663242906052722	0.561797752808989	0.0944458570961531	0.047842771394294	c32
RPL35	4.8028931192699e-13	0.154010721716312	98.5955056179775	99.3534091321879	7.28958021444505e-11	c32
RPL12	1.01862785071927e-21	0.215456192424577	99.7191011235955	99.9636746703476	3.43216468021349e-19	c32
RP11-65J3.14	0.00468142036224409	0.00352924330014261	0.280898876404494	0.0254277307566566	0.0415094151803822	c32
ABO	4.1616277696573e-05	0.0304140414392039	3.37078651685393	1.089759889571	0.000955913689396571	c32
RPL7A	2.06719320392854e-37	0.255176844199757	100	99.9564096044172	1.69882945885776e-34	c32
FAM69B	0.000784586191756822	0.00314472533891983	0.280898876404494	0.0181626648261833	0.0100746368693043	c32
RPLP2	2.55387789380684e-45	0.303292806419878	100	99.9600421373824	4.30251808769639e-42	c32
EIF3F	3.42335079964361e-05	0.110729989768943	83.7078651685393	85.4153801445748	0.000812298463684449	c32
C11orf16	8.36912460265532e-10	0.00363453997068421	0.280898876404494	0.00363253296523666	7.70550579176179e-08	c32
RPS13	4.87852037389471e-42	0.319399415911311	100	99.9091866758691	5.66816777510374e-39	c32
LDHC	8.39295015604136e-10	0.00236365409535873	0.280898876404494	0.00363253296523666	7.70550579176179e-08	c32
DCDC1	0.00467481732677395	0.00310904248650318	0.280898876404494	0.0254277307566566	0.0415094151803822	c32
STX3	0.00171853404261749	0.0314186275390065	3.93258426966292	1.75088088924407	0.0189296609764572	c32
RASGRP2	1.58392573898337e-07	0.168882516031892	28.9325842696629	19.5757201496604	8.78099053890194e-06	c32
FAU	3.30803926139259e-35	0.223521555133758	99.7191011235955	99.938246939591	2.37151223134813e-32	c32
KRTAP5-9	7.57229356801283e-07	0.00352776053138146	0.280898876404494	0.00726506593047332	3.4109740572276e-05	c32
RPS3	5.48510756842015e-53	0.321711197357996	100	99.9927349340695	1.32010867435963e-49	c32
NDUFC2-KCTD14	0.000191540459243606	0.00394559018615377	0.280898876404494	0.0145301318609466	0.00329273685395616	c32
RP11-856F16.2	0.0056627059106122	0.00538546691638417	0.561797752808989	0.0944458570961531	0.0480844790706067	c32
RPS25	2.99445510382789e-22	0.197325221299772	100	99.9673072033129	1.08489430396104e-19	c32
TECTA	0.000191540459243606	0.00375070653775512	0.280898876404494	0.0145301318609466	0.00329273685395616	c32
AP000708.1	8.36912460265532e-10	0.00357049505409518	0.280898876404494	0.00363253296523666	7.70550579176179e-08	c32
RP3-323N1.2	0.00475680523737741	0.010346221428484	1.12359550561798	0.294235170184169	0.0419899910055526	c32
ARMC4	8.36912460265532e-10	0.003727124264708	0.280898876404494	0.00363253296523666	7.70550579176179e-08	c32
ANKRD30A	2.37369361960772e-05	0.00375635843709765	0.280898876404494	0.01089759889571	0.00060146703059393	c32
ANK3	0.000164681794312662	0.0990920259666611	15.4494382022472	10.0584837807403	0.0029312141455736	c32
RPS24	2.04154617510614e-15	0.150897263184251	100	99.9636746703476	3.97617669503043e-13	c32
PLAC9	0.000191540459243606	0.00458922641760652	0.280898876404494	0.0145301318609466	0.00329273685395616	c32
HTR7	7.57229356801283e-07	0.00407278831318173	0.280898876404494	0.00726506593047332	3.4109740572276e-05	c32
MARVELD1	0.00380391361236598	0.0123503250077004	0.842696629213483	0.177994115296596	0.0352888395526044	c32
RP11-324O2.3	0.000694369304073284	0.00888567939554242	0.842696629213483	0.14166878564423	0.00919295847993919	c32
B4GALNT3	0.000472099319852098	0.0173075230111708	2.24719101123596	0.686548730429729	0.00675739782629421	c32
SMCO3	0.00216406747685639	0.00484623307621985	0.280898876404494	0.02179519779142	0.0227336499911192	c32
GYS2	0.00216406747685639	0.00342870626805247	0.280898876404494	0.02179519779142	0.0227336499911192	c32
LDHB	6.05354757797166e-22	0.350156351572528	91.2921348314607	88.0235388136147	2.0813084907365e-19	c32
PKP2	7.57229356801283e-07	0.00302439905165812	0.280898876404494	0.00726506593047332	3.4109740572276e-05	c32
EIF4B	0.000243329706368443	0.116601414544103	68.5393258426966	70.1841694213375	0.00398077485969476	c32
PFDN5	6.75358829578127e-09	0.119933601449963	97.4719101123596	98.3145047041302	5.15998648612368e-07	c32
PCBP2	1.18108146277867e-07	0.184734999868211	88.2022471910112	87.3079298194631	6.83769051664338e-06	c32
RPL41	4.56622748611246e-24	0.272624791081645	99.7191011235955	99.9091866758691	1.87627401118382e-21	c32
APOF	0.00216931801730843	0.0029093166764789	0.280898876404494	0.02179519779142	0.0227420663581799	c32
NACA	3.04021733596944e-25	0.252071067452602	100	99.5931563078935	1.29667193567284e-22	c32
AGAP2-AS1	0.000115855402251805	0.00744156475186671	0.561797752808989	0.0544879944785499	0.00218452284142298	c32
ELK3	4.47661844460558e-07	0.166224143402053	26.685393258427	18.2898034799666	2.1828535726851e-05	c32
RPL6	9.4896016909671e-33	0.253802418555825	100	99.876493879182	6.14889691106626e-30	c32
RP11-768F21.1	2.37032765516746e-05	0.00433483640606134	0.280898876404494	0.01089759889571	0.000601399247087444	c32
RPLP0	4.84361975268955e-32	0.32586537294946	100	99.6658069671982	3.0222393323541e-29	c32
RP11-380L11.4	0.00216581636111749	0.00314741559376875	0.280898876404494	0.02179519779142	0.0227336499911192	c32
RPL21	4.75494082628055e-27	0.3685534019461	99.7191011235955	99.3643067310836	2.32192719131445e-24	c32
SMIM2	1.45163192177464e-18	0.00354275211965034	0.280898876404494	0	3.59641808619668e-16	c32
TPT1	1.17457830990951e-39	0.350976205648389	100	99.9200842747648	1.19928004769973e-36	c32
RP11-290D2.6	2.13329114888403e-08	0.149310843648578	14.0449438202247	6.86548730429729	1.46692065245916e-06	c32
LINC00565	0.00205729987909109	0.00597806041460778	0.561797752808989	0.0799157252352065	0.0218189052962214	c32
RP11-203M5.2	8.36912460265532e-10	0.00367988206795337	0.280898876404494	0.00363253296523666	7.70550579176179e-08	c32
DHRS2	0.00467481732677395	0.0039934514922644	0.280898876404494	0.0254277307566566	0.0415094151803822	c32
NYNRIN	0.000191540459243606	0.00372514280686	0.280898876404494	0.0145301318609466	0.00329273685395616	c32
CTD-2384A14.1	2.17087029758926e-08	0.0063242027783877	0.561797752808989	0.0254277307566566	1.48972105513182e-06	c32
RPS29	2.97300929098168e-09	0.138153969037157	99.438202247191	99.7348250935377	2.40222002518793e-07	c32
RPL36AL	1.73211853182574e-09	0.150827737555463	96.9101123595506	97.6642813033528	1.50806206230844e-07	c32
PTGER2	0.000885205200194586	0.0910029224400751	19.1011235955056	13.6328962185332	0.0111125573827706	c32
RP11-840I19.3	0.000191540459243606	0.00417861259704414	0.280898876404494	0.0145301318609466	0.00329273685395616	c32
RP1-292L20.3	0.0050316219092149	0.00795407016139731	0.842696629213483	0.18525918122707	0.043851800631953	c32
PPP4R4	0.00290687854360734	0.0129628670926054	1.12359550561798	0.276072505357986	0.0286974408579858	c32
RP11-365N19.2	7.58664763357617e-07	0.00328716433945473	0.280898876404494	0.00726506593047332	3.41103495100184e-05	c32
IGHG3	3.16241046148025e-05	0.00731419529893074	0.561797752808989	0.0472229285480766	0.000764926475873046	c32
IGHV3-16	1.45163192177464e-18	0.00328456608571086	0.280898876404494	0	3.59641808619668e-16	c32
IGHV3-48	0.00108488512463385	0.00747043539833114	0.561797752808989	0.0726506593047332	0.0131110277474644	c32
GOLGA8R	0.00467481732677395	0.00409031668866272	0.280898876404494	0.0254277307566566	0.0415094151803822	c32
FMN1	6.17225267389766e-05	0.0371536210971132	4.21348314606742	1.56198917505176	0.00131708601389682	c32
RP11-344A16.2	0.00468803184032361	0.00246352432616768	0.280898876404494	0.0254277307566566	0.0415461717064344	c32
RPL4	7.11134400431969e-22	0.278528808200885	95.5056179775281	96.8396963202441	2.42029924122775e-19	c32
RPLP1	9.14026264824648e-21	0.188983426548939	100	100	2.89058267647562e-18	c32
ISLR2	8.36912460265532e-10	0.00399427430135246	0.280898876404494	0.00363253296523666	7.70550579176179e-08	c32
RPS17	9.03079247575466e-05	0.116030080479912	77.247191011236	79.1746885102982	0.00179306730511537	c32
ALPK3	0.00467811778312568	0.00295277245289651	0.280898876404494	0.0254277307566566	0.0415094151803822	c32
RP11-66B24.4	8.36912460265532e-10	0.00322576541042128	0.280898876404494	0.00363253296523666	7.70550579176179e-08	c32
RPS2	1.18190212780238e-37	0.334038880592172	99.7191011235955	99.9128192088343	1.04797395510982e-34	c32
CASKIN1	3.16469652933298e-05	0.00723747983898641	0.561797752808989	0.0472229285480766	0.000764930307455851	c32
RP11-473I1.5	0.000758477331347991	0.00535495881559642	0.561797752808989	0.0690181263394965	0.00983684957753626	c32
ABCC6	8.39295015604136e-10	0.00348880395076068	0.280898876404494	0.00363253296523666	7.70550579176179e-08	c32
RPS15A	3.90719250291758e-29	0.193296305251382	100	99.9818373351738	2.12337006763395e-26	c32
CTD-3203P2.1	4.75376209587125e-10	0.0089255566511924	0.842696629213483	0.0472229285480766	4.97432484653061e-08	c32
CTD-2574D22.2	0.000783846112440928	0.00333668741494357	0.280898876404494	0.0181626648261833	0.0100728111794754	c32
IRX3	0.000191540459243606	0.00373402116929203	0.280898876404494	0.0145301318609466	0.00329273685395616	c32
RP11-5A19.5	8.36912460265532e-10	0.00311743807152106	0.280898876404494	0.00363253296523666	7.70550579176179e-08	c32
ESRP2	8.36912460265532e-10	0.00614605431284632	0.280898876404494	0.00363253296523666	7.70550579176179e-08	c32
FA2H	0.000191540459243606	0.00481988108165641	0.280898876404494	0.0145301318609466	0.00329273685395616	c32
COX4I1	7.08117355848501e-10	0.169932684321875	96.0674157303371	95.7099785680555	7.15020756747068e-08	c32
RP11-178L8.8	1.45163192177464e-18	0.00303487552702149	0.280898876404494	0	3.59641808619668e-16	c32
RPL13	7.52141898266271e-32	0.25567064576963	100	99.9927349340695	4.60775802185159e-29	c32
RP11-566K11.5	0.000783106681159851	0.00390881536133227	0.280898876404494	0.0181626648261833	0.0100728111794754	c32
OR3A1	0.00216581636111749	0.0034782316357253	0.280898876404494	0.02179519779142	0.0227336499911192	c32
RP11-530N7.3	7.57229356801283e-07	0.00347234272113114	0.280898876404494	0.00726506593047332	3.4109740572276e-05	c32
CTD-2350C19.2	2.02340434920551e-06	0.00743959760576157	0.561797752808989	0.0363253296523666	7.74733933433301e-05	c32
RPL23A	1.09091094398818e-17	0.191634074870652	100	99.9055541429039	2.55258009352347e-15	c32
RPL23	0.00524781044624685	0.0655052845803068	83.7078651685393	86.6649714846162	0.0453267688223126	c32
RPL19	6.01346139030145e-57	0.32060743627851	100	99.9927349340695	2.25130631205352e-53	c32
CNTD1	0.000191540459243606	0.00515780312523137	0.280898876404494	0.0145301318609466	0.00329273685395616	c32
RPL27	1.27629862731129e-06	0.108529492535386	98.0337078651685	98.7031857314105	5.27004974860619e-05	c32
RP11-1072C15.4	2.37032765516746e-05	0.00288725775779447	0.280898876404494	0.01089759889571	0.000601399247087444	c32
SP6	0.000783846112440928	0.00349681007022727	0.280898876404494	0.0181626648261833	0.0100728111794754	c32
HOXB6	0.00248268603090185	0.00851094109999411	0.842696629213483	0.167096516400886	0.0253743409723841	c32
RP1-117B12.4	0.00216406747685639	0.00341437591693024	0.280898876404494	0.02179519779142	0.0227336499911192	c32
ICAM2	0.00376994165754248	0.120382883031467	35.3932584269663	32.2605252642668	0.0350218952879063	c32
ERN1	0.000305141506601318	0.136894015467637	33.9887640449438	27.2984852337535	0.00476875599416735	c32
RPL38	1.3867667001171e-10	0.150557109785237	97.1910112359551	98.2600167096516	1.57857152681573e-08	c32
GPRC5C	0.000191975340195058	0.00345911194375611	0.280898876404494	0.0145301318609466	0.00329516918621105	c32
CTD-2561B21.5	1.45163192177464e-18	0.00410243626176473	0.280898876404494	0	3.59641808619668e-16	c32
AC144831.1	0.000783106681159851	0.00482846081484838	0.280898876404494	0.0181626648261833	0.0100728111794754	c32
TTC39C-AS1	5.80581599573612e-05	0.0584009492557217	6.46067415730337	2.91692397108504	0.00125559155430252	c32
LINC-ROR	1.45163192177464e-18	0.00289660278187153	0.280898876404494	0	3.59641808619668e-16	c32
ISM1	0.0013456762312056	0.0114714364169164	1.12359550561798	0.25064477460133	0.0155918895922426	c32
TTLL9	0.000191540459243606	0.00364850939602865	0.280898876404494	0.0145301318609466	0.00329273685395616	c32
DNMT3B	0.0044898057373986	0.00733173705235319	0.561797752808989	0.0908133241309165	0.0402018375009058	c32
RPS21	1.28500479825335e-37	0.279257391578525	99.7191011235955	99.876493879182	1.08242379180871e-34	c32
GPX4	0.00322155973099871	0.0787859187715247	68.8202247191011	71.9277852446511	0.0311291177448439	c32
RPS15	1.16261966318869e-35	0.228108874056858	100	99.9927349340695	8.51593628945212e-33	c32
AES	3.28375870823307e-07	0.189680961192994	71.0674157303371	69.3268916415416	1.66630972763863e-05	c32
EEF2	5.70671973695354e-16	0.274785247718479	96.3483146067416	94.9798394420429	1.17964548967431e-13	c32
RPL36	4.15512844615922e-37	0.27257258523932	99.7191011235955	99.9200842747648	3.25588134569509e-34	c32
CTD-2396E7.11	0.000191540459243606	0.00371222344152556	0.280898876404494	0.0145301318609466	0.00329273685395616	c32
CTB-133G6.1	7.92634401963e-05	0.11618532992194	24.438202247191	17.4724835627883	0.00161214452356866	c32
RPS28	6.06622301815301e-41	0.270726655312116	100	99.9963674670348	6.59339736689185e-38	c32
CTD-2529P6.3	8.36912460265532e-10	0.00330323535517169	0.280898876404494	0.00363253296523666	7.70550579176179e-08	c32
RPL18A	2.03123481951724e-44	0.292411185995973	100	99.9782048022086	2.97567069603539e-41	c32
UBA52	2.92495656454301e-19	0.18189582440622	99.1573033707865	99.4551200552145	8.21528228283092e-17	c32
TMEM59L	0.00216581636111749	0.00294463693405977	0.280898876404494	0.02179519779142	0.0227336499911192	c32
FXYD5	4.10175978443017e-26	0.370771056398775	97.4719101123596	94.5584656180755	1.89321498872041e-23	c32
SPINT2	3.43401528395468e-05	0.123017879496244	22.1910112359551	15.5581386901086	0.000814255531158122	c32
EIF3K	0.000113730962891452	0.0854222395950186	85.9550561797753	89.2694976206909	0.00215525931589684	c32
RPS16	2.90395836283858e-20	0.209002091220834	99.7191011235955	99.8438010824948	8.89508846158938e-18	c32
RPS19	1.0498127480257e-35	0.289390750854955	100	99.985469868139	7.86053127377287e-33	c32
CBLC	2.37032765516746e-05	0.00375017423470913	0.280898876404494	0.01089759889571	0.000601399247087444	c32
SNRPD2	0.000201472414668693	0.0935126507801829	87.3595505617977	89.7126666424498	0.0034095487392501	c32
CTB-12A17.3	0.000191757783859594	0.00311595113111908	0.280898876404494	0.0145301318609466	0.00329352127952266	c32
GLTSCR2	7.18795278371923e-09	0.186336111059049	86.2359550561798	86.6504413527553	5.45474957420351e-07	c32
RPL18	6.45264863653438e-47	0.299881097388719	100	99.9309818736605	1.20786412866328e-43	c32
FTL	4.68340789436543e-05	0.0983125086173939	95.7865168539326	98.0239020669113	0.00104782699596779	c32
FLT3LG	5.36342211459314e-05	0.160043602820452	52.8089887640449	49.3443277997748	0.00117729735979871	c32
RPL13A	3.02601073550622e-27	0.274348888627123	99.438202247191	99.5386683134149	1.49938831944333e-24	c32
RPS11	0.00150552996290303	0.0291579378876694	91.0112359550562	96.0078462712049	0.0170741590609407	c32
RCN3	8.51148505654194e-07	0.0130205823742924	1.12359550561798	0.13077118674852	3.7685410971764e-05	c32
NOSIP	1.10549122173049e-06	0.210259877019678	50.561797752809	47.4808383886084	4.69715273959483e-05	c32
CTD-2545M3.2	0.00216931801730843	0.00306894054671974	0.280898876404494	0.02179519779142	0.0227420663581799	c32
RPS9	4.4677384237883e-10	0.145051068108491	99.438202247191	99.3933669948055	4.71899618969038e-08	c32
LILRB3	1.29802826327597e-05	0.0268585610957996	1.96629213483146	0.425006356932689	0.00036783653745013	c32
CTD-2587H24.10	2.37032765516746e-05	0.00606332705096466	0.280898876404494	0.01089759889571	0.000601399247087444	c32
RPL28	8.78261170436417e-44	0.253789777054102	100	99.9927349340695	1.09600488432165e-40	c32
RPS5	4.84292469319254e-29	0.290396486486717	99.7191011235955	99.4187947255621	2.59011912083221e-26	c32
CTD-2619J13.19	1.43563731036014e-05	0.00776676914491258	0.561797752808989	0.0435903955828399	0.000398126448849997	c32
AC006946.17	1.45163192177464e-18	0.00360349363498239	0.280898876404494	0	3.59641808619668e-16	c32
IGLV3-25	0.00451063414325921	0.0129188856185384	0.561797752808989	0.0908133241309165	0.0403347417258428	c32
AP000350.5	0.000324537237044088	0.0092467221995466	0.561797752808989	0.0617530604090232	0.00499313135386461	c32
CTA-292E10.6	0.000385941114447074	0.0739907938998389	10.6741573033708	6.39325801881652	0.00572606777198578	c32
PIK3IP1	0.00303878451984008	0.109972187675933	67.6966292134831	68.4841439936067	0.0297057942321402	c32
RFPL2	0.00209719397897966	0.0153311687596933	1.12359550561798	0.265174906462276	0.0221513648676303	c32
LGALS2	0.000783106681159851	0.0041540122416931	0.280898876404494	0.0181626648261833	0.0100728111794754	c32
RPL3	1.97801230752633e-28	0.32331404865539	100	99.7638853572596	1.02534071830449e-25	c32
MIR99AHG	7.60102790899182e-07	0.00251930860117186	0.280898876404494	0.00726506593047332	3.41103495100184e-05	c32
DNAJC28	0.00285505568539146	0.01008454500897	0.842696629213483	0.170729049366123	0.0283185888323756	c32
MT-ND1	1.02750586871645e-05	0.115728597698279	96.9101123595506	98.648697736932	0.000305543153267315	c32
MT-ND2	1.3951147697575e-07	0.166791426563772	92.4157303370787	95.1578335573395	7.9538066078188e-06	c32
MT-CO1	2.30539434043405e-10	0.0332881854634532	99.1573033707865	99.8546986813905	2.52201158787613e-08	c32
MT-CO2	8.29808020926842e-14	0.136694860746628	99.7191011235955	99.9200842747648	1.3442092046687e-11	c32
MT-CO3	1.76892127215903e-18	0.181823867848368	98.0337078651685	99.6113189727197	4.35051338278294e-16	c32
MT-ND3	3.26083200615473e-07	0.0763365815604375	96.3483146067416	99.3425115332922	1.65717154774325e-05	c32
MT-ND4L	3.71202548605818e-14	0.182606065007721	99.7191011235955	99.8438010824948	6.41399931934586e-12	c32
MT-ND4	6.56681406041762e-09	0.192758225198876	95.5056179775281	96.0841294634749	5.0401419806768e-07	c32
MT-ND5	2.59632150959158e-14	0.267951628430313	96.6292134831461	96.7416179301827	4.53266616291081e-12	c32
MT-CYB	4.1842535927202e-26	0.329388357904641	99.438202247191	99.5713611101021	1.90519243990695e-23	c32
