gene	p_val	avg_log2FC	pct.1	pct.2	p_val_adj	cluster
MMP23B	1.60257593275421e-09	0.0283027092243113	2.98507462686567	0.968567929639663	7.01262252963901e-08	c15
TNFRSF9	0.00147248459842876	0.0440055802025809	11.8336886993603	8.98801350799718	0.0143683452242858	c15
ERRFI1	5.00077979527805e-06	0.0189529618884143	2.02558635394456	0.716220729580287	0.000106306797742649	c15
SLC2A5	0.00398555827365371	0.0013876563930291	0.106609808102345	0.00742197647233458	0.0327294114503343	c15
EPHA2	0.00638924111688537	0.00239028103257658	0.213219616204691	0.0333988941255056	0.047829169116271	c15
CNR2	1.25322254625487e-20	0.031330390023593	2.87846481876333	0.512116376591086	1.6430381507203e-18	c15
RUNX3	1.61906745864986e-06	0.11403866749457	31.2366737739872	27.5392437005975	3.83634732431424e-05	c15
RP4-799D16.1	0.000343200631358062	0.00636771289905113	0.639658848614073	0.152150517682859	0.00417918398011512	c15
RSRP1	0.00169970259780512	0.0543793418624419	58.1023454157783	62.0069024381193	0.0161727611147923	c15
GPR3	8.33762450408291e-08	0.00130840925863562	0.106609808102345	0	2.62795060842441e-06	c15
FGR	3.93154961894735e-41	0.0830606073078087	7.99573560767591	1.79611830630497	1.24971351755483e-38	c15
EPB41	6.91979318199666e-05	0.0950293822009774	38.1663113006397	37.1321482910899	0.00108646557070921	c15
RP11-266K22.2	0.00399136794828229	0.00104896055449398	0.106609808102345	0.00742197647233458	0.0327294114503343	c15
PTP4A2	3.89159129012829e-21	0.233125213708672	52.9850746268657	46.9106022933907	5.2033046400628e-19	c15
PTPRF	0.000357078522934282	0.0118701170148712	1.38592750533049	0.515827364827254	0.00432662960795493	c15
ELAVL4	0.00386625274066169	0.00445732556644122	0.319829424307036	0.063086800014844	0.0321891573619607	c15
FAM159A	0.00432544178802571	0.064276474365447	18.4434968017058	16.3469031803169	0.0349583678593759	c15
JAK1	0.00038913986259832	0.0345750000274432	68.0170575692964	74.1492559468586	0.00465613584175702	c15
WDR63	0.000558204829807615	0.0172413353722403	2.13219616204691	0.9871228708205	0.00638213557364702	c15
TGFBR3	2.20227160354199e-08	0.0905072725660489	14.6055437100213	9.80071993171782	7.91080377502601e-07	c15
GCLM	2.92306857157601e-05	0.0784439550739475	15.6716417910448	12.2573941440606	0.00051809506812563	c15
PLPPR5	8.33762450408291e-08	0.00166071428637848	0.106609808102345	0	2.62795060842441e-06	c15
RP5-896L10.1	8.33762450408291e-08	0.00143555457252571	0.106609808102345	0	2.62795060842441e-06	c15
RP4-549L20.3	0.00377283458789155	0.0120335431169369	1.1727078891258	0.489850447174082	0.0315909265915552	c15
RP11-131J3.1	0.000254056513932734	0.00124301793616721	0.106609808102345	0.00371098823616729	0.00323502378357332	c15
DENND2D	1.71408132404356e-15	0.187276426020686	60.7675906183369	58.1289197313244	1.44025576389834e-13	c15
CHI3L2	4.82235388897186e-11	0.0733238122694444	8.42217484008529	4.16743978921587	2.55077538359525e-09	c15
CD160	1.1523008281511e-18	0.0531891363684475	5.22388059701492	1.52150517682859	1.31612285097367e-16	c15
TXNIP	8.37242215377649e-09	0.218762111180465	95.0959488272921	93.8026496456006	3.23509623909799e-07	c15
LINC00869	8.94054720359195e-10	0.128732130624611	25.9061833688699	20.4252792518648	4.03270143879287e-08	c15
RPS27	3.73109784839973e-18	0.120098664664745	100	100	4.04230260141417e-16	c15
EFNA3	0.00173246096635321	0.00362051771496	0.319829424307036	0.0556648235425094	0.0164247438942895	c15
SEMA4A	0.00224658872588097	0.0340613769670104	5.33049040511727	3.5402827773036	0.020520701849564	c15
RP11-284F21.8	0.000254056513932734	0.00141008889060305	0.106609808102345	0.00371098823616729	0.00323502378357332	c15
FCRL3	4.004579878222e-128	0.382861252535523	35.7142857142857	11.1737855790997	5.9935453579685e-125	c15
RP11-367J7.3	0.000341146839714563	0.00677903680069071	0.639658848614073	0.152150517682859	0.00416169500989953	c15
FCRL2	0.00398555827365371	0.00116435855628349	0.106609808102345	0.00742197647233458	0.0327294114503343	c15
CD5L	0.00398555827365371	0.00130433519056525	0.106609808102345	0.00742197647233458	0.0327294114503343	c15
MNDA	3.55156511841193e-09	0.0165416204640667	1.38592750533049	0.282035105948714	1.4719118708459e-07	c15
PYHIN1	6.29365937872688e-31	0.281598510482672	47.0149253731343	35.4288046906891	1.46247282142637e-28	c15
FCRL6	4.3634108919877e-22	0.146417854739528	17.8038379530917	9.08449920213753	6.33710200838938e-20	c15
SLAMF6	5.63092731149736e-15	0.179301859351756	35.501066098081	28.1367128066204	4.44328957455719e-13	c15
CD84	5.43610745605775e-11	0.157055316754354	37.2068230277185	31.4172264073923	2.8664194776903e-09	c15
CD48	6.40882676611656e-07	0.0914866637027842	79.2110874200426	80.6212194307344	1.67006194166691e-05	c15
SLAMF7	2.69173228207225e-69	0.267908789618758	28.2515991471215	10.8657735554978	1.97163538069875e-66	c15
LY9	1.03115095184647e-14	0.172372851586029	39.0191897654584	32.1148921957917	7.91425972016289e-13	c15
CD244	0.000383409697674029	0.0444566955767899	7.24946695095949	4.86881656585149	0.00460392243529178	c15
FCGR3A	1.64163215641455e-06	0.0229550479171334	2.45202558635394	0.909192117860986	3.87945226259093e-05	c15
FCRLB	0.000197225939888926	0.0120282625379859	1.49253731343284	0.552937247188926	0.00264957855236326	c15
MGST3	0.00413591483326962	0.0515774881775047	40.724946695096	42.5873009982558	0.0337177629789951	c15
XCL2	7.52944818773932e-83	0.395689923449465	32.9424307036247	12.4169666382158	7.46168315404966e-80	c15
C1orf21	2.25845362449299e-177	0.32966586327905	26.9722814498934	5.22507143652355	6.34136136863891e-174	c15
PTGS2	0.000254056513932734	0.00135516928579922	0.106609808102345	0.00371098823616729	0.00323502378357332	c15
NEK7	0.000693829282363963	0.0889156053821541	23.2409381663113	21.2788065461832	0.00765985709042313	c15
PTPRC	3.01192551414978e-45	0.29818525697541	97.0149253731343	94.5485582810703	1.16648066981337e-42	c15
LGR6	4.21771370982267e-65	0.0897859423741292	7.78251599147122	1.17267228262886	2.8422329147753e-62	c15
BTG2	6.3587435393063e-16	0.239448526833774	64.9253731343284	56.2919805544216	5.66802922786736e-14	c15
RAB29	0.00221381282038995	0.0779128027824195	25.3731343283582	23.8542323820833	0.0202696220571247	c15
C1orf147	0.00025433543072018	0.00112534227401018	0.106609808102345	0.00371098823616729	0.00323502378357332	c15
IL20	8.33762450408291e-08	0.00181516426648566	0.106609808102345	0	2.62795060842441e-06	c15
FCMR	1.52947680597936e-23	0.254675642344611	63.3262260127932	54.7073885775782	2.37484753459303e-21	c15
HHAT	8.40327407888717e-12	0.0433777312232	5.01066098081023	1.88889301220915	4.88172270369007e-10	c15
KCNH1	0.0035096377610628	0.00265255110091357	0.213219616204691	0.0296879058893383	0.02979433981387	c15
LPGAT1	0.0067349547179102	0.0688981908152409	18.2302771855011	16.5027646862359	0.0499510376987159	c15
GUK1	7.49276996699693e-09	0.0960458570606841	74.0938166311301	76.6875719003971	2.92878644162407e-07	c15
LYST	1.32711139471423e-56	0.362147011876313	45.8422174840085	27.2349426652318	6.67398378111958e-54	c15
LYST-AS1	0.000254056513932734	0.00115598779045857	0.106609808102345	0.00371098823616729	0.00323502378357332	c15
LINC01347	8.33762450408291e-08	0.00177555569460091	0.106609808102345	0	2.62795060842441e-06	c15
AC113607.2	0.00398555827365371	0.0014697250068857	0.106609808102345	0.00742197647233458	0.0327294114503343	c15
RPS7	1.320451903203e-05	0.0511867810358111	100	99.9480461646937	0.000252361352390934	c15
RP11-400L8.2	0.00398846215052242	0.00117781631777055	0.106609808102345	0.00742197647233458	0.0327294114503343	c15
FAM49A	2.92517649089956e-05	0.0221230567219677	2.87846481876333	1.29142390618622	0.000518196091926234	c15
RP11-644K8.1	0.00398555827365371	0.00129745886248356	0.106609808102345	0.00742197647233458	0.0327294114503343	c15
CLIP4	0.00354971473488464	0.0571411594702443	12.6865671641791	10.4464318848109	0.0300890788118749	c15
HNRNPLL	1.02483083888388e-05	0.11430616987624	35.3944562899787	32.9350205959847	0.000202051786339108	c15
SRSF7	1.71563162546822e-12	0.152416459452611	72.9211087420043	74.0527702527183	1.08251857656416e-10	c15
ZFP36L2	1.99568162309629e-17	0.263114820186244	98.9339019189765	97.3058225405425	2.05007611611605e-15	c15
ABCG8	8.33762450408291e-08	0.00151707192119698	0.106609808102345	0	2.62795060842441e-06	c15
PRKCE	0.00298444999770939	0.0215561581502221	3.30490405117271	1.95569080046016	0.0260445631242735	c15
RTN4	0.00060618575536464	0.0832664287360542	36.3539445628998	37.1210153263814	0.00685857046382008	c15
REL	6.57657004714574e-08	0.139076238898563	43.4968017057569	40.9878650684677	2.16820891554333e-06	c15
AC093159.1	8.33762450408291e-08	0.00151656239901464	0.106609808102345	0	2.62795060842441e-06	c15
TMEM17	0.000297501478666963	0.00453538704303915	0.426439232409382	0.0742197647233458	0.00370026386940002	c15
PLEK	4.09127866187676e-128	0.414015156590189	37.5266524520256	12.4466545441051	5.9935453579685e-125	c15
ARHGAP25	4.21739936610069e-12	0.16378416992986	32.409381663113	26.6782944298067	2.51952223832263e-10	c15
ST3GAL5	0.00142311862027338	0.0522267336977866	10.8742004264392	8.43878724904442	0.0139594057617151	c15
ST3GAL5-AS1	0.00579361754385009	0.00745626360762723	0.746268656716418	0.263480164767878	0.0442954730026061	c15
CD8A	1.7249431170709e-127	1.06977545984201	80.7036247334755	40.5907893271978	2.42167639110779e-124	c15
CD8B	9.35116050502862e-79	0.663194175122684	66.3113006396588	37.5180910676513	9.00222863018384e-76	c15
LINC00152	0.00490161600409462	0.0768801966568574	39.8720682302772	38.5683007384867	0.0387324225239128	c15
IGKV1-27	0.000177406527786483	0.00357457795220962	0.319829424307036	0.0408208705978402	0.00242661877241473	c15
IGKV1D-17	0.00025433543072018	0.00158858844064707	0.106609808102345	0.00371098823616729	0.00323502378357332	c15
IGKV1D-12	0.00025433543072018	0.00115412348376809	0.106609808102345	0.00371098823616729	0.00323502378357332	c15
DUSP2	3.50659077667643e-233	1.48421601847974	96.1620469083156	68.6198834749694	1.96918449382226e-229	c15
AC159540.2	0.00398846215052242	0.00106043610918021	0.106609808102345	0.00742197647233458	0.0327294114503343	c15
MGAT4A	6.61518887089745e-05	0.0976862198107496	31.6631130063966	29.3427839833748	0.00104644213059164	c15
AC068538.4	8.33762450408291e-08	0.00135217021164986	0.106609808102345	0	2.62795060842441e-06	c15
GCC2	0.00660151211038403	0.0645356466396526	42.9637526652452	44.654321445801	0.0491444959724023	c15
TISP43	0.000254056513932734	0.00133791779698775	0.106609808102345	0.00371098823616729	0.00323502378357332	c15
CXCR4	2.75966022036648e-52	0.440925510284793	96.908315565032	92.1141499981445	1.20758430474062e-49	c15
ZEB2	8.12009855391791e-75	0.323405642810673	32.089552238806	13.0997884736705	7.59996112988084e-72	c15
NR4A2	4.48625295929817e-21	0.283643406228656	48.0810234541578	37.5589119382492	5.97469593717757e-19	c15
AC009495.4	0.00398555827365371	0.00168823821747958	0.106609808102345	0.00742197647233458	0.0327294114503343	c15
AC013461.1	0.000647417362068323	0.0243742502794412	3.41151385927505	1.88518202397298	0.00726167796189417	c15
WIPF1	4.42006904990293e-19	0.190712201890554	72.6012793176972	70.2824062047723	5.28119881444785e-17	c15
UBE2E3	0.00206724359736904	0.075068999776331	25.9061833688699	24.577875088136	0.0191356334532287	c15
SF3B1	0.00375983267844625	0.0515709689783458	52.4520255863539	56.4701079897577	0.0315055464480398	c15
CLK1	0.00215279038639013	0.0700789678078075	42.7505330490405	44.7285412105244	0.0197969757857612	c15
TMEM237	0.00234184302424671	0.0179752514231003	2.23880597014925	1.15782832968419	0.021211306144884	c15
UNC80	0.000254056513932734	0.00122221705802692	0.106609808102345	0.00371098823616729	0.00323502378357332	c15
ERBB4	0.000254056513932734	0.00159629743129878	0.106609808102345	0.00371098823616729	0.00323502378357332	c15
AC098820.4	0.00398846215052242	0.001178349287346	0.106609808102345	0.00742197647233458	0.0327294114503343	c15
TUBA4A	0.00012036386975785	0.0739468100471252	57.2494669509595	60.7377444613501	0.00174356845555503	c15
EPHA4	1.68134261207476e-09	0.0971676860139677	15.7782515991471	10.3462352024344	7.34775070962998e-08	c15
ITM2C	2.48023369715002e-125	0.706131907452862	66.3113006396588	33.8776116079712	3.34275976767091e-122	c15
ARL4C	1.84752980480437e-06	0.109209752453729	49.7867803837953	48.3504657290236	4.31696735388894e-05	c15
AGAP1	5.15742602753551e-05	0.0112276343908706	1.27931769722815	0.400786729506067	0.000847266272899958	c15
HES6	0.00564923498730812	0.0151660698341616	1.91897654584222	1.00196682376517	0.043467760598849	c15
KCNH8	8.33762450408291e-08	0.00174046140910804	0.106609808102345	0	2.62795060842441e-06	c15
RP11-222K16.2	5.7697056572504e-28	0.159270059493823	20.4690831556503	10.160685790626	1.14355566126703e-25	c15
EOMES	1.65137497338123e-178	0.625222916506593	54.4776119402985	19.3528036516124	5.05831166846429e-175	c15
CMC1	7.45428515571595e-287	1.08109698397446	75.1599147121535	32.4451701488106	6.27911710091733e-283	c15
TGFBR2	2.29182752410592e-07	0.140015230375401	49.2537313432836	47.5637362229562	6.51973360298437e-06	c15
CCR4	5.99314002029122e-11	0.113390192757117	17.3773987206823	11.2776932497124	3.1307420130805e-09	c15
ZNF197-AS1	0.0016978159053136	0.00222235209449432	0.213219616204691	0.025976917653171	0.0161645123237175	c15
FYCO1	0.00157849711890495	0.057963169136899	11.9402985074627	9.47786395517126	0.0152701354936501	c15
TMA7	0.000296542605245402	0.0397438949060671	96.588486140725	97.5247708464764	0.00369106263063856	c15
SHISA5	0.00147117316030104	0.0420338037796918	62.1535181236674	67.0241585334174	0.0143597069707947	c15
RASSF1	0.000565287461658512	0.0863018873964513	27.0788912579957	25.3980034883289	0.00644998162313644	c15
SELK	0.000723258060152704	0.0650271909091087	45.8422174840085	48.2354250937025	0.00795347815887246	c15
MTRNR2L12	2.12467957616987e-09	0.228137340995197	58.4221748400853	55.1823950718076	9.16631928802403e-08	c15
CLDND1	2.72040240395433e-28	0.326852821366551	46.2686567164179	35.7553716554719	5.45602610707365e-26	c15
CBLB	1.397359506073e-19	0.226961848090981	56.183368869936	49.2930567410101	1.73097908814793e-17	c15
TRAT1	3.49745090312764e-22	0.237965201412894	50.4264392324094	41.3329869744313	5.12361350999925e-20	c15
RP11-553A10.1	0.00398555827365371	0.00134538228730476	0.106609808102345	0.00742197647233458	0.0327294114503343	c15
NAA50	9.70825078297001e-07	0.110660802948265	26.226012793177	22.1991316287527	2.43747989479427e-05	c15
GRAMD1C	0.000130557173170317	0.0233669329723282	2.77185501066098	1.31740082383939	0.00186873126287199	c15
RP11-255E6.6	8.33762450408291e-08	0.00148113207055847	0.106609808102345	0	2.62795060842441e-06	c15
ZNF80	1.39386853012218e-25	0.11357662047695	10.1279317697228	3.62563550673544	2.48492096581675e-23	c15
TIGIT	9.0152445497755e-09	0.152529059307314	53.6247334754797	44.9400675399859	3.46757591164539e-07	c15
ZBTB20-AS3	8.33762450408291e-08	0.00230755149084273	0.106609808102345	0	2.62795060842441e-06	c15
RP11-797D24.3	0.000254056513932734	0.0012674837885383	0.106609808102345	0.00371098823616729	0.00323502378357332	c15
RP11-797D24.4	0.000254056513932734	0.00164737571281011	0.106609808102345	0.00371098823616729	0.00323502378357332	c15
CNBP	0.000668001096367532	0.0396798818144755	88.8059701492537	91.4832819979961	0.00744546111181198	c15
PLXND1	0.002965689101303	0.0231928974777671	3.62473347547974	2.2006160240472	0.0258942546201875	c15
SLC35G2	3.34682570523325e-06	0.0230804129858192	2.55863539445629	0.998255835529001	7.40919482996906e-05	c15
ZBTB38	3.33129029185219e-09	0.144629484961773	42.5373134328358	38.8763127620885	1.38803021334795e-07	c15
KCNAB1	0.00409596430094807	0.00466396916103144	0.426439232409382	0.103907670612684	0.0334811793197827	c15
RP11-555M1.3	0.00399136794828229	0.00103380713462291	0.106609808102345	0.00742197647233458	0.0327294114503343	c15
NCEH1	0.0011361738067712	0.0207148916948823	2.55863539445629	1.32482280031172	0.0115621384008906	c15
KCNMB2-AS1	4.65289117458716e-05	0.00250656016465793	0.213219616204691	0.0148439529446692	0.000773813007090522	c15
EIF4A2	3.97410128441327e-07	0.0898441472766409	74.6268656716418	76.4352247003377	1.07466588023291e-05	c15
TPRG1	1.96377424207675e-16	0.120652687085059	15.9914712153518	8.86183990796749	1.81778597012456e-14	c15
AC092535.3	0.000254056513932734	0.00136906037684416	0.106609808102345	0.00371098823616729	0.00323502378357332	c15
LYAR	2.99205688942951e-63	0.405837247298991	54.2643923240938	33.8701896314989	1.83298845149887e-60	c15
ABLIM2	0.00378887676776611	0.0135905701384954	1.70575692963753	0.827550376665306	0.0316927924375519	c15
FGFBP2	2.09062373328846e-18	0.0501522614888711	4.26439232409382	1.09845251790552	2.34024837439938e-16	c15
LDB2	5.18718738433344e-14	0.0161659500632615	1.1727078891258	0.13730656473819	3.79126012424579e-12	c15
ARAP2	1.7054826993361e-06	0.119345711291812	35.7142857142857	32.7309162429955	4.01008611803423e-05	c15
DTHD1	1.42475789138004e-147	0.359707499226515	30.9168443496802	7.77080936653431	2.66698846623105e-144	c15
KLF3	7.95131208344629e-11	0.135196637563839	25.0533049040512	18.3916576984451	4.07780075098385e-09	c15
ATP8A1	1.9766844358849e-11	0.146278689791124	25.9061833688699	19.4715552751698	1.09543429905766e-09	c15
UGT2B17	8.33762450408291e-08	0.00116360738555047	0.106609808102345	0	2.62795060842441e-06	c15
SLC4A4	6.57742226857219e-05	0.0181416869296103	2.23880597014925	0.938880023750325	0.00104242552171812	c15
CNOT6L	0.00163089015893151	0.087081959751748	32.409381663113	32.1297361487364	0.0156958620437127	c15
SCD5	2.10956535262284e-05	0.0239225801734437	2.87846481876333	1.28029094147772	0.000387566493954601	c15
CCDC109B	3.82026613609158e-22	0.225132775177163	59.8081023454158	53.415964671392	5.57229641512856e-20	c15
MGARP	0.000635366842235797	0.00375125968711072	0.319829424307036	0.0482428470701748	0.00714883065509321	c15
RP11-557J10.4	8.33762450408291e-08	0.00146447573380674	0.106609808102345	0	2.62795060842441e-06	c15
SLC25A4	0.000762828119565615	0.0393734346832389	6.92963752665245	4.70924407169629	0.00831534476242116	c15
TLR3	0.00378970323294642	0.0126203954530858	1.59914712153518	0.757041600178127	0.0316927924375519	c15
LPCAT1	7.68334795203585e-07	0.0864086479752377	14.498933901919	10.3017033436004	1.97018817272371e-05	c15
TRIO	0.000907467755172692	0.00908047195004742	0.959488272921109	0.319144988310387	0.00959404409877273	c15
AC016549.1	0.00398846215052242	0.000999207089321361	0.106609808102345	0.00742197647233458	0.0327294114503343	c15
ANXA2R	0.00243194602716525	0.0769683849405153	28.8912579957356	27.59490852414	0.0219037662227495	c15
PARP8	2.16442453356625e-16	0.206330705700683	52.5586353944563	46.628567187442	1.99257159109238e-14	c15
GZMK	0	1.8772996775871	99.3603411513859	50.0204104352989	0	c15
GZMA	6.21236476285848e-183	1.2345122803317	94.7761194029851	51.5382046238913	2.09319418319753e-179	c15
PIK3R1	7.06476399408352e-42	0.366469311783709	61.9402985074627	49.5379819645972	2.33372703937892e-39	c15
TMEM171	4.39075325689207e-68	0.0950598489794984	7.78251599147122	1.12814042379486	3.0192253109739e-65	c15
ENC1	4.21345659175653e-69	0.145243217648628	12.3667377398721	2.63109065944261	3.02060013622648e-66	c15
CTD-2503O16.4	2.16706313872365e-07	0.0181492788250328	2.13219616204691	0.675399858982447	6.2301216208323e-06	c15
CTD-2235C13.2	0.000254056513932734	0.00115863433075406	0.106609808102345	0.00371098823616729	0.00323502378357332	c15
F2R	3.02721804863114e-64	0.317554552240132	37.7398720682303	18.2951720043047	1.96152086404957e-61	c15
FAM172A	0.000942922971213301	0.0663489429271124	15.9914712153518	13.3632686384384	0.00989437763689224	c15
CTC-499J9.1	0.000254056513932734	0.00149269488713283	0.106609808102345	0.00371098823616729	0.00323502378357332	c15
CTC-487M23.5	0.00398555827365371	0.00150218999334822	0.106609808102345	0.00742197647233458	0.0327294114503343	c15
CTC-339F2.2	0.000254056513932734	0.00122961152489172	0.106609808102345	0.00371098823616729	0.00323502378357332	c15
CDC42SE2	2.11197554850034e-07	0.0981071729955967	57.4626865671642	60.0178127435336	6.0821285582197e-06	c15
C5orf56	1.37808036741493e-06	0.113462987472228	41.2579957356077	39.4366719857498	3.32318074002484e-05	c15
JADE2	5.01366649453644e-06	0.0957742691086582	21.2153518123667	17.3340260511374	0.000106513542791243	c15
TRPC7-AS1	8.33762450408291e-08	0.00125746668777951	0.106609808102345	0	2.62795060842441e-06	c15
PCDHB14	0.00025433543072018	0.00112896259944943	0.106609808102345	0.00371098823616729	0.00323502378357332	c15
PPP2R2B	2.30994394104943e-15	0.13426656120463	20.7889125799574	13.0478346383642	1.9217592876474e-13	c15
ADRB2	1.5701169046699e-19	0.101433645322003	12.4733475479744	5.71121089546146	1.9378578383131e-17	c15
CD74	9.16033157926946e-98	0.688200998768802	99.7867803837953	94.8825472223253	9.95639394296468e-95	c15
RPS14	0.000375605618848504	0.0668375034153748	100	99.9851560470553	0.00452310783469674	c15
CTB-12O2.1	0.000254056513932734	0.00123612138804207	0.106609808102345	0.00371098823616729	0.00323502378357332	c15
DUSP1	3.67751205551973e-10	0.269894573572278	95.2025586353945	89.8356032211378	1.75510044190768e-08	c15
ERGIC1	0.000973181792730864	0.0588683296002371	11.0874200426439	8.57238282554644	0.0101549666535379	c15
CTC-338M12.2	6.12069036249568e-07	0.00334237805455574	0.319829424307036	0.0222659294170037	1.60365895080816e-05	c15
E2F3	4.43792453739623e-11	0.107584920749839	15.138592750533	9.47786395517126	2.35853989531591e-09	c15
HIST1H3A	0.00444518934587123	0.024284887203283	3.73134328358209	2.33792258878539	0.0357816354189126	c15
HIST1H4C	2.04424404562991e-14	0.1915276733595	66.9509594882729	65.5880060860207	1.5409118316209e-12	c15
BTN3A2	1.56840856074899e-14	0.177168990560682	57.6759061833689	54.8112962481909	1.19022428031254e-12	c15
BTN3A1	0.00453007952179161	0.066785601694465	26.0127931769723	24.555609158719	0.0362988107983939	c15
BTN3A3	3.05868585878673e-05	0.094031234552053	22.0682302771855	18.6885367573385	0.000537888107129228	c15
LINC00240	0.00025433543072018	0.00109810121226848	0.106609808102345	0.00371098823616729	0.00323502378357332	c15
LINC01556	0.00398555827365371	0.00139273100392733	0.106609808102345	0.00742197647233458	0.0327294114503343	c15
HLA-F	6.18862927190069e-05	0.05557787309255	75.2665245202559	79.2518647715887	0.000992478223167167	c15
HLA-A	4.48373001296626e-14	0.149829677921303	100	99.6140572234386	3.29138995766634e-12	c15
HLA-E	1.14792378392704e-33	0.202780315087948	99.7867803837953	99.202137529224	2.95253007447616e-31	c15
HLA-C	6.22349778320149e-19	0.152595853778876	100	99.5843693175493	7.20599774251516e-17	c15
HLA-B	7.66303786569929e-17	0.151629718294506	100	99.8923813411512	7.3939480198968e-15	c15
TNF	8.94967292834241e-05	0.130897960773677	17.27078891258	13.708390544402	0.00135285006571363	c15
HLA-DRB5	6.66557353532509e-07	0.11180296963593	36.6737739872068	30.5933870189631	1.7276141130711e-05	c15
HLA-DRB1	1.17343849071526e-22	0.322583546068514	69.0831556503198	50.8590937766727	1.7729971527426e-20	c15
HLA-DQA1	1.6336765796078e-21	0.206101220625848	34.7547974413646	22.1879986640442	2.27459085426882e-19	c15
HLA-DQB1	2.09055581068335e-22	0.255394601628841	43.1769722814499	31.5693769250751	3.10304790683546e-20	c15
PSMB8-AS1	0.000426686895504678	0.0753050437165041	42.4307036247335	43.2255909748766	0.005049802689545	c15
BRD2	0.00561300048963386	0.0663364115716463	44.2430703624733	47.6156900582625	0.0432383261311667	c15
HLA-DPA1	8.83912041195395e-31	0.345436094496995	76.865671641791	60.5225071436524	2.02602260653317e-28	c15
HLA-DPB1	4.09764630893057e-70	0.517250069891826	83.1556503198294	59.9027721082124	3.21083941239783e-67	c15
TAPBP	3.6776356885995e-06	0.0808689764429482	70.1492537313433	71.6591828403904	8.06733443305152e-05	c15
PACSIN1	9.40392305870256e-29	0.0548651512050774	5.33049040511727	1.16153931792036	1.96804834496847e-26	c15
BTBD9	0.00229061175613648	0.0442405547599928	8.42217484008529	6.25301517794189	0.0208256536727638	c15
ENPP4	0.0028290983334287	0.0312026780225421	5.43710021321962	3.67016736556945	0.0249074344543957	c15
ENPP5	1.04932100372552e-05	0.0230710282136276	2.77185501066098	1.17638327086503	0.000205916260335048	c15
DDX43	0.00311666209340859	0.00792028456411917	0.852878464818763	0.300590047129551	0.0270025231615606	c15
PNRC1	8.43412629260679e-33	0.245150894348051	94.2430703624733	93.3127991984265	2.07430256425615e-30	c15
AIM1	0.00286466310025537	0.0823171170544186	33.6886993603412	32.7123613018147	0.0251621372523474	c15
FYN	5.07815552347747e-60	0.435084759263246	74.8400852878465	63.8289976620774	2.80497331488606e-57	c15
RP11-527F13.1	0.00107948334746907	0.00346358310826623	0.319829424307036	0.0519538353063421	0.0110856787289311	c15
SAMD3	2.66649144037618e-108	0.510059318423046	55.3304904051173	27.9771403124652	3.20874152114411e-105	c15
VNN2	4.30392878105505e-16	0.0984029765058047	12.7931769722815	6.47567447211192	3.8671087026365e-14	c15
SLC2A12	0.000254056513932734	0.00110952724782657	0.106609808102345	0.00371098823616729	0.00323502378357332	c15
IFNGR1	1.3562803970212e-32	0.245905166397844	33.0490405117271	20.3918803577393	3.26417940694518e-30	c15
UTRN	2.35116711870476e-14	0.183000342134056	39.0191897654584	32.6344305488552	1.76044944216973e-12	c15
PLEKHG1	0.00469025774649092	0.0223312214854485	3.41151385927505	2.09299736519835	0.0373601760071549	c15
SYNE1	1.09792278671325e-23	0.230174185263583	40.5117270788913	30.5970980071993	1.72866403623908e-21	c15
SYNE1-AS1	8.33762450408291e-08	0.001442094339916	0.106609808102345	0	2.62795060842441e-06	c15
SYTL3	9.85647864043106e-10	0.148546526507815	31.8763326226013	26.5446988533046	4.42215967124746e-08	c15
TAGAP	3.44635415745072e-17	0.23709160301101	69.0831556503198	64.2965821798345	3.44574056323871e-15	c15
CYTH3	1.14905040658351e-30	0.107579401275715	10.9808102345416	3.72954317734813	2.61595299996113e-28	c15
MPP6	3.12529483864338e-09	0.0552309170951503	6.60980810234542	3.21000482428471	1.31137838472292e-07	c15
CYCS	8.00297177721905e-05	0.0825315774209096	50.319829424307	52.3805989535013	0.00123185075861863	c15
SKAP2	0.00223142238905774	0.0572550034652105	12.2601279317697	9.83411882584332	0.0204086715463929	c15
HOXA10	0.00132774556314622	0.00527971330520093	0.426439232409382	0.089063717668015	0.0131812195063785	c15
CHN2	9.6926874989462e-06	0.0430009155256293	5.863539445629	3.30277953018889	0.000192448681549495	c15
HERPUD2	0.00287410776038289	0.0819180647623889	37.5266524520256	39.2696775151223	0.0252319403018085	c15
AOAH	7.3317836355924e-185	0.614336866282521	57.0362473347548	21.3530263109066	2.74485686464056e-181	c15
TRGC2	1.99739700599512e-09	0.0816852848687243	11.8336886993603	7.04716666048169	8.65042348586114e-08	c15
TRGC1	1.77924667796626e-08	0.0469701013467675	5.863539445629	2.8017961183063	6.50922232002121e-07	c15
TRGV11	6.88575425921374e-05	0.00833299616287389	0.746268656716418	0.170705458863695	0.00108263464307022	c15
TRGV8	2.599904878214e-35	0.119935096520038	10.5543710021322	3.16176197721453	7.0080955973234e-33	c15
TRGV7	8.52156496271885e-07	0.0486756584919039	6.71641791044776	3.68872230675029	2.16862243092031e-05	c15
TRG-AS1	0.00267726774758535	0.0783687368931602	19.9360341151386	17.6605930159201	0.0237639250492995	c15
TRGV5	0.000529234423488027	0.057219387757526	8.2089552238806	5.78543066018481	0.00611104340815819	c15
TRGV4	2.09448114017875e-34	0.146066066717784	11.8336886993603	3.90767061268416	5.55680689269157e-32	c15
TRGV3	1.33215040660046e-05	0.0984229872175167	13.7526652452026	10.1124429435559	0.000254308644759184	c15
TRGV2	6.97639763401161e-25	0.157485334194794	13.1130063965885	5.47370764834676	1.18121980844416e-22	c15
STK17A	6.17194475795084e-28	0.266169540175198	85.501066098081	80.3948491483282	1.21612577002571e-25	c15
COA1	1.73323900942831e-06	0.114461979053885	30.5970149253731	27.2238097005232	4.06683531919759e-05	c15
TMED4	0.00660287093450066	0.0575342656025273	38.0597014925373	39.5814005269603	0.0491444959724023	c15
AUTS2	9.51567046071837e-07	0.0509485681637776	6.92963752665245	3.87427171855865	2.39398530973859e-05	c15
SEMA3C	0.000254056513932734	0.00180753589202359	0.106609808102345	0.00371098823616729	0.00323502378357332	c15
NPTX2	0.00398555827365371	0.00116805743242002	0.106609808102345	0.00742197647233458	0.0327294114503343	c15
PVRIG	1.44620671134941e-05	0.0517464500688432	7.99573560767591	5.03581103647901	0.00027437212236603	c15
PILRB	6.40629654367987e-33	0.196995316691857	24.7334754797441	12.7472445912346	1.58715996869669e-30	c15
SH2B2	0.000232891672750111	0.0127615592191588	1.38592750533049	0.500983411882584	0.00304858275899077	c15
ATXN7L1	8.47980891751263e-05	0.08190707861879	15.8848614072495	12.7064237206368	0.00129342997585636	c15
CDHR3	1.9464810121835e-18	0.0702180836938714	7.24946695095949	2.58284781237243	2.18615770748369e-16	c15
PIK3CG	0.000365982816279337	0.0629713950571899	11.6204690831557	8.84328496678665	0.00442303623088808	c15
ASB15	0.00398846215052242	0.00117366186004653	0.106609808102345	0.00742197647233458	0.0327294114503343	c15
LINC-PINT	0.000171693618897111	0.09888192048981	41.044776119403	41.0472408802464	0.00236027939417351	c15
TRBV6-2	2.62640660119248e-06	0.064822366456831	4.37100213219616	2.09670835343452	5.97126477871656e-05	c15
TRBV27	1.79630865038279e-07	0.086575930919095	7.14285714285714	3.79634096559914	5.23118614226429e-06	c15
TRBC2	8.57840508615983e-05	0.0891794344556491	72.0682302771855	74.954540394107	0.00130669430819652	c15
EPHA1	0.000734916173891964	0.0615755857713525	14.818763326226	11.9011392733885	0.00806851272828798	c15
RP11-728K20.3	0.000687356189847929	0.0017109134136037	0.213219616204691	0.0222659294170037	0.00761518457343022	c15
GIMAP8	0.00378177532344499	0.054102979062171	11.8336886993603	9.60403755520095	0.0316500590531931	c15
GIMAP7	3.40739963530222e-09	0.154175160132999	80.0639658848614	76.6504620180354	1.41564640335232e-07	c15
GIMAP4	5.40485750588287e-33	0.304683320252959	80.3837953091684	72.4199354288047	1.34897236150532e-30	c15
SMARCD3	3.34267809943019e-07	0.0719872960574326	10.5543710021322	6.62782498979478	9.20164999037587e-06	c15
VIPR2	7.48391800593995e-55	0.07990089490747	6.60980810234542	1.00567781200134	3.50226574016862e-52	c15
CD99	2.22816343377859e-07	0.113790260854403	89.5522388059701	88.2695661854752	6.37315269420507e-06	c15
NLGN4X	0.000254056513932734	0.000811525522485141	0.106609808102345	0.00371098823616729	0.00323502378357332	c15
RAB9A	1.8985553130875e-06	0.108738134821644	25.9061833688699	22.0952239581401	4.42392273299933e-05	c15
CXorf58	0.00169551241577861	0.00292016070483266	0.213219616204691	0.025976917653171	0.0161562769618904	c15
RP6-99M1.3	0.000254056513932734	0.00122410036049458	0.106609808102345	0.00371098823616729	0.00323502378357332	c15
USP11	2.85071253396689e-06	0.0983749145538019	22.7078891257996	18.6588488514491	6.40773236287395e-05	c15
RP3-339A18.6	0.00398555827365371	0.00117001485223484	0.106609808102345	0.00742197647233458	0.0327294114503343	c15
SH2D1A	2.46884346261574e-102	0.545217950398209	67.8038379530917	42.8656251159684	2.86845557342672e-99	c15
XPNPEP2	0.00319161102394181	0.00407635439169985	0.426439232409382	0.100196682376517	0.0274752534084556	c15
XX-FW81066F1.2	8.33762450408291e-08	0.00120906028461859	0.106609808102345	0	2.62795060842441e-06	c15
GAB3	0.00505315078065129	0.0473614123415155	10.7675906183369	8.59835974319961	0.039685102672749	c15
PPP3CC	3.91751621034632e-10	0.148178972325315	42.5373134328358	39.3364753033733	1.85910973509027e-08	c15
NKX3-1	0.000113312749591483	0.00729525126321034	0.746268656716418	0.17812743533603	0.00165566339320703	c15
ADAM28	0.000188879121269415	0.0194455543946154	2.3454157782516	1.06134263554385	0.00256062366892462	c15
NUGGC	0.000751739494289221	0.0319656489553367	4.79744136460554	2.96507960069767	0.00821307085621952	c15
SARAF	0.00117125816951522	0.057628766338548	99.2537313432836	98.9089694585668	0.01186541574373	c15
EIF4EBP1	3.15942891352019e-06	0.103119476455124	19.6162046908316	15.5304857683601	7.03129443937578e-05	c15
CTA-397H3.3	0.000254056513932734	0.002101200700838	0.106609808102345	0.00371098823616729	0.00323502378357332	c15
TOX	0.00161132552052567	0.0793745758910245	27.3987206823028	24.800534382306	0.0155430867702811	c15
ADHFE1	0.00256064654439728	0.0384791183632498	6.71641791044776	4.73893197758563	0.0229098312976426	c15
MYBL1	0.00131058731610655	0.0513080894193344	12.046908315565	9.28860355512673	0.0130416277932721	c15
NCOA2	0.0001457112208501	0.0804831314605364	17.910447761194	14.751178238765	0.00204907924679602	c15
CA3	0.00068629762460425	0.00280427596885162	0.213219616204691	0.0222659294170037	0.00761162349026188	c15
CNBD1	1.18949215517935e-09	0.00269054665012325	0.213219616204691	0.00371098823616729	5.28046754632582e-08	c15
OTUD6B-AS1	0.000328394125589798	0.0884071159238454	31.0234541577825	29.7955245481872	0.00402360424277188	c15
RP11-10N23.4	0.00398846215052242	0.00119669346010473	0.106609808102345	0.00742197647233458	0.0327294114503343	c15
RP11-320N21.1	0.000254056513932734	0.00143312790179864	0.106609808102345	0.00371098823616729	0.00323502378357332	c15
RNF19A	7.06641425325281e-16	0.202734027814776	53.091684434968	47.470961517052	6.24923259446457e-14	c15
RAD21-AS1	0.000187503805458663	0.00550136828814857	0.426439232409382	0.0705087764871785	0.0025444032304165	c15
RP11-532M24.1	0.00170012227306328	0.00201674412359847	0.213219616204691	0.025976917653171	0.0161727611147923	c15
LINC00861	8.91344738109589e-16	0.205822483649806	50.8528784648188	42.9992206924704	7.78056207405816e-14	c15
FAM84B	0.00359224615379636	0.025541788471443	3.83795309168444	2.40100938880024	0.0303731849199534	c15
FAM49B	0.000449531122553298	0.0764246009172664	43.7100213219616	45.6599992578024	0.00528291936835296	c15
KIFC2	0.00261245331818434	0.0258599432039757	3.83795309168444	2.35647752996623	0.0232867730430961	c15
FOXH1	8.33762450408291e-08	0.00142686611907828	0.106609808102345	0	2.62795060842441e-06	c15
TTC39B	0.000210401320350719	0.0756607832986001	15.9914712153518	13.0070137677664	0.00279876118748406	c15
BNC2	3.20743670768662e-05	0.00359192820971667	0.319829424307036	0.0333988941255056	0.000560245580242576	c15
MLLT3	0.000177673454801603	0.100921558699677	28.3582089552239	26.1587560767432	0.00242861232701226	c15
B4GALT1	6.9254824161639e-09	0.136410095110576	31.7697228144989	26.8972427357405	2.72601874451199e-07	c15
RP11-195F19.9	0.00658740042306048	0.00543254968723093	0.533049040511727	0.159572494155194	0.0490618633630858	c15
PAX5	0.00398555827365371	0.00123077191429762	0.106609808102345	0.00742197647233458	0.0327294114503343	c15
RP11-160N1.10	0.00169397835350275	0.00233128965965809	0.213219616204691	0.025976917653171	0.0161507941830565	c15
RP11-15E1.5	8.33762450408291e-08	0.00111621270396067	0.106609808102345	0	2.62795060842441e-06	c15
TMEM2	4.91473138088864e-22	0.254393985802632	53.091684434968	44.632055516384	7.07679312596845e-20	c15
AGTPBP1	1.18945201323513e-06	0.0799777812010215	12.5799573560768	8.60207073143578	2.92535738203975e-05	c15
RP11-305L7.7	0.00169627992602128	0.00230023018300296	0.213219616204691	0.025976917653171	0.0161590205901501	c15
FOXE1	0.00398846215052242	0.00122346454697619	0.106609808102345	0.00742197647233458	0.0327294114503343	c15
NR4A3	3.6123148798147e-08	0.0518109014022752	7.14285714285714	3.73696515382046	1.2547766758812e-06	c15
AKNA	5.43212808378017e-14	0.181889603461777	47.7611940298507	42.835937210079	3.95313442019199e-12	c15
ASTN2-AS1	8.33762450408291e-08	0.00166609737326828	0.106609808102345	0	2.62795060842441e-06	c15
GSN-AS1	0.000254056513932734	0.00118438462323487	0.106609808102345	0.00371098823616729	0.00323502378357332	c15
STOM	1.56956268828837e-07	0.123512986314808	43.4968017057569	39.6481983152113	4.61071013244885e-06	c15
MIR181A2HG	9.26670546778969e-09	0.0149027297573551	1.38592750533049	0.293168070657216	3.5480951594512e-07	c15
ARPC5L	4.68784372294519e-12	0.158012253238039	52.6652452025586	50.1651389765094	2.78084870424147e-10	c15
MVB12B	0.000570588663112183	0.0472913962140665	8.84861407249467	6.31239098972056	0.00650166195972334	c15
TTC16	2.70049076183385e-10	0.0567131387758269	7.24946695095949	3.47348498905258	1.30921346372993e-08	c15
RPL7A	0.000124954809646657	0.0543174521747911	100	99.955468141166	0.00180078158949292	c15
RP11-83N9.6	0.00025433543072018	0.000849165988339275	0.106609808102345	0.00371098823616729	0.00323502378357332	c15
C9orf142	0.00317101206425077	0.0416738630896305	65.8848614072495	68.5827735926077	0.0273538352516296	c15
SIGIRR	0.000550113722522567	0.063007907740728	49.3603411513859	52.1653616358036	0.00630674779403721	c15
RPLP2	1.76449119650582e-05	0.0707547983521213	100	99.9591791294022	0.000329560789218775	c15
DUSP8	0.0017690876585946	0.0149723505907793	1.91897654584222	0.920325082569488	0.0166921421362885	c15
CD81	6.48873020998484e-07	0.0928611355460326	18.3368869936034	13.8160092032508	1.6869697198706e-05	c15
RPL27A	3.25339845894178e-12	0.110538959755385	94.8827292110874	96.1554161873307	1.97513527343395e-10	c15
ST5	0.00639621350328619	0.00212883902427783	0.213219616204691	0.0333988941255056	0.0478600972195703	c15
SBF2	0.00667289994680469	0.0312114085686367	5.97014925373134	4.26021449512005	0.0495453263128333	c15
RP11-351I24.1	0.00638459665956025	0.00270383575966922	0.213219616204691	0.0333988941255056	0.047829169116271	c15
DKK3	2.59340327309567e-163	0.28521341357297	21.2153518123667	3.51430585965042	5.82547532557903e-160	c15
NUCB2	4.97668891496565e-19	0.20379951521974	42.0042643923241	32.5898986900212	5.86309637415568e-17	c15
RP11-428C19.4	2.84750734323563e-14	0.0155852035544307	1.27931769722815	0.159572494155194	2.11330203574849e-12	c15
RP11-428C19.5	8.33762450408291e-08	0.00124204472674341	0.106609808102345	0	2.62795060842441e-06	c15
CD44	1.63008859990024e-13	0.156104748749653	84.2217484008529	84.1132593609678	1.15145084455007e-11	c15
PRR5L	9.65485649755315e-09	0.0902486840315269	14.2857142857143	9.34426837866924	3.68306967584512e-07	c15
TP53I11	0.00646260983227603	0.0389356221428954	8.31556503198294	6.3532118603184	0.0482390730369315	c15
DGKZ	7.24310348513758e-05	0.0972420147399745	33.4754797441365	32.0666493487216	0.00112933423798346	c15
MS4A1	2.96900713483214e-98	0.252373783495585	22.3880597014925	5.81511856607415	3.33459088003447e-95	c15
TMEM109	1.40731475501312e-08	0.128603617145013	38.3795309168444	34.7905147140684	5.23956501164773e-07	c15
AHNAK	1.05823248679802e-06	0.126011895797722	63.5394456289979	62.0699892381341	2.63728442382933e-05	c15
METTL12	0.000691729781263152	0.0745641894306178	18.3368869936034	15.6195494860281	0.00764419260409335	c15
RARRES3	8.07869550869467e-35	0.299865479832856	91.8976545842217	86.4103610791554	2.16034576563459e-32	c15
PLA2G16	1.22228623055431e-05	0.0938910249722331	23.2409381663113	19.3862025457379	0.000235412839475532	c15
PPP1R14B	2.44858627542589e-07	0.13395726118543	24.3070362473348	18.9483059338702	6.93299713984874e-06	c15
TRMT112	0.00148172987989617	0.0289882622349129	70.2558635394456	75.1920436412217	0.0144293082581565	c15
SF1	0.000363620873210871	0.0459535035237284	66.3113006396588	71.0765576873121	0.00439764598060556	c15
FAU	1.55163407366493e-06	0.04992696316926	99.8933901918977	99.9369131999852	3.69736622900045e-05	c15
NEAT1	0.00165263696619832	0.0696247532198733	60.1279317697228	62.1367870263851	0.0158336846506987	c15
MALAT1	1.26399772293832e-41	0.255544412694304	100	99.9740230823468	4.09510954583497e-39	c15
SIPA1	0.000209861791290161	0.0856902103545075	22.3880597014925	19.7573013693547	0.00279268688614956	c15
CTSW	4.36914460019843e-84	0.629266973855582	82.1961620469083	51.3415222473745	4.46102903512381e-81	c15
CCDC87	2.29295551716522e-07	0.00244345446868702	0.213219616204691	0.00742197647233458	6.51973360298437e-06	c15
GSTP1	1.78301647151647e-11	0.148007023571322	53.5181236673774	50.0426763647159	9.93007553574807e-10	c15
RP5-901A4.1	0.00025433543072018	0.00112199802046222	0.106609808102345	0.00371098823616729	0.00323502378357332	c15
KRTAP5-9	0.00398846215052242	0.00118361486420279	0.106609808102345	0.00742197647233458	0.0327294114503343	c15
RPS3	2.16384388554802e-09	0.0983538915973607	100	99.9925780235277	9.311437532523e-08	c15
RAB38	0.00127517027352726	0.00739126314714473	0.639658848614073	0.174416447099863	0.0127607921580717	c15
PDGFD	1.27495901308251e-23	0.0565271803664661	5.33049040511727	1.34708872972873	1.98881800864825e-21	c15
ATM	3.99117461261107e-11	0.169849531666124	46.5884861407249	43.0994173748469	2.13119869092421e-09	c15
USP28	5.40580235207768e-15	0.107383240956309	13.3262260127932	7.09540950755186	4.29932643176812e-13	c15
CADM1	4.47168772855287e-05	0.0268605807246296	3.41151385927505	1.66994470627528	0.000747366301219546	c15
IL10RA	4.56623067495668e-17	0.208086070676876	54.3710021321962	49.2485248821761	4.49867182345002e-15	c15
CD3E	6.90436394601326e-05	0.058325510846208	99.1471215351812	98.9720562585817	0.00108505428543363	c15
CXCR5	1.16208485521736e-25	0.126855574161574	13.3262260127932	5.57390433072327	2.09386562094619e-23	c15
RPS25	9.50615007029347e-09	0.0808551655375216	99.8933901918977	99.9703120941107	3.63564381916536e-07	c15
CRTAM	1.77159208828093e-211	0.693394306960124	53.8379530916844	17.0557019334249	8.52743197464823e-208	c15
FEZ1	0.000189417257506606	0.0115555890367269	1.38592750533049	0.49356143541025	0.00256530888983496	c15
RP11-712L6.7	0.00398555827365371	0.00118855937969585	0.106609808102345	0.00742197647233458	0.0327294114503343	c15
SFMBT2	0.000440723938806036	0.0582676859135019	11.407249466951	8.60578171967195	0.00519949313519978	c15
DNAJC1	0.000586286993573675	0.0830878943500348	35.3944562899787	35.3211860318403	0.00665802290578746	c15
PIP4K2A	0.000106570863940944	0.0858089538620807	17.27078891258	14.1833970386314	0.00157491170597639	c15
MAP3K8	4.40644274750084e-24	0.194453036984487	24.4136460554371	14.0572234386017	7.07003247306159e-22	c15
RP11-96B5.3	8.33762450408291e-08	0.00119283830894001	0.106609808102345	0	2.62795060842441e-06	c15
C10orf107	8.33762450408291e-08	0.00113590393634729	0.106609808102345	0	2.62795060842441e-06	c15
SRGN	7.42913407773862e-18	0.222642295984072	98.0810234541578	95.4169295283334	7.82241386297891e-16	c15
PRF1	2.61006283920873e-13	0.172588182533945	42.1108742004264	33.2281886666419	1.80953615852467e-11	c15
UNC5B-AS1	1.42517719046023e-05	0.00667615137101345	0.639658848614073	0.115040635321186	0.000270534762002068	c15
SEC24C	8.29960153317761e-07	0.0886748064213874	17.910447761194	13.4857312502319	2.11693243042306e-05	c15
CDHR1	8.62446962253674e-12	0.0213599327859729	1.91897654584222	0.400786729506067	4.98444047104207e-10	c15
CCSER2	5.79130778086869e-10	0.156000330497974	39.4456289978678	35.6366200319145	2.67671226843058e-08	c15
PDLIM1	6.02942255329379e-11	0.05602067398973	6.60980810234542	2.94652465951683	3.14481986858639e-09	c15
PIK3AP1	0.00451524109838061	0.027669018116337	4.37100213219616	2.85374995361265	0.0362143617159811	c15
RBM20	0.000168754666505486	0.00646081630676884	0.533049040511727	0.103907670612684	0.00232747430750546	c15
PDCD4	4.04798446424662e-05	0.0853169950735168	56.9296375266525	58.5148625078858	0.000683673125505392	c15
TCF7L2	0.00582794150841176	0.0148807151097383	1.91897654584222	1.00196682376517	0.0444570208703703	c15
FAM160B1	4.11336712276121e-05	0.0936451895767042	18.5501066098081	15.107433109437	0.00069297895917158	c15
CTBP2	0.002100221934302	0.00645479707184913	0.533049040511727	0.13730656473819	0.0193923982779874	c15
WNK1	0.000963169798639178	0.0786555230741845	38.592750533049	39.4292500092775	0.010069203597688	c15
CACNA1C-AS1	0.000200501095699801	0.0251376623537371	3.41151385927505	1.78498534159647	0.00268615662763782	c15
CD27	0.000947997883946376	0.0662601040912201	65.8848614072495	66.4749322744647	0.0099352537174772	c15
KLRG1	7.19756697202092e-196	0.75325768287469	60.6609808102345	23.958140052696	3.03143526944091e-192	c15
A2M-AS1	0.000145862290904562	0.0221118560265308	2.87846481876333	1.39162058856273	0.00204949292316026	c15
LINC00987	0.00209848529755741	0.0187063035350668	2.45202558635394	1.29884588265855	0.0193822268683935	c15
CD69	1.83908810725193e-19	0.328189646444582	92.5373134328358	85.9613315025791	2.25331762493624e-17	c15
KLRF1	1.71736797109311e-16	0.0293720002055075	2.66524520255864	0.538093294244257	1.60736101161142e-14	c15
CLEC2B	3.44925707746466e-63	0.470122094745268	73.454157782516	55.0747764129588	2.07534407085882e-60	c15
GABARAPL1	0.00224252587831008	0.0720743781748787	18.7633262260128	16.3580361450254	0.0204990957525176	c15
KLRK1	9.94337963550471e-08	0.0701152824458676	11.1940298507463	7.01005677812001	3.06525373685906e-06	c15
KLRC3	8.57802232287484e-07	0.0541016073759781	7.67590618336887	4.37525513044124	2.18134252186373e-05	c15
YBX3	4.07587567174364e-09	0.0710071502142188	9.16844349680171	5.07663190707685	1.67683217196252e-07	c15
PRH1-PRR4	8.47579433906581e-08	0.00412306576498501	0.319829424307036	0.0185549411808365	2.66900387346246e-06	c15
RP11-134N1.2	0.00208505934386623	0.0160822199524243	1.91897654584222	0.93145804727799	0.0192687848415328	c15
ATF7IP	0.00326490806418139	0.0788357923810213	30.7036247334755	30.1963112776933	0.0280560602689436	c15
KIAA1551	9.34364799527687e-15	0.188785909524686	68.7633262260128	66.9313838275133	7.23735346098526e-13	c15
RP11-313F23.4	3.19295638569093e-05	0.00366799774339488	0.319829424307036	0.0333988941255056	0.000558875181607637	c15
KIF21A	2.33790721730824e-09	0.106937481343558	17.910447761194	12.4726314617583	1.00348338573228e-07	c15
LRRK2	0.00350822141031673	0.00247350334525297	0.213219616204691	0.0296879058893383	0.0297917263051106	c15
SLC38A2	0.00407011512324212	0.0767664397004207	21.3219616204691	19.5569080046016	0.0333102887934224	c15
TUBA1A	0.00612887685002294	0.0786202845311559	45.4157782515991	46.6211452109697	0.0463581657610122	c15
SMAGP	8.87307870257055e-11	0.0642331661081297	8.63539445628998	4.34927821278807	4.52984111824867e-09	c15
ITGA5	6.63795311445556e-05	0.069039331270796	13.4328358208955	10.1087319553197	0.0010490581249459	c15
RPL41	1.3597079854984e-06	0.0817255265289356	99.8933901918977	99.9072252940958	3.28415776798446e-05	c15
IFNG-AS1	2.81671439541001e-42	0.225966491532263	25.9061833688699	12.0384458381267	9.68432396315765e-40	c15
DUSP6	0.00665799729237312	0.0355744135963565	6.82302771855011	4.99870115411734	0.049467378339409	c15
RP11-587P21.3	0.000254056513932734	0.00150841574354674	0.106609808102345	0.00371098823616729	0.00323502378357332	c15
BTG1	2.3446902254458e-37	0.217432323521698	100	99.8589824470257	6.75230704753598e-35	c15
TMCC3	0.00186681548956166	0.00622890673581377	0.639658848614073	0.181838423572197	0.0174984154414101	c15
CHPT1	7.03278042353319e-10	0.0918849225336593	14.2857142857143	9.00656844917802	3.21523071357568e-08	c15
MYO1H	0.000254056513932734	0.00135004040759383	0.106609808102345	0.00371098823616729	0.00323502378357332	c15
RP3-473L9.4	0.000254056513932734	0.00125734265965439	0.106609808102345	0.00371098823616729	0.00323502378357332	c15
RP11-497G19.1	0.00025433543072018	0.00128461925894067	0.106609808102345	0.00371098823616729	0.00323502378357332	c15
LRRC43	0.00021558830989618	0.00312375889363421	0.213219616204691	0.0185549411808365	0.00285535869246929	c15
SCARB1	0.00453173375677674	0.00935950548674797	1.06609808102345	0.434185623631573	0.036303432525163	c15
LINC00944	0.00172241528488787	0.0413922465638179	7.99573560767591	5.77058670724014	0.0163479043969047	c15
SLC15A4	2.70981453543836e-06	0.0441396424010851	5.863539445629	3.19516087134004	6.13605449980242e-05	c15
RP13-820C6.2	0.000254056513932734	0.00117966787463531	0.106609808102345	0.00371098823616729	0.00323502378357332	c15
LINC00384	4.27410991549442e-09	0.017931046117487	1.49253731343284	0.322855976546554	1.74771674141589e-07	c15
RP11-248G5.9	8.33762450408291e-08	0.00119849102694983	0.106609808102345	0	2.62795060842441e-06	c15
LINC00402	3.08538616593769e-09	0.095829094422932	15.4584221748401	10.0679110847219	1.29948751843881e-07	c15
LINC00381	0.000685240574839452	0.00310648134205481	0.213219616204691	0.0222659294170037	0.00760240234726391	c15
SPRY2	6.75333448699248e-07	0.0236837641386841	2.45202558635394	0.875793223735481	1.74767167591954e-05	c15
GPR183	0.00484650755343623	0.0796199933670451	42.0042643923241	39.596244479905	0.0384264267115058	c15
ADPRHL1	0.00180898610591519	0.0055884127166853	0.426439232409382	0.0927747059041823	0.0170352090141717	c15
TRAV12-1	0.000190351590679929	0.0607898005480204	8.63539445628998	5.75574275429547	0.00257432795791736	c15
TRAV19	0.000887794646190027	0.0714970211531792	10.5543710021322	7.6928786135748	0.00942152844369347	c15
TRAV20	2.73523281553493e-07	0.0647531053184107	6.39658848614073	3.28793557724422	7.66729904214924e-06	c15
TRAV21	0.000219703033792904	0.0763599471285049	7.88912579957356	5.18053957768954	0.00289846281151844	c15
TRDV1	2.77640822361682e-18	0.142076237441669	9.3816631130064	3.80747393030764	3.03728242488783e-16	c15
TRAV24	0.00588017697435209	0.0312594860578652	3.09168443496802	1.85920510631981	0.0447845124262702	c15
TRDV3	0.000460919231858027	0.0142993296357977	0.959488272921109	0.300590047129551	0.00540369262290339	c15
INSM2	8.33762450408291e-08	0.00170498493476334	0.106609808102345	0	2.62795060842441e-06	c15
RALGAPA1	3.77717994131915e-09	0.135311724959901	31.7697228144989	26.9937284298809	1.55584719978982e-07	c15
CTD-2058B24.2	4.65289117458716e-05	0.00280713165513032	0.213219616204691	0.0148439529446692	0.000773813007090522	c15
RPS29	1.19554785429264e-32	0.183923083833986	99.8933901918977	99.7253868705236	2.91904271032872e-30	c15
RPL36AL	0.00164871859784514	0.0147220338370309	95.6289978678038	97.7251642112295	0.0158177461377546	c15
RP11-831F12.2	0.00398846215052242	0.00117126112452272	0.106609808102345	0.00742197647233458	0.0327294114503343	c15
MAP4K5	0.00625675158838986	0.050192879570883	12.5799573560768	10.4835417671726	0.0470779339033515	c15
NIN	2.06428020021907e-08	0.135122913048645	31.4498933901919	27.2460756299403	7.47890936195497e-07	c15
PTGDR	8.16164068406755e-50	0.20564407134539	21.4285714285714	8.25323783723606	3.43747901511215e-47	c15
PRKCH	8.82306085453444e-15	0.169496812640485	58.2089552238806	55.0710654247226	6.86568619936913e-13	c15
RBM25	6.53027277695155e-05	0.0878972051448961	48.7206823027719	49.0555534938954	0.00103739279088451	c15
SAMD15	5.50745405585876e-06	0.00260283288347187	0.213219616204691	0.0111329647085019	0.000115690870921512	c15
CCDC88C	3.44603681577351e-05	0.101171747230658	35.2878464818763	33.6846402196905	0.000595745328223051	c15
CATSPERB	0.00125791992283292	0.00701155104678928	0.746268656716418	0.222659294170037	0.0125956475126099	c15
TC2N	4.3171457433713e-42	0.351477753561592	64.498933901919	51.1893717296916	1.44021691759557e-39	c15
RP11-1070N10.5	0.00264074265798929	0.00351100847528387	0.319829424307036	0.0593758117786767	0.0235078423033794	c15
PPP2R5C	3.09297496411075e-43	0.354274842652671	68.6567164179104	56.9970683192934	1.1086670046888e-40	c15
IGHV1OR15-3	0.000215716090554582	0.00265227010731317	0.213219616204691	0.0185549411808365	0.00285592846960554	c15
RP11-680F8.1	0.00398555827365371	0.0012984223605455	0.106609808102345	0.00742197647233458	0.0327294114503343	c15
RP11-16E12.1	0.00426013054789632	0.00619284666670123	0.639658848614073	0.200393364753034	0.0345299106761652	c15
OTUD7A	1.52588162615545e-11	0.0434105477292615	4.79744136460554	1.7924073180688	8.58314783166639e-10	c15
GPR176	0.000254056513932734	0.00109643344652566	0.106609808102345	0.00371098823616729	0.00323502378357332	c15
PATL2	2.02742919958464e-06	0.0986692884266861	18.4434968017058	14.2613277915909	4.71118616902103e-05	c15
B2M	4.69248367955455e-18	0.0891542392327302	100	100	5.01931889202892e-16	c15
SLC28A2	0.000254056513932734	0.00160808945564613	0.106609808102345	0.00371098823616729	0.00323502378357332	c15
CTD-2026K11.3	0.00398555827365371	0.00120724207089033	0.106609808102345	0.00742197647233458	0.0327294114503343	c15
PSTPIP1	4.2963442189354e-06	0.100531265869036	46.8017057569296	46.3984859167996	9.27955269953905e-05	c15
RP11-650L12.2	8.33762450408291e-08	0.00115664718908386	0.106609808102345	0	2.62795060842441e-06	c15
KIAA1024	0.000685240574839452	0.00260262746671016	0.213219616204691	0.0222659294170037	0.00760240234726391	c15
BCL2A1	0.00176341699829445	0.0742486989654272	18.7633262260128	16.4099899803318	0.0166572953015232	c15
IL16	1.22219435200103e-05	0.10486895249635	52.2388059701493	53.6126470479089	0.000235412839475532	c15
AKAP13	5.08454722291056e-05	0.0930743970704051	52.4520255863539	54.1655842950978	0.00083692591171836	c15
MIR9-3HG	7.81516042859782e-05	0.0220939805945033	2.77185501066098	1.28400192971388	0.0012045929344976	c15
MCTP2	1.96130483895236e-07	0.0710499101984823	10.3411513859275	6.43114261327792	5.68710888499662e-06	c15
SYNM	8.78603150942945e-06	0.0317693001000157	3.83795309168444	1.85178312984748	0.000176317180273208	c15
RP11-304L19.11	0.000254056513932734	0.00154640393121269	0.106609808102345	0.00371098823616729	0.00323502378357332	c15
MMP25-AS1	3.7633379083587e-05	0.0824674371852525	17.8038379530917	14.2873047092441	0.000644318635590641	c15
LITAF	4.5582815415773e-50	0.380971322937508	70.7889125799574	59.7283556611126	1.94413592736589e-47	c15
RPS15A	2.17606644867873e-08	0.0636874750068062	99.8933901918977	99.9851560470553	7.83337424378003e-07	c15
GGA2	7.01090205595776e-09	0.121499307591022	22.4946695095949	17.2338293687609	2.75320901950397e-07	c15
RP11-435I10.4	0.00398555827365371	0.0015157539516366	0.106609808102345	0.00742197647233458	0.0327294114503343	c15
ITGAL	0.000212379021777037	0.0972969202012476	35.9275053304904	35.0688388317809	0.00282283974743807	c15
ZNF843	0.000254056513932734	0.00145621153433045	0.106609808102345	0.00371098823616729	0.00323502378357332	c15
RBL2	0.000540039831765688	0.0747827954441052	48.1876332622601	50.0760752588414	0.00621027375136966	c15
GNAO1	3.25150890688121e-05	0.034277769323827	5.01066098081023	2.7795301888893	0.000566541596537706	c15
HERPUD1	1.0693397484991e-12	0.188013671110656	45.9488272921109	40.8505585037295	6.96911672841949e-11	c15
NLRC5	0.00421556853776489	0.0745229363426256	30.4904051172708	30.3670167365569	0.0342428559092214	c15
CTD-2600O9.2	0.00398555827365371	0.00108370466018865	0.106609808102345	0.00742197647233458	0.0327294114503343	c15
CTD-2600O9.1	0.00025433543072018	0.00106151950991762	0.106609808102345	0.00371098823616729	0.00323502378357332	c15
GABARAPL2	2.88442886146917e-11	0.111799920961708	61.407249466951	64.1889635209856	1.57262048638094e-09	c15
ADAT1	0.00112120570118314	0.0619794132315535	12.5799573560768	10.0604891082495	0.0114339905858549	c15
TERF2IP	2.73107193171432e-09	0.115614264774202	60.5543710021322	61.7211563439344	1.16334687316286e-07	c15
RP11-264M12.2	8.33762450408291e-08	0.00135649250592545	0.106609808102345	0	2.62795060842441e-06	c15
RP11-70D24.3	0.00398555827365371	0.00139705163351223	0.106609808102345	0.00742197647233458	0.0327294114503343	c15
PLCG2	1.18647259723067e-26	0.0904029025836597	9.27505330490405	3.07640924778268	2.2333523849771e-24	c15
RP11-510J16.5	0.000795681151593821	0.00584335518491377	0.533049040511727	0.122462611793521	0.00862324886516636	c15
COTL1	2.85150876478458e-13	0.180772332160964	88.8059701492537	86.6218874086169	1.97286932896615e-11	c15
C16orf74	0.000448414178869089	0.0246673412070827	3.62473347547974	2.00393364753034	0.00527544250796616	c15
KLHDC4	0.002952207781318	0.0648843382300711	15.7782515991471	13.5413960737744	0.0258099867627734	c15
CYBA	5.46007052341872e-15	0.16389400743249	92.9637526652452	92.0102423275318	4.31858254028334e-13	c15
OR3A2	0.00398555827365371	0.00120010150521708	0.106609808102345	0.00742197647233458	0.0327294114503343	c15
SLC52A1	0.00581390290543379	0.00825086666695764	0.959488272921109	0.382231788325231	0.0444102571969363	c15
VAMP2	3.25188890515796e-05	0.0987859803286502	35.2878464818763	33.5028017961183	0.000566541596537706	c15
RCVRN	0.000254056513932734	0.00133282530547035	0.106609808102345	0.00371098823616729	0.00323502378357332	c15
RASD1	1.89513905693677e-05	0.0250544246561694	2.55863539445629	1.07247560025235	0.00035142991405849	c15
RP1-178F10.1	0.000254056513932734	0.00142293352595874	0.106609808102345	0.00371098823616729	0.00323502378357332	c15
WSB1	0.000943457587609562	0.0789526728353848	47.1215351812367	49.6307566705014	0.00989690534150579	c15
RPL23A	9.41774394095254e-34	0.182857907233235	100	99.9035143058597	2.44093434112658e-31	c15
SEZ6	0.00638924111688537	0.00262396216382194	0.213219616204691	0.0333988941255056	0.047829169116271	c15
RP11-466A19.3	0.00025433543072018	0.00135612562182362	0.106609808102345	0.00371098823616729	0.00323502378357332	c15
CCL5	2.70274076180207e-144	1.54544267628187	99.8933901918977	63.6174713326159	4.79295511727152e-141	c15
CCL3	8.23102571568914e-16	0.116404093148813	12.5799573560768	6.09344268378669	7.22229636626119e-14	c15
CCL4	0	2.07181927088609	92.4307036247335	36.4085055850373	0	c15
CTB-91J4.1	8.03164095571267e-05	0.00390331110361238	0.319829424307036	0.0371098823616729	0.00123513514542119	c15
AC131056.3	1.33686540287168e-20	0.0785752084556888	8.31556503198294	2.98734553011467	1.74590476295962e-18	c15
CCL3L3	2.95901427589767e-124	0.358140009105487	26.865671641791	6.69833376628196	3.83465488508062e-121	c15
CCL4L2	3.28033858679539e-172	0.814873778635762	51.3859275053305	17.0334360040079	7.89483773882027e-169	c15
GPR179	8.33762450408291e-08	0.00123496927763366	0.106609808102345	0	2.62795060842441e-06	c15
C17orf98	0.00398555827365371	0.00153798469838367	0.106609808102345	0.00742197647233458	0.0327294114503343	c15
IKZF3	4.01895257768778e-06	0.108304551628801	48.0810234541578	46.806694622778	8.75336704283208e-05	c15
EIF1	6.9048313922124e-09	0.0717809161891725	98.9339019189765	99.4507737410472	2.72425513968624e-07	c15
WNK4	0.00398555827365371	0.00129996789651762	0.106609808102345	0.00742197647233458	0.0327294114503343	c15
LINC01180	0.000254056513932734	0.00120535262394688	0.106609808102345	0.00371098823616729	0.00323502378357332	c15
HIGD1B	0.00398846215052242	0.00104496875442249	0.106609808102345	0.00742197647233458	0.0327294114503343	c15
THCAT158	0.00025433543072018	0.00109334260818767	0.106609808102345	0.00371098823616729	0.00323502378357332	c15
MRPL10	3.35976333639498e-21	0.19733246601422	34.861407249467	25.3980034883289	4.5281546342597e-19	c15
LRRC46	0.00085326729996095	0.00606954062915511	0.639658848614073	0.166994470627528	0.00910674323879767	c15
LUC7L3	0.00336169203906734	0.0620989074582174	46.2686567164179	49.5825138234312	0.0287703458380327	c15
BZRAP1	5.06910838408784e-07	0.0476997894099501	6.50319829424307	3.50688388317809	1.34603350415229e-05	c15
LIMD2	0.000178422667809226	0.0601432793664443	89.8720682302772	91.6391435039151	0.00243687611234863	c15
ERN1	0.00187031946826265	0.0842182595104844	29.2110874200426	27.3202953946636	0.0175100150496365	c15
PECAM1	1.47505413803534e-73	0.267750560835154	26.9722814498934	9.7005232493413	1.27437113146058e-70	c15
DDX5	7.5041617063442e-13	0.137153264782417	89.5522388059701	90.7262403978179	4.97726819947955e-11	c15
PITPNC1	2.2692617116618e-22	0.211998797366646	37.7398720682303	27.862099677144	3.3535308821374e-20	c15
SMIM6	8.33762450408291e-08	0.00145007891328022	0.106609808102345	0	2.62795060842441e-06	c15
H3F3B	6.83171636963854e-16	0.166129227693962	98.6140724946695	98.7048651055776	6.05757503575266e-14	c15
RP11-552F3.4	0.000254056513932734	0.00123410542571333	0.106609808102345	0.00371098823616729	0.00323502378357332	c15
MXRA7	0.000677888149457809	0.0282020629900252	3.73134328358209	2.13010724756003	0.00753982108442203	c15
SRSF2	0.000772947413863324	0.0546240473566428	63.2196162046908	67.5548298511894	0.00840119037506801	c15
RP13-1032I1.11	4.65613781754441e-05	0.00297381767292541	0.213219616204691	0.0148439529446692	0.000773970930559159	c15
YES1	0.000152265015801547	0.0461914018064882	7.78251599147122	5.1731176012172	0.00212439645648751	c15
TGIF1	4.71397247435145e-09	0.132644377888112	30.3837953091684	24.6817827587487	1.90904553546632e-07	c15
RP11-172F10.1	0.00398555827365371	0.00147749920502333	0.106609808102345	0.00742197647233458	0.0327294114503343	c15
PTPRM	1.37339171228162e-10	0.0423396362495518	4.37100213219616	1.63283482391361	6.81517825531913e-09	c15
CABYR	0.00639388861414385	0.0021458870443868	0.213219616204691	0.0333988941255056	0.0478533280686279	c15
RNF125	0.00523406851432546	0.0749204910142485	25.2665245202559	24.2661520762979	0.0408138635782647	c15
LOXHD1	0.00398846215052242	0.00125254065508773	0.106609808102345	0.00742197647233458	0.0327294114503343	c15
ZNF532	5.82287192847097e-05	0.0132944496845983	1.49253731343284	0.512116376591086	0.000943058475068028	c15
RP11-120K19.4	0.00398555827365371	0.00140081195590231	0.106609808102345	0.00742197647233458	0.0327294114503343	c15
MBP	6.59095086717689e-40	0.327488029950324	64.2857142857143	53.6460459420344	2.03738989466659e-37	c15
RP11-154H12.3	8.33762450408291e-08	0.00156107584937938	0.106609808102345	0	2.62795060842441e-06	c15
RP4-734P14.4	0.00398555827365371	0.00144763221742206	0.106609808102345	0.00742197647233458	0.0327294114503343	c15
PROKR2	4.65289117458716e-05	0.00282296749207947	0.213219616204691	0.0148439529446692	0.000773813007090522	c15
CST3	4.17869303940502e-08	0.0295258704535563	3.41151385927505	1.30997884736705	1.4352383615669e-06	c15
RP11-218C14.8	8.33762450408291e-08	0.000832377042581838	0.106609808102345	0	2.62795060842441e-06	c15
RP4-568C11.4	0.00169858437460238	0.00223555792591446	0.213219616204691	0.025976917653171	0.0161672604287719	c15
CST7	0	1.6130095538234	99.1471215351812	61.1719300849816	0	c15
APMAP	4.6976717213948e-63	0.377543927332039	51.0660980810235	32.563921772368	2.77690089439783e-60	c15
RP5-1184F4.5	0.00398555827365371	0.00131494581470914	0.106609808102345	0.00742197647233458	0.0327294114503343	c15
PPP1R16B	4.37609754744073e-08	0.113301527053223	23.6673773987207	18.632871933796	1.49693635292861e-06	c15
STK4	1.91634919404803e-08	0.101675528410778	72.1748400852879	74.8914535940921	6.97294489678771e-07	c15
CD40	0.00227880950112852	0.0205287572723631	2.77185501066098	1.53634912977326	0.0207463408081665	c15
SLC2A10	0.00398555827365371	0.00126120346421909	0.106609808102345	0.00742197647233458	0.0327294114503343	c15
RP5-906C1.1	0.00317981992729489	0.00469993346612978	0.426439232409382	0.100196682376517	0.027408762504547	c15
NFATC2	4.14284365055428e-25	0.261599477420213	55.3304904051173	46.3205551638401	7.19530793617401e-23	c15
ATP9A	8.80066585723555e-07	0.0257902146426724	2.98507462686567	1.18751623557353	2.23122374261621e-05	c15
RP5-963E22.5	8.33762450408291e-08	0.00136025064452662	0.106609808102345	0	2.62795060842441e-06	c15
PPDPF	9.42431541574535e-05	0.0435411855874288	93.7100213219616	95.8436931754926	0.00141507523893995	c15
GZMM	1.36335483972713e-155	0.746492847053522	83.7953091684435	58.0287230489479	2.87105487311036e-152	c15
CTB-31O20.2	0.000681824074652817	0.0592264669840864	9.91471215351812	7.35888967231974	0.00757447424047214	c15
AC004490.1	0.000254056513932734	0.00165424765368039	0.106609808102345	0.00371098823616729	0.00323502378357332	c15
OAZ1	4.90239629744678e-06	0.0870759374315977	95.8422174840085	95.0718076223698	0.000104545152434286	c15
AC005786.7	0.00351814679773814	0.00222430784415616	0.213219616204691	0.0296879058893383	0.0298515331662022	c15
GIPC3	0.00174078258914513	0.00284715205509807	0.319829424307036	0.0556648235425094	0.0164850839119326	c15
MATK	2.174577331395e-32	0.251821494042877	38.272921108742	24.0657587115449	5.1964686953208e-30	c15
ZBTB7A	0.000808849047398124	0.0698639268767835	16.2046908315565	13.5599510149553	0.00873225675871472	c15
AC005339.2	0.000254056513932734	0.00124483944620441	0.106609808102345	0.00371098823616729	0.00323502378357332	c15
TNFSF9	1.07748798589176e-56	0.198649359032953	17.8038379530917	5.61843618955728	5.50073942373287e-54	c15
RPS28	0.00517818310436896	0.0467327695510544	100	99.9962890117638	0.0404529797168115	c15
MYO1F	0.00455060937797511	0.072564811290377	27.3987206823028	26.3702824062048	0.036428660580065	c15
ZNF559-ZNF177	0.0014771649207221	0.00673967006485016	0.746268656716418	0.226370282406205	0.0144098421652607	c15
P2RY11	0.00656255446993393	0.0238100188120149	3.62473347547974	2.30823468289606	0.0489200686526447	c15
EIF3G	0.000105869267447325	0.0475721389458292	74.3070362473348	78.6877945596913	0.00156660478584548	c15
S1PR5	2.87042666317749e-38	0.0774333283253177	7.24946695095949	1.59572494155194	8.55895185744269e-36	c15
CTD-2006C1.10	2.29295551716522e-07	0.00301223874525365	0.213219616204691	0.00742197647233458	6.51973360298437e-06	c15
IER2	8.0324693778904e-18	0.269062270767013	56.5031982942431	48.2725349760641	8.43134028718502e-16	c15
DNAJB1	1.13053549796811e-06	0.188900635765476	81.9829424307036	77.7414925594686	2.79884372289033e-05	c15
TECR	0.001928202052572	0.0494767926887849	54.0511727078891	59.6170260140275	0.0179969085760003	c15
KLF2	5.44963481653212e-15	0.316845108695529	72.1748400852879	58.340446060786	4.31858254028334e-13	c15
GAPDHS	0.000254056513932734	0.00138042913618989	0.106609808102345	0.00371098823616729	0.00323502378357332	c15
HCST	1.70703324970782e-69	0.436981984834519	96.1620469083156	90.2252569859354	1.27815062923678e-66	c15
ZFP36	7.25484560008218e-30	0.452949447389129	91.2579957356077	82.7216387724051	1.58730368603357e-27	c15
SERTAD1	1.63584152072127e-06	0.118322331155366	24.8400852878465	20.8668868519687	3.87336923395519e-05	c15
ARHGEF1	0.00638340722672105	0.0383447296449992	59.0618336886994	63.7733328385349	0.047829169116271	c15
FOSB	8.00275621207823e-06	0.122329506513459	38.6993603411514	35.2024344082829	0.000162153605168021	c15
ARHGAP35	8.69025836049963e-05	0.0520493317387134	7.67590618336887	5.03952202471518	0.00132074679837021	c15
FTL	0.00463210828761117	0.0484033902623082	97.1215351812367	98.025754258359	0.0369756590008934	c15
RPL13A	0.000263408483463854	0.0598176885881254	99.4669509594883	99.5398374587153	0.00333156360429095	c15
SIGLEC7	0.000254056513932734	0.00148899582399475	0.106609808102345	0.00371098823616729	0.00323502378357332	c15
NKG7	5.29156471425017e-262	1.65788615759358	97.5479744136461	43.0400415630682	3.5658796296389e-258	c15
TSEN34	0.00215055974689362	0.0619265222453061	15.7782515991471	13.4560433443426	0.0197818618923925	c15
LILRA2	0.00398555827365371	0.00139011188317067	0.106609808102345	0.00742197647233458	0.0327294114503343	c15
LILRB1	0.00542018707046106	0.013098624445474	1.59914712153518	0.779307529595131	0.0420123724757568	c15
AC009892.10	8.33762450408291e-08	0.00133518756971585	0.106609808102345	0	2.62795060842441e-06	c15
NCR1	1.65520878920496e-05	0.0260477544518851	2.98507462686567	1.33224477678406	0.000310982214420855	c15
RPL28	7.7793118866542e-09	0.0706164817502097	100	99.9925780235277	3.03375155913109e-07	c15
DGCR6L	8.28586939738508e-09	0.124631001376233	40.1918976545842	37.3436746205515	3.2090124537413e-07	c15
MAPK1	0.000154851555010917	0.0901699625411616	24.9466950959488	22.3512821464356	0.00215649131305713	c15
IGLV2-14	1.29901364733606e-174	0.471924715855468	41.4712153518124	11.7230118380525	3.36684352564164e-171	c15
IGLV2-11	0.00182768332942605	0.00491304365679378	0.426439232409382	0.0927747059041823	0.0171968617988499	c15
ZNF70	0.00572630498585719	0.00900978915446686	1.1727078891258	0.508405388354919	0.0438804003169143	c15
TPST2	0.00138312735532941	0.0825482398867605	27.3987206823028	26.1179352061454	0.0136266354124178	c15
MIAT	1.22028579373537e-12	0.136061830040897	23.134328358209	15.9201395331577	7.8167888848136e-11	c15
SELM	0.000594810299982031	0.0699590830463995	37.4200426439232	36.7944483615987	0.00674572138929471	c15
SFI1	0.0001548854092004	0.0922912295259098	22.2814498933902	19.5531970163655	0.00215649131305713	c15
AL008723.1	8.33762450408291e-08	0.00138619776614928	0.106609808102345	0	2.62795060842441e-06	c15
LINC01399	4.65289117458716e-05	0.00284478739065105	0.213219616204691	0.0148439529446692	0.000773813007090522	c15
RP3-508I15.18	0.0042649649248822	0.00631078545502156	0.639658848614073	0.200393364753034	0.0345607811878261	c15
SUN2	4.71992644456209e-11	0.145235173755703	62.8997867803838	63.3836790737373	2.50052203809867e-09	c15
APOBEC3G	3.59463651193386e-07	0.121211795908243	55.3304904051173	50.3655323412625	9.80709980834814e-06	c15
PDGFB	2.22004284965806e-16	0.0595173054122801	6.18336886993603	2.17092811815787	2.03820500753075e-14	c15
RP5-983L19.2	0.000254056513932734	0.00175998382403129	0.106609808102345	0.00371098823616729	0.00323502378357332	c15
CHKB-CPT1B	0.00318276397223255	0.00456257951233644	0.426439232409382	0.100196682376517	0.0274271225781084	c15
AF131217.1	4.89087836770919e-25	0.120406726638691	14.498933901919	6.34578988384607	8.40781916946906e-23	c15
SON	0.00439052735061089	0.0338156037993536	75.6929637526652	79.0737373362526	0.0353825468910508	c15
TSPEAR-AS2	8.33762450408291e-08	0.00149650233317976	0.106609808102345	0	2.62795060842441e-06	c15
ITGB2	8.43859002788888e-15	0.181001352174545	73.0277185501066	70.6572160166252	6.58170954628907e-13	c15
MT-ND1	2.42483068016165e-53	0.336158380701753	99.0405117270789	98.6120903996734	1.1040843910455e-50	c15
MT-ND2	2.15971778378203e-34	0.280893897318893	95.7356076759062	95.1014955282592	5.68511960990247e-32	c15
MT-CO1	5.95960852200569e-30	0.202477213267189	99.8933901918977	99.844138494081	1.32107269434513e-27	c15
MT-CO2	3.29245823807985e-36	0.210106659537084	99.8933901918977	99.9183582588043	9.09312195687397e-34	c15
MT-ATP8	1.15030354868601e-23	0.203304541442452	99.2537313432836	98.9720562585817	1.80271291950821e-21	c15
MT-ATP6	1.88994057319881e-23	0.204177147432303	99.1471215351812	99.3320221174899	2.92108521437434e-21	c15
MT-CO3	1.40659235915449e-33	0.261427104166454	99.680170575693	99.5880803057854	3.59043355676906e-31	c15
MT-ND3	2.04747612792552e-37	0.258213212753815	99.680170575693	99.291201246892	5.94721212537262e-35	c15
MT-ND4L	2.24866875578896e-44	0.249804829120687	99.8933901918977	99.8404275058448	8.4185161175059e-42	c15
MT-ND4	2.81764992276715e-19	0.199349845845312	96.588486140725	96.0589304931903	3.41503224811929e-17	c15
MT-ND5	8.19907333527679e-12	0.13810916625833	96.3752665245203	96.7528852933536	4.77132257269112e-10	c15
MT-CYB	1.37921897182352e-26	0.249557240597408	99.7867803837953	99.5621033881323	2.5817446687012e-24	c15
