gene	p_val	avg_log2FC	pct.1	pct.2	p_val_adj	cluster
FAM41C	0.00159881919616062	0.00630347852540498	0.663507109004739	0.201267238166232	0.01391645931166	c10
MMP23B	4.57284008094415e-05	0.0181491240245448	2.27488151658768	0.987700335445397	0.000659577370236867	c10
CHD5	0.000613118108910572	0.00142797048390751	0.0947867298578199	0.00372717107715244	0.00616720159820489	c10
UTS2	0.00541066311165142	0.0230102020547025	3.41232227488152	2.16921356690272	0.0391889258134099	c10
TNFRSF9	0.00676400071842522	0.0345739202135323	11.2796208530806	8.99739098024599	0.047039471662873	c10
ERRFI1	6.48033727468085e-05	0.016083360053051	1.80094786729858	0.719344017890421	0.000890854688425526	c10
CORT	1.13697905346413e-08	0.00290638765401303	0.18957345971564	0.00372717107715244	3.73385694224369e-07	c10
CNR2	3.2086175717747e-24	0.0316551450046783	2.93838862559242	0.499440924338427	3.98934171451574e-22	c10
RUNX3	4.78353330579411e-16	0.164906651747768	35.3554502369668	27.3611628773761	3.44393955567151e-14	c10
RP4-799D16.1	1.91651985346395e-06	0.00738484072795759	0.758293838862559	0.145359672008945	3.95681494746412e-05	c10
EXTL1	0.00372865695570273	0.00241131983359343	0.18957345971564	0.0260901975400671	0.0286638844481471	c10
GPR3	4.58875219796302e-07	0.00116330605175375	0.0947867298578199	0	1.08806063728477e-05	c10
FGR	4.5200556627962e-59	0.0922852815667947	8.81516587677725	1.73686172195304	1.9779059156137e-56	c10
EPB41	7.80135217144431e-08	0.114317855342486	40.1895734597156	37.0480805068953	2.20149715297022e-06	c10
RP11-266K22.2	0.0073108691991163	0.000921682784582353	0.0947867298578199	0.00745434215430488	0.0496237765501662	c10
PTP4A2	1.94896324335907e-38	0.304495278963426	56.3981042654028	46.7499068207231	4.59219353298885e-36	c10
COL8A2	4.58875219796302e-07	0.00141445433422155	0.0947867298578199	0	1.08806063728477e-05	c10
RP1-118J21.25	0.00111064259163294	0.00443995722356245	0.4739336492891	0.111815132314573	0.0102723007088883	c10
HYI-AS1	4.58875219796302e-07	0.0011861006930815	0.0947867298578199	0	1.08806063728477e-05	c10
PTPRF	1.50920136192602e-08	0.0166737157765306	1.80094786729858	0.495713753261275	4.85683196645035e-07	c10
ELAVL4	7.82443799374e-10	0.00750186430252737	0.568720379146919	0.0521803950801342	3.03379302371778e-08	c10
FAM159A	0.000952558138625964	0.0656583326898343	18.8625592417062	16.3212821468505	0.00900799717172698	c10
HSPB11	0.00679712493581316	0.0578854441066545	32.60663507109	33.0637346254193	0.0471889222968999	c10
JAK1	1.6504216967569e-07	0.0803478855815329	71.1848341232228	74.0514349608647	4.3546835278408e-06	c10
MCOLN2	0.000140783270198495	0.0637236907891963	12.1327014218009	9.25083861349236	0.00175492101593344	c10
WDR63	1.16915017499988e-08	0.026005462243898	2.74881516587678	0.957882966828177	3.82831350791504e-07	c10
TGFBR3	7.88498851840444e-10	0.0883163815155988	14.8815165876777	9.76891539321655	3.05375635792091e-08	c10
GCLM	8.30687500904303e-05	0.0709391647420292	15.260663507109	12.2586656727544	0.00111200574713824	c10
RP11-356N1.2	0.00730612681541376	0.00115942325049796	0.0947867298578199	0.00745434215430488	0.0496215756739672	c10
KCNC4-AS1	0.00717966593779971	0.00186458410070095	0.18957345971564	0.0298173686172195	0.0492792145260182	c10
DENND2D	1.25815392691783e-15	0.177457423253394	61.1374407582938	58.1028699217294	8.72268280114597e-14	c10
CHI3L2	4.36497875441831e-09	0.0601819821768881	7.77251184834123	4.17443160641073	1.50381998109786e-07	c10
CD160	9.03253057409251e-19	0.0499011748492762	5.02369668246445	1.51323145732389	8.22546176117495e-17	c10
TXNIP	5.85486775749645e-28	0.380529318425729	96.4928909952607	93.7420797614611	8.92642145796766e-26	c10
AC245100.1	0.00669810651830193	0.0698480782590552	27.9620853080569	27.4170704435334	0.0467355562285494	c10
LINC00869	4.7149959147547e-10	0.122106527082216	25.781990521327	20.4062616474096	1.87786137531613e-08	c10
CDC42SE1	0.00233606149639205	0.0629448958366411	43.3175355450237	45.8069325382035	0.0193014360126125	c10
RPS27	7.94813754380896e-34	0.15896430053848	100	100	1.54800315838786e-31	c10
SEMA4A	1.09106991201375e-05	0.0423579348964913	5.97156398104265	3.50726798360045	0.000184922080560319	c10
RP11-284F21.8	0.000613118108910572	0.00124965365105577	0.0947867298578199	0.00372717107715244	0.00616720159820489	c10
FCRL3	6.37107087260844e-161	0.400256500709102	37.2511848341232	11.0063361908312	1.02222315229366e-157	c10
RP11-367J7.3	3.23798818132129e-08	0.00873433067268601	0.853080568720379	0.141632500931793	9.8377613869648e-07	c10
CD5L	0.00730138719208518	0.00115275697578741	0.0947867298578199	0.00745434215430488	0.0496215756739672	c10
MNDA	8.75006687700834e-11	0.0181057413408249	1.4218009478673	0.275810659709281	3.77980453017845e-09	c10
PYHIN1	2.13939444788101e-43	0.313923851443543	49.0995260663507	35.2963101006336	5.76678052215223e-41	c10
FCRL6	2.19804496311343e-38	0.175801223083091	20.1895734597156	8.95266492732016	5.14311992966276e-36	c10
SLAMF6	1.44106321923044e-31	0.239969615661062	39.7156398104265	27.9388743943347	2.54215623606024e-29	c10
CD84	2.27135834729915e-12	0.159027368243861	37.345971563981	31.3865076407007	1.1648576583546e-10	c10
SLAMF7	8.2747945037833e-58	0.228853786579495	25.8767772511848	10.8833395452851	3.52925222798069e-55	c10
LY9	4.15586406548942e-14	0.157562867138216	38.6729857819905	32.0983973164368	2.55992109364901e-12	c10
CD244	5.77921074954397e-10	0.0643086860093813	8.81516587677725	4.79686917629519	2.28014902804607e-08	c10
FCGR3A	3.17090509308207e-05	0.0182960140389518	2.18009478672986	0.913156913902348	0.000478675968666251	c10
RP11-25K21.1	0.000613718375935804	0.000975540212929989	0.0947867298578199	0.00372717107715244	0.00616720159820489	c10
XCL2	5.02749688831297e-87	0.382762148907188	32.2274881516588	12.3555721207603	4.70545778207826e-84	c10
C1orf21	3.99462884882947e-220	0.340976284537031	28.0568720379147	5.08758852031308	1.3459502443246e-216	c10
NEK7	3.27774767112064e-06	0.101950949950625	24.6445497630332	21.2150577711517	6.36544265306853e-05	c10
PTPRC	2.52044296718405e-55	0.309523645576337	97.0616113744076	94.5359672008945	9.65043242457949e-53	c10
LGR6	1.246496935927e-88	0.0997696564523756	8.43601895734597	1.11815132314573	1.19998479311784e-85	c10
BTG2	5.13983582394997e-17	0.235584030033116	65.1184834123223	56.2467387253075	4.046299725518e-15	c10
RP11-576D8.4	0.00372865695570273	0.00226075781047561	0.18957345971564	0.0260901975400671	0.0286638844481471	c10
C1orf147	0.000613718375935804	0.000994940297209384	0.0947867298578199	0.00372717107715244	0.00616720159820489	c10
FCMR	1.17376282893624e-27	0.260477266013686	64.9289099526066	54.6067834513604	1.72702029511692e-25	c10
HHAT	4.56584976038239e-08	0.0325426227969522	4.2654028436019	1.9045844204249	1.35424068509088e-06	c10
HHIPL2	0.0073108691991163	0.000906997700252399	0.0947867298578199	0.00745434215430488	0.0496237765501662	c10
GUK1	6.17681053803187e-15	0.142210578552002	76.6824644549763	76.5970928065598	4.08081282879305e-13	c10
LYST	5.90039018500651e-59	0.352768413534314	45.2132701421801	27.1785314945956	2.54881726786679e-56	c10
LINC01347	4.58875219796302e-07	0.00157864572657408	0.0947867298578199	0	1.08806063728477e-05	c10
RPS7	1.1490141957014e-06	0.0571403278800648	100	99.9478196049199	2.48970317105872e-05	c10
RP11-400L8.2	0.00730612681541376	0.00103809196883173	0.0947867298578199	0.00745434215430488	0.0496215756739672	c10
FAM49A	5.12724456970697e-08	0.0277445127060131	3.22274881516588	1.27096533730898	1.50616720603057e-06	c10
RP11-644K8.1	0.00730138719208518	0.00114660649467571	0.0947867298578199	0.00745434215430488	0.0496215756739672	c10
CLIP4	0.000323476309865149	0.0626302548593734	13.175355450237	10.4174431606411	0.00360066428298525	c10
HNRNPLL	0.000239558403512645	0.0931237841861648	34.218009478673	32.9705553484905	0.00278910879335006	c10
SRSF7	3.55433176685253e-12	0.141473728668963	74.0284360189574	74.0141632500932	1.79280919988517e-10	c10
ZFP36L2	1.62353183890855e-25	0.301876148241734	99.0521327014218	97.2940737979873	2.13684694453846e-23	c10
REL	1.98250556780815e-09	0.138168080170651	44.6445497630332	40.9317927692881	7.23711187451006e-08	c10
AC093159.1	4.58875219796302e-07	0.00134837491021397	0.0947867298578199	0	1.08806063728477e-05	c10
TMEM17	4.9674301804573e-08	0.00673436930556653	0.568720379146919	0.0670890793887439	1.46304713724063e-06	c10
PLEK	3.26728454147816e-147	0.411299580656501	38.0094786729858	12.3183004099888	4.58699522252355e-144	c10
ARHGAP25	5.43393492612394e-12	0.149545616055569	32.2274881516588	26.6604547148714	2.68461881819384e-10	c10
REEP1	4.41757716269027e-11	0.00352530486562489	0.28436018957346	0.00745434215430488	1.97933304414476e-09	c10
CD8A	1.95254563329522e-136	1.04630405921387	79.1469194312796	40.4770778978755	2.43663231734256e-133	c10
CD8B	1.87640044798055e-77	0.618737199971435	64.9289099526066	37.4468878121506	1.34517950413312e-74	c10
LINC00152	3.27429222224532e-08	0.132839369982841	43.9810426540284	38.4010436079016	9.92122321369909e-07	c10
IGKV1-27	0.00053900082534993	0.00309788919125927	0.28436018957346	0.0409988818486769	0.00559319181069928	c10
IGKV1D-17	0.000613718375935804	0.00140424520923937	0.0947867298578199	0.00372717107715244	0.00616720159820489	c10
IGKV1D-12	0.000613718375935804	0.00101886026419131	0.0947867298578199	0.00372717107715244	0.00616720159820489	c10
DUSP2	6.39862365276778e-283	1.54083929266585	97.0616113744076	68.4644055162132	3.59325375593929e-279	c10
AC159540.2	0.00730612681541376	0.000933332721976722	0.0947867298578199	0.00745434215430488	0.0496215756739672	c10
AC068538.4	4.58875219796302e-07	0.00120221389433892	0.0947867298578199	0	1.08806063728477e-05	c10
NCK2	0.00246839274024823	0.0629378136946583	18.0094786729858	15.8367499068207	0.0202360158126335	c10
GCC2	0.000642596957743113	0.0757884313629368	43.9810426540284	44.621692135669	0.00642101479661816	c10
RGPD5	0.00448673710340845	0.00895955243444621	0.947867298578199	0.383898620946701	0.0334905006562349	c10
PTPN4	0.000405229795677307	0.0773020378166881	25.8767772511848	23.6489004845322	0.00436502964691534	c10
EPB41L5	0.00292385796374347	0.0206492991950045	3.12796208530806	1.87476705180768	0.0233739364659154	c10
TISP43	0.000613118108910572	0.001184878580273	0.0947867298578199	0.00372717107715244	0.00616720159820489	c10
CXCR4	2.40823931434723e-64	0.458875793460011	97.1563981042654	92.0834886321282	1.22944265844872e-61	c10
GTDC1	0.000925167252850415	0.057730174951481	12.4170616113744	9.95154677599702	0.00878100997677236	c10
ZEB2	2.08562022593148e-91	0.336534160827703	32.9857819905213	12.981736861722	2.06684964389809e-88	c10
NR4A2	5.18217629554857e-13	0.212414814983985	44.5497630331754	37.651882221394	2.84842166561523e-11	c10
CYTIP	6.40818279018267e-07	0.0789912719917167	84.5497630331754	86.8319045844204	1.4688252444382e-05	c10
AC009495.4	0.00730138719208518	0.00149293198330066	0.0947867298578199	0.00745434215430488	0.0496215756739672	c10
GAD1	3.37551402256828e-06	0.00420892038319891	0.37914691943128	0.0409988818486769	6.532715076187e-05	c10
WIPF1	3.22271459422497e-23	0.206715259685283	74.218009478673	70.2087215803205	3.83696627342107e-21	c10
UBE2E3	2.00993824944116e-09	0.11799413831975	29.2890995260664	24.4390607528886	7.31348373398169e-08	c10
SF3B1	0.000495206190577112	0.0619230162625792	53.4597156398104	56.4480059634737	0.00519796803280537	c10
CFLAR	0.000573177578437778	0.065875916559841	51.6587677725119	53.3805441669773	0.00588401150803951	c10
UNC80	0.000613118108910572	0.00108195457413097	0.0947867298578199	0.00372717107715244	0.00616720159820489	c10
ERBB4	0.000613118108910572	0.00141836608821754	0.0947867298578199	0.00372717107715244	0.00616720159820489	c10
IGFBP2	3.61555249407631e-05	0.0183225834910766	1.99052132701422	0.805068952664927	0.000535954358712746	c10
TUBA4A	9.27076195824998e-10	0.129651692178778	60.1895734597156	60.6373462541931	3.54159924513917e-08	c10
EPHA4	4.56649689066881e-17	0.118419081426451	17.6303317535545	10.2497204621692	3.63743608118664e-15	c10
ITM2C	3.54452707272288e-163	0.760362641205657	68.9099526066351	33.6339918002236	5.97146475941624e-160	c10
ARL4C	4.14793532592145e-06	0.100393476982903	49.7630331753554	48.3451360417443	7.84290307921421e-05	c10
AGAP1	5.39537763676891e-06	0.0127584368622689	1.32701421800948	0.395080134178159	9.86390960896863e-05	c10
RTP5	0.00034938448218328	0.0222284045577108	2.74881516587678	1.42005218039508	0.00383958276017073	c10
KCNH8	4.58875219796302e-07	0.00154744341397473	0.0947867298578199	0	1.08806063728477e-05	c10
THRB	4.58875219796302e-07	0.00118072578826977	0.0947867298578199	0	1.08806063728477e-05	c10
RP11-222K16.2	2.26387555850294e-30	0.153279738206439	20.3791469194313	10.1192694744689	3.77618926080189e-28	c10
EOMES	2.97384696468067e-173	0.570909673955348	52.3222748815166	19.2843831531867	5.8941646839971e-170	c10
CMC1	0	1.07480309282645	76.5876777251185	32.2027581065971	0	c10
TGFBR2	2.04487599053407e-16	0.202301218328631	53.3649289099526	47.3947074170704	1.51428684890231e-14	c10
OSBPL10	0.000446970686205394	0.00821055175736796	0.758293838862559	0.219903093551994	0.0047553616359345	c10
CCR4	3.1043243040076e-17	0.128713925106568	18.8625592417062	11.1926947446888	2.48449176007677e-15	c10
ZNF197-AS1	0.00373313213044097	0.00194328188011751	0.18957345971564	0.0260901975400671	0.0286638844481471	c10
FYCO1	0.000609241046302547	0.0576573634770593	12.0379146919431	9.46328736489005	0.00616720159820489	c10
TMA7	6.3574865260563e-05	0.0492641151464603	96.7772511848341	97.5214312336936	0.000875037381572471	c10
SHISA5	0.000305957184250588	0.0528743471505854	63.7914691943128	66.9809914275065	0.00343173148007301	c10
SELK	0.0049136511387529	0.0471633742574261	45.6872037914692	48.2519567648155	0.0361801926287457	c10
MTRNR2L12	1.08610427222142e-27	0.363333142917222	66.1611374407583	54.8639582556839	1.61212323119949e-25	c10
CLDND1	2.82042501850931e-22	0.259469386070571	44.5497630331754	35.7771151695863	3.1783077114934e-20	c10
CEP97	0.00337262557893863	0.0346278338974114	6.06635071090047	4.32724562057398	0.0263476110031899	c10
CBLB	2.08753749122894e-25	0.245323013283633	58.2938388625592	49.1800223630265	2.7368672462828e-23	c10
TRAT1	5.75680142847002e-31	0.267517973505495	52.5118483412322	41.2113306000745	9.94716242722404e-29	c10
RP11-553A10.1	0.00730138719208518	0.00118867423664659	0.0947867298578199	0.00745434215430488	0.0496215756739672	c10
PLCXD2	0.000554996240031327	0.0272578566342695	3.98104265402844	2.3667536339918	0.00572391898121075	c10
NAA50	1.74368537270421e-07	0.104888102861941	26.3507109004739	22.176667909057	4.57211945119811e-06	c10
RP11-255E6.6	4.58875219796302e-07	0.00131687382197521	0.0947867298578199	0	1.08806063728477e-05	c10
ZNF80	1.11415059692726e-20	0.0999458891052328	9.09952606635071	3.63771897130078	1.15153957708181e-18	c10
TIGIT	6.52288340028908e-09	0.140341413324287	53.7440758293839	44.8975027953783	2.1978203328934e-07	c10
ZBTB20-AS3	4.58875219796302e-07	0.00205164293688198	0.0947867298578199	0	1.08806063728477e-05	c10
RP11-190P13.2	0.00165458658356334	0.00234826994892147	0.18957345971564	0.0223630264629146	0.0143241624734284	c10
RP11-797D24.3	0.000613118108910572	0.00112247393437472	0.0947867298578199	0.00372717107715244	0.00616720159820489	c10
CNBP	1.23585696016603e-05	0.0589539191019413	89.9526066350711	91.4498695490123	0.000206654910252279	c10
SLC35G2	6.27749992911511e-10	0.0287116607561654	2.93838862559242	0.97651882221394	2.46232925042613e-08	c10
ZBTB38	5.38928511709791e-17	0.192620671548313	45.4976303317536	38.7439433469996	4.21314553910666e-15	c10
PLSCR4	0.000613118108910572	0.00118297023215831	0.0947867298578199	0.00372717107715244	0.00616720159820489	c10
C3orf33	0.000746635672678	0.0216397353160857	3.22274881516588	1.81885948565039	0.00729827164351974	c10
RP11-555M1.3	0.0073108691991163	0.000908842576225716	0.0947867298578199	0.00745434215430488	0.0496237765501662	c10
EIF4A2	3.39972597523344e-06	0.0803229542835127	75.3554502369668	76.4144614237794	6.57202335109097e-05	c10
TPRG1	1.66364229861589e-19	0.121383124117987	16.303317535545	8.81848676854267	1.57900742562152e-17	c10
DGKQ	5.93662135792876e-06	0.0334227069435079	4.45497630331754	2.32948192322028	0.000107600064569151	c10
SPON2	8.83180665446362e-05	0.076037531184689	17.7251184834123	14.498695490123	0.00117388123635305	c10
MFSD10	2.18295940722016e-06	0.105141644324917	35.8293838862559	33.592992918375	4.43088158234193e-05	c10
LYAR	8.81273581581636e-76	0.420928136938649	55.0710900473934	33.7495341036154	6.05992490975748e-73	c10
FGFBP2	2.82596060784076e-28	0.0574968684228001	4.83412322274881	1.06224375698845	4.40823688521233e-26	c10
LDB2	1.2060902087135e-14	0.0141748574870322	1.13744075829384	0.134178158777488	7.815000671614e-13	c10
ARAP2	1.57621125945663e-16	0.179479992358108	40	32.5493850167723	1.17238106349076e-14	c10
DTHD1	3.15694246757563e-185	0.378246197476719	32.2274881516588	7.61833768169959	7.09133463349954e-182	c10
KLF3	9.70960859837309e-13	0.13874978041933	25.4028436018957	18.3488632128215	5.17651190053138e-11	c10
RP11-395I6.2	0.00111429221711946	0.00624744546909618	0.663507109004739	0.193812896011927	0.0102962926705764	c10
ATP8A1	1.14254333304599e-13	0.143212858681881	26.5402843601896	19.4185613119642	6.70676917485219e-12	c10
UGT2B17	4.58875219796302e-07	0.00103456277502023	0.0947867298578199	0	1.08806063728477e-05	c10
SLC4A4	1.26507325893675e-05	0.0185811761437535	2.27488151658768	0.93179276928811	0.000211016724686212	c10
CXCL3	0.00263969128920808	0.00417760136516348	0.37914691943128	0.0857249347745062	0.0214783284951888	c10
CNOT6L	5.75308142919177e-09	0.131516689011352	35.9241706161137	31.9903093551994	1.95097510040634e-07	c10
SCD5	3.40091245230344e-05	0.022412727307234	2.74881516587678	1.27841967946329	0.000508838117974743	c10
CCDC109B	5.94226254537905e-28	0.240025868888015	60.8530805687204	53.3469996272829	9.01885559477485e-26	c10
TRPC3	0.000405599493137758	0.00928801101064425	1.04265402843602	0.357808423406634	0.00436761563495801	c10
MGARP	0.00168895366547011	0.00328147740117029	0.28436018957346	0.0484532240029817	0.0145954359590536	c10
IL15	0.000270848491016618	0.0351410413507748	5.40284360189573	3.41408870667164	0.00310090691685828	c10
RP11-557J10.4	4.58875219796302e-07	0.00130206468086324	0.0947867298578199	0	1.08806063728477e-05	c10
NR3C2	8.35170355368081e-05	0.0292048688944227	4.36018957345972	2.46738725307492	0.00111667579181635	c10
ANKRD37	0.00429968898047762	0.0626639931263215	18.1042654028436	16.0715616846813	0.0323234539286508	c10
TLR3	0.000516185783533834	0.0131078414460533	1.70616113744076	0.749161386507641	0.00539298102027566	c10
LPCAT1	1.91630934123721e-06	0.0790285324675669	14.1232227488152	10.2981736861722	3.95681494746412e-05	c10
RP11-332J15.2	0.000613118108910572	0.00123928786318067	0.0947867298578199	0.00372717107715244	0.00616720159820489	c10
TRIO	5.61882377823999e-06	0.0117141646276356	1.13744075829384	0.309355199403653	0.000102169804848364	c10
AC016549.1	0.00730612681541376	0.000878580657471545	0.0947867298578199	0.00745434215430488	0.0496215756739672	c10
CTD-2139B15.2	0.000992568206774993	0.00278223529250749	0.28436018957346	0.0447260529258293	0.00932615537062929	c10
IL7R	5.74322458642401e-07	0.220508920982761	84.3601895734597	79.6794632873649	1.33089552417449e-05	c10
PARP8	1.04147919169659e-26	0.251259113416327	55.6398104265403	46.4815505031681	1.48065822299682e-24	c10
GZMK	0	1.94586559186132	99.6208530805687	49.7950055907566	0	c10
GZMA	1.19881227326654e-217	1.2688113908198	95.0710900473934	51.3380544166977	3.67207097594936e-214	c10
PIK3R1	7.22470691157406e-61	0.420989234723151	65.2132701421801	49.3551994036526	3.28958479295373e-58	c10
TMEM171	8.85998034976749e-81	0.095505985159237	7.96208530805687	1.09206112560567	7.28117507085527e-78	c10
ENC1	2.41455504684384e-99	0.158039626384334	13.6492890995261	2.53820350354081	2.54237555463613e-96	c10
CTD-2503O16.4	7.18747896369897e-07	0.0164816339634691	1.99052132701422	0.674617964964592	1.62971006865998e-05	c10
SV2C	2.99070611442681e-08	0.00675060243561477	0.4739336492891	0.0447260529258293	9.15015989638866e-07	c10
F2R	8.00131094234994e-65	0.302099833024911	36.7772511848341	18.2482295937384	4.14763339833137e-62	c10
CCNH	0.0015193810025788	0.0778283347783417	46.6350710900474	48.0618710398807	0.0133456787020047	c10
ADGRV1	0.0037316398633356	0.00190087037584273	0.18957345971564	0.0260901975400671	0.0286638844481471	c10
CTC-339F2.2	0.000613118108910572	0.00109089344844558	0.0947867298578199	0.00372717107715244	0.00616720159820489	c10
CDC42SE2	4.73660045006665e-08	0.101123543453062	58.2938388625592	59.9962728289228	1.40241665698195e-06	c10
MEIKIN	0.00272115905900157	0.00355580014306975	0.28436018957346	0.0521803950801342	0.0219925002000477	c10
ACSL6	0.00594783668298942	0.0345479602163564	7.58293838862559	5.76220648527767	0.0423692197033077	c10
C5orf56	8.31989973797462e-10	0.134078279301361	43.2227488151659	39.3514722325755	3.21849255765002e-08	c10
TRPC7-AS1	4.58875219796302e-07	0.00111801303614899	0.0947867298578199	0	1.08806063728477e-05	c10
EGR1	2.73974700534466e-05	0.0755689080094806	12.60663507109	9.00111815132315	0.000420560526642747	c10
PCDHB14	0.000613718375935804	0.000998163345226719	0.0947867298578199	0.00372717107715244	0.00616720159820489	c10
PPP2R2B	6.15555903039379e-18	0.131913302704084	21.1374407582938	13.0003727171077	5.21119110477609e-16	c10
JAKMIP2	9.66183660933699e-05	0.0438178800160557	7.10900473933649	4.67759970182631	0.0012701752739563	c10
ADRB2	1.76889349320584e-10	0.0708346816116259	10.2369668246446	5.76966082743198	7.367255545127e-09	c10
CD74	3.51105973291149e-138	0.766773279722501	99.6208530805687	94.8676854267611	4.55006333233537e-135	c10
RPS14	7.91143745368566e-07	0.0851694112994039	100	99.9850913156914	1.77357267840642e-05	c10
CTB-12O2.1	0.000613118108910572	0.00109510110289929	0.0947867298578199	0.00372717107715244	0.00616720159820489	c10
SGCD	4.08944521326956e-05	0.0041987751917265	0.37914691943128	0.0521803950801342	0.000597268170853509	c10
AC008697.1	0.00573333230913148	0.00466552290221302	0.4739336492891	0.13790532985464	0.0410146282003983	c10
SLIT3	4.58875219796302e-07	0.00132594791466856	0.0947867298578199	0	1.08806063728477e-05	c10
DUSP1	2.32768793450035e-19	0.344441477447614	95.9241706161137	89.7838240775252	2.18465507702103e-17	c10
ERGIC1	3.68023359405886e-05	0.0614664024544943	11.6587677725118	8.53894893775624	0.000544584061125249	c10
GRK6	3.11362418649644e-05	0.0963847156060447	34.6919431279621	32.9556466641819	0.00047129583710607	c10
CTC-338M12.2	0.00374060160580506	0.00159629052814694	0.18957345971564	0.0260901975400671	0.0286966827199444	c10
E2F3	6.86573823104639e-14	0.108668810297045	15.6398104265403	9.43346999627283	4.1383574947563e-12	c10
HIST1H4C	3.93585638830639e-18	0.209199849880329	69.1943127962085	65.4938501677227	3.42673760071306e-16	c10
HIST1H1D	0.00556090513050845	0.0827047146022059	30.6161137440758	29.8173686172195	0.0400361404844769	c10
BTN3A2	1.33555263786472e-12	0.154601242281123	57.1563981042654	54.8192322027581	7.06438156675256e-11	c10
LINC00240	0.000613718375935804	0.000971317139680806	0.0947867298578199	0.00372717107715244	0.00616720159820489	c10
ZKSCAN8	0.00114181059828795	0.0379781276175197	5.97156398104265	4.08497950055908	0.0105115208466432	c10
LINC01556	0.00730138719208518	0.00123166648300454	0.0947867298578199	0.00745434215430488	0.0496215756739672	c10
HLA-F	3.12082752884458e-14	0.146900848084552	79.2417061611374	79.1129332836377	1.93652233438102e-12	c10
HLA-G	0.00480933058206848	0.0446756029975564	10.0473933649289	8.04696235557212	0.0355051675355424	c10
HLA-A	2.36730660552315e-33	0.216388450920056	100	99.6123742079761	4.50644230319193e-31	c10
HLA-E	5.60911817637894e-48	0.226679409689606	99.8104265402844	99.1986582184122	1.71812388940829e-45	c10
HLA-C	2.41162844127771e-40	0.205777306387749	99.9052132701422	99.5862840104361	5.97480946326553e-38	c10
HLA-B	1.27543311367004e-24	0.175401439696541	100	99.8919120387626	1.60952971280892e-22	c10
TNF	0.000295719986989983	0.116967615722104	16.7772511848341	13.7122623928438	0.00333801984644573	c10
HLA-DRB5	7.09975960386383e-16	0.174681547414376	40.5687203791469	30.4137159895639	5.07896603168977e-14	c10
HLA-DRB1	4.86551263324883e-40	0.419846468879591	72.9857819905213	50.6261647409616	1.19663199025318e-37	c10
HLA-DQA1	1.41496478875377e-38	0.262126527428616	38.4834123222749	21.9865821841223	3.35745236565278e-36	c10
HLA-DQB1	5.94569575791039e-57	0.392201399266535	49.9526066350711	31.2523294819232	2.44310088862235e-54	c10
PSMB8-AS1	7.92587336706089e-08	0.115796560039838	44.4549763033175	43.1494595601938	2.2310307203822e-06	c10
HLA-DMA	0.000375091147903296	0.0744760786030891	26.3507109004739	23.4699962728289	0.00408214507023697	c10
HLA-DOA	0.00218363943627333	0.0229780140305586	3.3175355450237	1.99403652627656	0.0182298184256179	c10
HLA-DPA1	3.6012675550795e-38	0.367905026576659	77.914691943128	60.4099888184868	8.36835234488613e-36	c10
HLA-DPB1	2.29024129262389e-84	0.539574144302593	84.0758293838863	59.7651882221394	2.08560513820728e-81	c10
TAPBP	2.99895611369492e-10	0.115605374176944	71.8483412322275	71.5989563920984	1.21450513575525e-08	c10
PACSIN1	2.49239198241744e-19	0.0439981827542041	4.36018957345972	1.18151323145732	2.32627854447571e-17	c10
ENPP4	0.000562299443759017	0.0334982601777742	5.59241706161137	3.65635482668654	0.00579214841272281	c10
ENPP5	5.32872188899766e-05	0.0202136833365701	2.55924170616114	1.17778606038017	0.000749357075658961	c10
TFAP2D	0.00730612681541376	0.0011153294109266	0.0947867298578199	0.00745434215430488	0.0496215756739672	c10
MYO6	0.000462931030118484	0.037278508108365	5.78199052132701	3.79426015654119	0.00490811772461051	c10
PNRC1	1.07052946372334e-46	0.284810525482579	95.3554502369668	93.2650018635855	3.16407190795563e-44	c10
PRDM1	8.8891179034031e-05	0.1061066731796	36.8720379146919	34.3458814759597	0.00117963741093842	c10
AIM1	3.10930929076076e-07	0.120032964772589	36.3981042654028	32.6015654118524	7.82412750133631e-06	c10
FYN	1.38116565300383e-72	0.446501712106	76.5876777251185	63.7122623928438	8.94942221390598e-70	c10
THEMIS	0.00104621408667191	0.0844515052726638	30.521327014218	29.3477450614983	0.00976756371192116	c10
SAMD3	2.75517522386562e-106	0.474224806942174	53.8388625592417	27.9165113678718	2.99460883848156e-103	c10
VNN2	2.51920605508758e-13	0.0853185064014975	11.8483412322275	6.48527767424525	1.42419679228391e-11	c10
RP1-55C23.7	4.58875219796302e-07	0.00116298292035635	0.0947867298578199	0	1.08806063728477e-05	c10
IFNGR1	2.23848976812829e-51	0.284946644516605	36.0189573459716	20.219903093552	7.69629329054229e-49	c10
NHSL1	0.00730138719208518	0.00113079132623556	0.0947867298578199	0.00745434215430488	0.0496215756739672	c10
UTRN	2.14250759921663e-17	0.191293088895637	39.5260663507109	32.5866567275438	1.75217599631081e-15	c10
LUADT1	4.58875219796302e-07	0.00143900836911502	0.0947867298578199	0	1.08806063728477e-05	c10
PLEKHG1	0.00271091417626495	0.0220060220900425	3.41232227488152	2.08721580320537	0.0219254782177319	c10
SYNE1	1.02099952851248e-24	0.218624384492556	40.2843601895735	30.56280283265	1.30308932248862e-22	c10
SYNE1-AS1	4.58875219796302e-07	0.00128216539416228	0.0947867298578199	0	1.08806063728477e-05	c10
SYTL3	9.61754473254452e-13	0.162106587487279	32.7014218009479	26.4890048453224	5.14370717806913e-11	c10
TAGAP	2.24575378876233e-22	0.263808757211021	70.1421800947867	64.2340663436452	2.54775852385717e-20	c10
CYTH3	7.1930385044291e-32	0.102789566309379	10.7109004739336	3.70853522176668	1.28233989083722e-29	c10
AC011288.2	0.0071719995055983	0.0021882835602557	0.18957345971564	0.0298173686172195	0.0492728639609786	c10
MPP6	0.000126915160847871	0.0353123137946948	5.30805687203791	3.24636600819978	0.00160340436055799	c10
CYCS	1.43455976748116e-07	0.107438687049799	52.3222748815166	52.3108460678345	3.83315279980257e-06	c10
SKAP2	1.48718942730152e-07	0.0782940203335464	14.0284360189573	9.75400670890794	3.95808535256695e-06	c10
HOXA10	3.86895856617248e-09	0.00781360774490407	0.663507109004739	0.0782705926202013	1.34392463843934e-07	c10
CHN2	2.24203417749862e-06	0.0428544361225765	5.87677725118483	3.29109206112561	4.5372425889428e-05	c10
HERPUD2	3.61250355282849e-05	0.101095219490149	39.4312796208531	39.2023853894894	0.000535738092909344	c10
AOAH	1.07495603260773e-192	0.5848950872252	56.1137440758294	21.2336936265375	2.78612065866807e-189	c10
TRGC2	2.1666568201169e-14	0.0967324203903964	12.7962085308057	6.98844576966083	1.37482739919056e-12	c10
TRGC1	6.36339857848022e-10	0.046283580464317	5.97156398104265	2.78419679463287	2.49312036864317e-08	c10
TRGV11	8.92274356081259e-11	0.012686157712311	1.04265402843602	0.156541185240403	3.8494612232781e-09	c10
TRGV10	7.0859150165813e-05	0.0675827076458178	13.4597156398104	9.91800223630265	0.000963878968787607	c10
TRGV8	1.87119686207505e-37	0.121150424211232	10.3317535545024	3.13827804696236	4.14790178097084e-35	c10
TRGV7	1.56458742390484e-12	0.0614298876681176	7.77251184834123	3.63399180022363	8.1986327622161e-11	c10
TRG-AS1	0.000240787113326789	0.0798424780677101	20.6635071090047	17.6220648527767	0.00280244594004588	c10
TRGV5	8.48033896884597e-07	0.0677656995676856	9.09952606635071	5.73984345881476	1.88854290294974e-05	c10
TRGV4	2.46412093078624e-26	0.120265768485192	10.4265402843602	3.92843831531867	3.40270863286523e-24	c10
TRGV3	0.00247190534873271	0.0717960087209582	12.4170616113744	10.1490868430861	0.0202598829531014	c10
TRGV2	1.49997425148461e-25	0.145874279345464	12.7962085308057	5.45285128587402	1.98196597762833e-23	c10
STK17A	3.83422023614871e-27	0.246084985583116	85.3080568720379	80.3801714498696	5.52094942892284e-25	c10
COA1	3.6085759701848e-10	0.138033379335992	32.2274881516588	27.1449869549012	1.4457474285304e-08	c10
AUTS2	1.49210209050466e-08	0.053186288929993	7.20379146919431	3.85016772269847	4.80639463073268e-07	c10
SEMA3C	0.000613118108910572	0.00160660501347328	0.0947867298578199	0.00372717107715244	0.00616720159820489	c10
NPTX2	0.00730138719208518	0.00103159406415019	0.0947867298578199	0.00745434215430488	0.0496215756739672	c10
GS1-259H13.13	0.00730612681541376	0.0012046378676178	0.0947867298578199	0.00745434215430488	0.0496215756739672	c10
CYP3A5	0.00454769093451208	0.013156789242309	1.61137440758294	0.80879612374208	0.0339004199883739	c10
LAMTOR4	8.50071328720753e-06	0.0569898675205915	63.3175355450237	66.2541930674618	0.00014825208773249	c10
PVRIG	4.48240665544357e-11	0.0688574897265409	9.28909952606635	4.97204621692136	2.00305318101479e-09	c10
PILRB	3.20843853963752e-35	0.190882947626636	24.4549763033175	12.7059262020127	6.71460423320165e-33	c10
SH2B2	0.000270460795967051	0.0110333230751407	1.32701421800948	0.499440924338427	0.00309752075435548	c10
RP11-325F22.2	0.00290861489206276	0.0702664132228974	20.0947867298578	18.0208721580321	0.0232841221604093	c10
ATXN7L1	9.12026034887906e-05	0.0736783161511583	15.7345971563981	12.6984718598584	0.00120603631159785	c10
CDHR3	1.86075987236529e-19	0.0683483784426973	7.10900473933649	2.56802087215803	1.75129729439878e-17	c10
PIK3CG	0.00134103444201616	0.0544944219897656	11.1848341232227	8.8483041371599	0.0120236334457936	c10
ASB15	0.00730612681541376	0.00103391939438935	0.0947867298578199	0.00745434215430488	0.0496215756739672	c10
LINC-PINT	1.79713737402864e-06	0.114459543898073	42.1800947867299	41.002609019754	3.74475860732969e-05	c10
TRBV6-2	4.22265572977571e-05	0.0482102564553783	3.98104265402844	2.10212448751398	0.000613532393958874	c10
TRBV14	4.89986582856493e-05	0.0557609980901985	4.54976303317536	2.52702199030935	0.00069955965774435	c10
TRBV19	6.22167666221046e-05	0.10058478505419	7.67772511848341	5.01677226984719	0.000859152350231636	c10
TRBV20-1	0.00281560194445508	0.0984412829933232	14.1232227488152	11.1106969809914	0.0226742093490606	c10
TRBV27	0.00631702910337217	0.0440699245537784	5.49763033175355	3.84644055162132	0.0445937520655818	c10
TRBC2	1.6105307701761e-06	0.102206282987652	73.175355450237	74.9235929929184	3.3921765032927e-05	c10
EPHA1	5.45080551782253e-05	0.0640242073656824	15.3554502369668	11.8673127096534	0.000764331987978963	c10
GIMAP7	6.92431027924559e-13	0.184975068352528	81.7061611374408	76.5710026090198	3.77520567231231e-11	c10
GIMAP4	9.77815147742597e-36	0.305409101485823	80.4739336492891	72.3816623183004	2.0912714558844e-33	c10
GIMAP2	0.002807158954654	0.0695217093107403	37.7251184834123	38.434588147596	0.0226116217590514	c10
SMARCD3	1.94530370749675e-07	0.0684649710669232	10.4265402843602	6.61572866194558	5.06922375254412e-06	c10
VIPR2	1.50613039650616e-66	0.0824714249501917	6.82464454976303	0.972791651136787	8.31927173440635e-64	c10
CD99	6.9845754437938e-05	0.085194787219786	89.3838862559242	88.2705926202013	0.000950514212837259	c10
RP11-1M18.1	0.00730138719208518	0.00109663316647826	0.0947867298578199	0.00745434215430488	0.0496215756739672	c10
RAB9A	6.47265861072987e-08	0.11360399864402	26.4454976303318	22.0573984345881	1.86083412312229e-06	c10
OFD1	0.000110851308871784	0.0906868813903099	33.7440758293839	32.6202012672382	0.00142667074145374	c10
RP6-99M1.3	0.000613118108910572	0.00108434765161448	0.0947867298578199	0.00372717107715244	0.00616720159820489	c10
ZNF674	0.00602312731404872	0.0139676156720494	1.8957345971564	1.02497204621692	0.0428150320083455	c10
USP11	1.86721983247813e-06	0.0948487961813864	22.5592417061611	18.6470368989937	3.87163723295497e-05	c10
RP3-339A18.6	0.00730138719208518	0.00103507013831805	0.0947867298578199	0.00745434215430488	0.0496215756739672	c10
ITM2A	0.000322831958981047	0.0710100386782122	68.2464454976303	66.455460305628	0.00359824678329718	c10
TSC22D3	7.01182293508752e-06	0.138058048581303	95.260663507109	94.0216175922475	0.000124805262532931	c10
SH2D1A	1.83237004214373e-111	0.533313488323119	67.7725118483412	42.7581065970928	2.12896124827555e-108	c10
XX-FW81066F1.2	4.58875219796302e-07	0.00107497492604004	0.0947867298578199	0	1.08806063728477e-05	c10
FLNA	2.43897362527773e-05	0.0929495928291049	49.478672985782	49.9105478941483	0.000377486345108443	c10
GAB3	5.41122200107888e-05	0.0581445972297449	11.6587677725118	8.55385762206485	0.000760007145078582	c10
PPP3CC	1.80562766122976e-09	0.132096063222657	42.1800947867299	39.3365635482669	6.62732226769886e-08	c10
NKX3-1	0.00548994166270838	0.00518580623329275	0.568720379146919	0.18263138278047	0.0396523246266444	c10
ADAM28	3.39330882494505e-06	0.0225332080200167	2.55924170616114	1.04733507267984	6.56338390055674e-05	c10
NUGGC	0.00025567251207331	0.0329841106630503	4.83412322274881	2.95564666418189	0.00294920562197812	c10
KIF13B	0.00179978454744332	0.0511013501383924	11.2796208530806	8.99366380916884	0.0154383759016179	c10
SARAF	2.80358223562675e-08	0.093049559448489	99.4312796208531	98.90048453224	8.60326956714095e-07	c10
EIF4EBP1	1.35969694369074e-05	0.0880063341253367	19.1469194312796	15.5311218784942	0.000224576611866254	c10
CTA-397H3.3	0.000613118108910572	0.00186459199394209	0.0947867298578199	0.00372717107715244	0.00616720159820489	c10
TOX	1.64196713559753e-05	0.0897158286838582	29.0995260663507	24.7223257547521	0.000265472364044257	c10
ADHFE1	3.93771915316835e-05	0.0450030448776839	7.29857819905213	4.70741707044353	0.000578115508265161	c10
MYBL1	2.99386115825646e-05	0.0554716568664321	12.7962085308057	9.24711144241521	0.000455007477971552	c10
CPA6	0.00730138719208518	0.00133126995761218	0.0947867298578199	0.00745434215430488	0.0496215756739672	c10
NCOA2	2.08181506305377e-09	0.103223459114397	20	14.6552366753634	7.54243835855203e-08	c10
CA3	0.00165533874458914	0.00246464671060326	0.18957345971564	0.0223630264629146	0.0143269929771863	c10
CNBD1	0.00730612681541376	0.00108756440465216	0.0947867298578199	0.00745434215430488	0.0496215756739672	c10
OTUD6B-AS1	4.16634162180369e-07	0.109147900979466	32.7962085308057	29.7204621692136	1.02208266733291e-05	c10
RP11-10N23.4	0.00730612681541376	0.00105411410235121	0.0947867298578199	0.00745434215430488	0.0496215756739672	c10
RP11-320N21.1	0.000613118108910572	0.00126987290736143	0.0947867298578199	0.00372717107715244	0.00616720159820489	c10
RNF19A	7.04138421535412e-17	0.199462646317309	53.0805687203791	47.4468878121506	5.45407815522165e-15	c10
FBXO32	0.000209788915083669	0.0851525065511992	25.3080568720379	22.3332090942974	0.00248807733362519	c10
RP11-532M24.1	0.0037376121869969	0.00175974949248569	0.18957345971564	0.0260901975400671	0.0286802789862613	c10
LINC00861	2.2684862997394e-17	0.20312750616282	51.1848341232227	42.9519194931047	1.8462409995995e-15	c10
RP11-89K10.1	0.000359420621594972	0.0228116761644191	3.69668246445498	2.09839731643682	0.00393703459818627	c10
CCAT2	0.00730138719208518	0.00119115161665792	0.0947867298578199	0.00745434215430488	0.0496215756739672	c10
FOXH1	4.58875219796302e-07	0.00126862599023263	0.0947867298578199	0	1.08806063728477e-05	c10
INSL6	0.00373014813848073	0.0023417101214271	0.18957345971564	0.0260901975400671	0.0286638844481471	c10
RP11-307L3.4	0.00373313213044097	0.00203728273022124	0.18957345971564	0.0260901975400671	0.0286638844481471	c10
TTC39B	5.59474394284676e-06	0.0789125587352994	16.6824644549763	12.9668281774133	0.000101896920221772	c10
BNC2	0.000116526516691249	0.00327056419000631	0.28436018957346	0.033544539694372	0.00149132227310378	c10
MLLT3	4.26599548006702e-06	0.109966398170405	29.2890995260664	26.11256056653	8.03662140505841e-05	c10
B4GALT1	3.21787018390811e-09	0.128467881897	31.6587677725118	26.8803578084234	1.13267441248791e-07	c10
PAX5	0.00730138719208518	0.00108603874720791	0.0947867298578199	0.00745434215430488	0.0496215756739672	c10
RP11-15E1.5	4.58875219796302e-07	0.00099242418608067	0.0947867298578199	0	1.08806063728477e-05	c10
TMEM2	6.92788900566588e-29	0.277524559105867	54.1232227488152	44.5546030562803	1.11156329598527e-26	c10
AGTPBP1	7.02824091867255e-08	0.079351220231628	12.7962085308057	8.57622064852777	2.00346488590315e-06	c10
RP11-305L7.7	0.00373014813848073	0.00201929132215274	0.18957345971564	0.0260901975400671	0.0286638844481471	c10
FOXE1	0.00730612681541376	0.00107803280420497	0.0947867298578199	0.00745434215430488	0.0496215756739672	c10
NR4A3	0.00172891510692079	0.0297370127601985	5.59241706161137	3.78307864330973	0.014879710245872	c10
RP11-235C23.5	0.00355265459228953	0.00365308611382022	0.37914691943128	0.0894521058516586	0.0275369551029684	c10
AKNA	3.72788654016352e-22	0.216762663006972	50.3317535545024	42.713380544167	4.1591857312672e-20	c10
ASTN2-AS1	4.58875219796302e-07	0.00148132638495322	0.0947867298578199	0	1.08806063728477e-05	c10
STOM	4.53386123130504e-14	0.163977076475489	46.3507109004739	39.5191949310473	2.77752582413804e-12	c10
MIR181A2HG	2.7262065699582e-10	0.0158679122677108	1.4218009478673	0.286992172940738	1.1120678470723e-08	c10
ARPC5L	8.01065116439551e-18	0.186842239890547	54.3127962085308	50.0894521058517	6.73094464671178e-16	c10
MVB12B	2.08938155290765e-06	0.0545821887208478	9.66824644549763	6.26910175177041	4.26405948174866e-05	c10
TTC16	1.13061200115315e-11	0.0562230924684896	7.29857819905213	3.45508758852031	5.37303818996533e-10	c10
RPL7A	6.52385010125412e-07	0.0637969608983169	100	99.9552739470742	1.4912795475689e-05	c10
RP11-83N9.6	0.000613718375935804	0.000751199942811508	0.0947867298578199	0.00372717107715244	0.00616720159820489	c10
C9orf142	0.000817729211118273	0.0531116205804907	67.1090047393365	68.5464032799105	0.00790604534847032	c10
SIGIRR	5.2060569471698e-06	0.0828495917133731	51.0900473933649	52.1095788296683	9.54988493305736e-05	c10
RPLP2	1.25291867926725e-05	0.0770127492688406	100	99.9590011181513	0.000209273607737334	c10
DUSP8	0.00353807828289627	0.012983572569811	1.80094786729858	0.920611256056653	0.0274555526632674	c10
CD81	6.4428073803615e-13	0.114802008153711	20.3791469194313	13.715989563921	3.51837847445543e-11	c10
RPL27A	1.4795523434151e-22	0.164982035726073	96.1137440758294	96.11256056653	1.69564750540913e-20	c10
DKK3	2.0733538316494e-178	0.282207592565237	20.9478672985782	3.44763324636601	4.36622400022467e-175	c10
NUCB2	3.80973797302445e-25	0.216147297501308	43.7914691943128	32.4785687663064	4.95618962405737e-23	c10
RP11-428C19.4	2.07258329532778e-08	0.0104192173907395	0.947867298578199	0.16772269847186	6.53872860981031e-07	c10
RP11-428C19.5	4.58875219796302e-07	0.00110430137790078	0.0947867298578199	0	1.08806063728477e-05	c10
CD44	5.58355486456151e-14	0.159909497511287	85.4028436018957	84.0663436451733	3.37759959796293e-12	c10
PRR5L	3.82737189130567e-07	0.0761762192102101	13.4597156398104	9.35519940365263	9.44758011030428e-06	c10
TP53I11	3.60731291026356e-06	0.0556312712943921	9.57345971563981	6.29519194931047	6.91381121720253e-05	c10
DGKZ	0.0002383156140708	0.0839628471614107	33.0805687203791	32.0760342899739	0.00277847968875486	c10
MS4A1	6.79980010576489e-111	0.245742891694515	22.4644549763033	5.73984345881476	7.63708215878807e-108	c10
TMEM109	9.71639353265438e-11	0.13557911735975	39.4312796208531	34.7335072679836	4.17581841440379e-09	c10
AHNAK	6.0879747583617e-12	0.172941843311217	65.6872037914692	61.979127841968	2.99457257676262e-10	c10
METTL12	0.00117593872052079	0.0658594379512556	18.1042654028436	15.6168468132687	0.0107386778239002	c10
RARRES3	2.81809031626053e-47	0.332608689816586	92.8909952606635	86.3473723443906	8.47792277822163e-45	c10
PLA2G16	2.24083395536408e-05	0.0866924252579069	22.9383886255924	19.3812896011927	0.000350035509003419	c10
PPP1R14B	7.40803483895128e-07	0.115073829765295	23.9810426540284	18.9377562430116	1.67296465056049e-05	c10
TRMT112	5.54405224988897e-06	0.0600306656560099	72.3222748815166	75.1323145732389	0.000101082952655714	c10
FAU	1.18406825859169e-06	0.0493657668360825	99.9052132701422	99.9366380916884	2.56071860750889e-05	c10
NEAT1	1.02202083788571e-07	0.122508759374612	62.654028436019	62.0462169213567	2.82262050096074e-06	c10
MALAT1	2.26385923175767e-53	0.269258696063567	100	99.9739098024599	8.20198633923044e-51	c10
SIPA1	2.84994583777902e-06	0.0974026804815851	23.3175355450237	19.7092806559821	5.62542911881232e-05	c10
CTSW	4.70281760187301e-98	0.643408336224674	82.085308056872	51.2113306000745	4.80171928113664e-95	c10
GSTP1	2.14518104796316e-15	0.169262672384916	55.3554502369668	49.9552739470742	1.45725262560627e-13	c10
RP5-901A4.1	0.000613718375935804	0.000992771960222124	0.0947867298578199	0.00372717107715244	0.00616720159820489	c10
RPS3	1.28603165876606e-11	0.107870851935273	100	99.9925456578457	6.07735634087849e-10	c10
CTD-2530H12.4	0.000613718375935804	0.000973168085563747	0.0947867298578199	0.00372717107715244	0.00616720159820489	c10
WNT11	0.00730138719208518	0.00120183836145885	0.0947867298578199	0.00745434215430488	0.0496215756739672	c10
PDGFD	2.13717144497659e-18	0.0463914431961917	4.64454976303318	1.35669027208349	1.91007572061117e-16	c10
ATM	1.86495971130159e-21	0.21963254058808	50.3317535545024	42.9370108087961	2.03359069620051e-19	c10
USP28	5.25046872463865e-18	0.107196164441891	13.6492890995261	7.05553484904957	4.50150873302734e-16	c10
CADM1	4.81908721712917e-06	0.0267796981366772	3.50710900473934	1.65859112933284	8.94677621580477e-05	c10
IL10RA	5.59195365703157e-21	0.220313476789743	55.8293838862559	49.168840849795	5.9436998902215e-19	c10
CD3E	2.96876957419047e-06	0.060141591601262	99.2417061611374	98.9675736116288	5.82245180633141e-05	c10
DDX6	5.18245425737684e-06	0.105841678576554	40.0947867298578	39.2732016399553	9.51594625330001e-05	c10
CXCR5	1.30175257568329e-29	0.127994204237495	13.4597156398104	5.53484904957138	2.12918695558605e-27	c10
RPS25	2.46182871477169e-11	0.0914973367244105	99.9052132701422	99.9701826313828	1.12549330685912e-09	c10
H2AFX	0.00277697670274071	0.06296732339725	17.7251184834123	15.5273947074171	0.0223952735811741	c10
CRTAM	7.05794940007878e-274	0.746713226207043	56.4928909952607	16.7909057025717	2.97263183857818e-270	c10
RP11-712L6.7	0.00730138719208518	0.00104838209128004	0.0947867298578199	0.00745434215430488	0.0496215756739672	c10
RP11-469N6.1	0.00414012505898204	0.00393174036565001	0.28436018957346	0.0559075661572866	0.0313715698899881	c10
SFMBT2	8.670630522669e-06	0.0637119903875846	12.0379146919431	8.56876630637346	0.000151061523384448	c10
ST8SIA6	0.00689548164135581	0.00946590068036998	1.13744075829384	0.518076779724189	0.0477272716565001	c10
DNAJC1	0.00288320992117552	0.0706272733274477	34.7867298578199	35.3447633246366	0.0231223886737389	c10
PIP4K2A	4.9234269129064e-08	0.10284489526966	18.6729857819905	14.1147968691763	1.45220602735379e-06	c10
RP13-16H11.5	0.000613118108910572	0.00108263223534023	0.0947867298578199	0.00372717107715244	0.00616720159820489	c10
MAP3K8	8.41619465160616e-35	0.212824327373958	26.1611374407583	13.9433469996273	1.73135457264623e-32	c10
SRGN	1.11510221522034e-39	0.314735146252903	98.5781990521327	95.3857622064853	2.72262710432131e-37	c10
H2AFY2	0.00549575023871237	0.0156466049467716	2.08530805687204	1.15542303391726	0.0396857712265698	c10
PRF1	6.9692462135876e-12	0.147659306760811	41.3270142180095	33.2202758106597	3.39337835145405e-10	c10
SEC24C	3.72332894523452e-07	0.0840354135165389	17.8199052132701	13.4699962728289	9.21478717831562e-06	c10
CDHR1	2.656305072564e-11	0.0178517966448661	1.80094786729858	0.398807305255311	1.2045968117762e-09	c10
CCSER2	8.6178923441222e-09	0.134682799334644	38.957345971564	35.6392098397316	2.86928127117444e-07	c10
PDLIM1	4.3997234547872e-30	0.0848166374177043	8.90995260663507	2.84010436079016	7.26687657282352e-28	c10
ITPRIP	1.73624548143544e-07	0.0807152474249119	13.4597156398104	9.31420052180395	4.5561569510503e-06	c10
PDCD4	1.72473837132703e-06	0.0933062320435312	57.5355450236967	58.4979500559076	3.61176722706606e-05	c10
TCF7L2	4.24622694407334e-05	0.018475897659969	2.27488151658768	0.983973164368245	0.000616628484278816	c10
FAM160B1	1.02592327538354e-08	0.113014264340536	20	15.0354081252329	3.37902823467968e-07	c10
CTBP2	0.00571297422122364	0.00557931341427362	0.4739336492891	0.13790532985464	0.0409124236790456	c10
NINJ2	0.00116285796850968	0.0760780331005067	19.3364928909953	16.9176295191949	0.0106665857075264	c10
WNK1	4.72429564427058e-07	0.11312935227926	41.2322274881517	39.3291092061126	1.11784001009869e-05	c10
CACNA1C-AS1	0.00265654466039558	0.0196499839915183	3.03317535545024	1.79276928811032	0.0215814146951486	c10
CD27	0.000259816548872652	0.0746080351965608	68.1516587677725	66.3883712262393	0.00298882171311545	c10
RP11-266K4.13	2.1869955247885e-05	0.00199344636367114	0.18957345971564	0.0111815132314573	0.000343056923706814	c10
KLRG1	5.83729000838026e-172	0.671079846337935	56.303317535545	23.9694371971674	1.09267583079091e-168	c10
A2M-AS1	7.56285839266053e-06	0.0249915888694534	3.03317535545024	1.3790532985464	0.000133625039686578	c10
PZP	0.00010350741401435	0.0053132160412829	0.568720379146919	0.119269474468878	0.00134603581929738	c10
LINC00987	0.00250429571215009	0.0167422765987249	2.3696682464455	1.29705553484905	0.0204904661790154	c10
CD69	4.96984600752712e-29	0.384780976690131	93.6492890995261	85.8889303019009	8.01215269749372e-27	c10
KLRF1	7.71424689731107e-20	0.0318292100457489	2.74881516587678	0.525531121878494	7.51224956526009e-18	c10
CLEC2B	7.63911217319898e-67	0.451985308572953	74.0284360189574	54.9720462169214	4.36258043328418e-64	c10
KLRK1	3.72979478590289e-06	0.0585776865620256	10.4265402843602	7.0219903093552	7.12828732366489e-05	c10
KLRC3	5.10016194028568e-12	0.0706735701827772	8.72037914691943	4.31979127841968	2.53458490289065e-10	c10
YBX3	4.58278163095542e-14	0.0796625870812398	10.0473933649289	5.02422661200149	2.80240007755738e-12	c10
TAS2R9	4.58875219796302e-07	0.00129192435650692	0.0947867298578199	0	1.08806063728477e-05	c10
GPRC5A	0.00730138719208518	0.00107182599285839	0.0947867298578199	0.00745434215430488	0.0496215756739672	c10
RP11-134N1.2	0.000128690934461586	0.0172054051738563	2.08530805687204	0.920611256056653	0.00162340409799651	c10
ATF7IP	0.00017831838143819	0.087021548136697	31.7535545023697	30.1528140141632	0.00215504287811276	c10
LRMP	0.00111129678890643	0.0590446525603052	13.2701421800948	10.8348863212821	0.0102755307369411	c10
DENND5B	0.0037256762156831	0.00238374836897764	0.18957345971564	0.0260901975400671	0.0286638844481471	c10
RP11-428G5.5	2.32913092599513e-07	0.0121728936554865	1.23222748815166	0.298173686172195	5.99252572198922e-06	c10
KIAA1551	1.64602082509322e-24	0.243085764534281	72.0379146919431	66.7946328736489	2.06174816656843e-22	c10
RP11-313F23.4	7.98099649641171e-08	0.00426301454589999	0.37914691943128	0.0298173686172195	2.24093079958413e-06	c10
KIF21A	6.32508745261181e-08	0.0934526862792271	17.0616113744076	12.4822959373835	1.82319971803692e-06	c10
LRRK2	0.00716434042226312	0.00216509872170061	0.18957345971564	0.0298173686172195	0.0492442444283422	c10
SLC38A1	6.75699301355699e-05	0.0861908954315801	46.0663507109005	46.723816623183	0.000923611045025514	c10
SMAGP	4.5011334874102e-08	0.0509588982942334	7.77251184834123	4.36451733134551	1.33622195352246e-06	c10
BIN2	0.00153070747365121	0.0581426864439349	48.5308056872038	50.4248975027954	0.0134346594470445	c10
ITGA5	0.00010512400349649	0.059330448599664	13.175355450237	10.1043607901603	0.00136289157208764	c10
GTSF1	0.000119620802159727	0.0407028216016857	7.58293838862559	5.08386134923593	0.00152555007871682	c10
RPL41	3.72498803365044e-22	0.170341756745812	99.9052132701422	99.9068207230712	4.1591857312672e-20	c10
RP11-571M6.18	0.00730138719208518	0.00112509570512809	0.0947867298578199	0.00745434215430488	0.0496215756739672	c10
DPY19L2	8.50665004437148e-05	0.0163736615657579	1.80094786729858	0.730525531121879	0.00113556406766749	c10
IFNG-AS1	5.10121703647978e-55	0.238836111359304	27.1090047393365	11.930674617965	1.90978229807944e-52	c10
RP11-81H14.2	0.00141198052655208	0.0200989076980141	2.8436018957346	1.59522922102124	0.0125561551495502	c10
RP11-588G21.2	0.00373462493997049	0.00189258484675578	0.18957345971564	0.0260901975400671	0.0286638844481471	c10
DUSP6	0.00654756845654251	0.03399302776771	6.72985781990521	4.99440924338427	0.0459133759780944	c10
BTG1	8.03808897369652e-49	0.241541480240244	100	99.8583674990682	2.48472816403423e-46	c10
RP11-1060G2.2	0.000613118108910572	0.00119250112764459	0.0947867298578199	0.00372717107715244	0.00616720159820489	c10
MYBPC1	0.00730138719208518	0.00127477893795492	0.0947867298578199	0.00745434215430488	0.0496215756739672	c10
CHPT1	1.8596992285967e-12	0.0970971642795195	14.6919431279621	8.96757361162877	9.66986200745942e-11	c10
MYO1H	0.000613118108910572	0.00119574574841006	0.0947867298578199	0.00372717107715244	0.00616720159820489	c10
RP3-473L9.4	0.000613118108910572	0.00111295301930714	0.0947867298578199	0.00372717107715244	0.00616720159820489	c10
RP11-240G22.5	0.000613718375935804	0.000545146554449518	0.0947867298578199	0.00372717107715244	0.00616720159820489	c10
LINC00944	0.000403982578076609	0.043125492536714	8.15165876777251	5.75475214312337	0.00435577247542825	c10
SLC15A4	5.96881826084417e-07	0.043144186251461	5.87677725118483	3.18300409988818	1.38032506850298e-05	c10
RP13-820C6.2	0.000613118108910572	0.00104520784147274	0.0947867298578199	0.00372717107715244	0.00616720159820489	c10
UBL3	1.48824859129884e-05	0.0869422543131337	24.5497630331754	21.0808796123742	0.000242833162398175	c10
LINC00384	1.87240486820343e-10	0.0169726332456966	1.51658767772512	0.316809541557958	7.76955783611408e-09	c10
RP11-427J23.1	0.000613118108910572	0.00122364727092317	0.0947867298578199	0.00372717107715244	0.00616720159820489	c10
RP11-248G5.9	4.58875219796302e-07	0.00106557780405587	0.0947867298578199	0	1.08806063728477e-05	c10
KLF12	1.63583941696272e-06	0.0932426425897837	22.3696682464455	18.3227730152814	3.43628262563228e-05	c10
LINC00402	1.68974175044402e-13	0.109974826606914	16.3981042654028	10.0074543421543	9.74899974990768e-12	c10
LINC00381	0.00165308320484141	0.00273739109233825	0.18957345971564	0.0223630264629146	0.0143185052709322	c10
SPRY2	5.99596683993198e-05	0.0182484039615462	2.08530805687204	0.883339545285128	0.000832076222012637	c10
GPR183	8.06101634168078e-05	0.0947986402987891	43.9810426540284	39.5080134178159	0.00108339802399917	c10
TRAV3	0.00541731051612031	0.0473398929497064	6.72985781990521	4.8825941110697	0.0392286397013019	c10
TRAV12-1	3.54451995868802e-09	0.0996783693879151	9.95260663507109	5.69139023481178	1.23760679262212e-07	c10
TRAV19	0.000384329237075123	0.0648765980586297	10.6161137440758	7.67797241893403	0.00417190377384317	c10
TRAV20	2.30522930457005e-08	0.0737062182268845	6.44549763033175	3.27245620573984	7.15874619245928e-07	c10
TRAV21	2.16452385237918e-06	0.0910705857296999	8.43601895734597	5.14722325754752	4.39876156104127e-05	c10
TRDV1	1.00248696319974e-21	0.142229148658533	9.57345971563981	3.77562430115542	1.10384953392326e-19	c10
TRAV24	0.00544486980886415	0.028664952462205	3.03317535545024	1.85613119642192	0.0393943404208436	c10
TRDV3	0.001934843606552	0.0112548197891498	0.853080568720379	0.301900857249348	0.0164305611568035	c10
FAM177A1	2.58177570830563e-06	0.116670309292342	41.5165876777251	40.7156168468133	5.15651160140189e-05	c10
INSM2	4.58875219796302e-07	0.00151590129744836	0.0947867298578199	0	1.08806063728477e-05	c10
RALGAPA1	1.41519508266957e-07	0.117290523559463	30.6161137440758	27.018263138278	3.79948869445964e-06	c10
CTD-3028N15.1	0.000613118108910572	0.00121246470714661	0.0947867298578199	0.00372717107715244	0.00616720159820489	c10
RPS29	7.24334284889456e-48	0.205906171361873	99.9052132701422	99.7241893402907	2.1987134590149e-45	c10
RPL36AL	0.00246273670038915	0.0212954515478159	96.303317535545	97.7077897875512	0.02020439502871	c10
MAP4K5	0.00574207154405777	0.0460394116253351	12.5118483412322	10.4770778978755	0.0410684267895314	c10
NIN	5.61824311430103e-10	0.140218738625698	31.7535545023697	27.2158032053671	2.21923896240632e-08	c10
PTGDR	4.74073129801701e-56	0.201688772484439	21.5165876777251	8.19232202758107	1.85737442273704e-53	c10
PRKCH	1.8354801425027e-20	0.197755090733395	59.7156398104265	54.9981364144614	1.88550816833798e-18	c10
RBM25	0.0015086523596833	0.0652189324432125	48.0568720379147	49.0831159150205	0.0132722017251094	c10
SAMD15	2.18371833447493e-05	0.00230067549432945	0.18957345971564	0.0111815132314573	0.000342702401312521	c10
CCDC88C	0.000615346082895014	0.0801455885303591	34.3127962085308	33.715989563921	0.00618051064331619	c10
TC2N	2.45033410887458e-46	0.353407905751904	63.8862559241706	51.1554230339173	7.11737564348449e-44	c10
LINC00239	0.0023051347661109	0.0514487619448606	11.2796208530806	9.01975400670891	0.0190833441791992	c10
PPP2R5C	3.2220859356409e-55	0.380948941570493	70.3317535545024	56.8803578084234	1.21983105073578e-52	c10
PPP1R13B	0.00460498110099665	0.0224690442424875	3.7914691943128	2.44875139768915	0.0342668359578138	c10
IGHV1OR15-3	0.000585841165614818	0.00233246949114161	0.18957345971564	0.0186358553857622	0.00599615195450355	c10
RP11-680F8.1	0.00730138719208518	0.00114586768654539	0.0947867298578199	0.00745434215430488	0.0496215756739672	c10
OTUD7A	2.3017547490611e-05	0.0274524669465673	3.60189573459716	1.8263138278047	0.00035789259120842	c10
RP11-346D14.1	2.945590124184e-09	0.00354617837836145	0.28436018957346	0.0111815132314573	1.04582416906486e-07	c10
RP11-23P13.6	0.0063548656876032	0.0378920768634943	6.35071090047393	4.68878121505777	0.0448139063369825	c10
RP11-546B15.1	0.00169112285598598	0.00299011201458062	0.28436018957346	0.0484532240029817	0.0146066889283752	c10
PATL2	4.33809575709024e-06	0.0902656934547391	18.1042654028436	14.2564293701081	8.15213599773556e-05	c10
B2M	3.16987328966908e-26	0.102088640927842	100	100	4.32411783895182e-24	c10
SLC28A2	0.000613118108910572	0.00142661292135622	0.0947867298578199	0.00372717107715244	0.00616720159820489	c10
GABPB1-AS1	0.000452234574352735	0.0832811691278805	26.4454976303318	24.2005218039508	0.00480681127704765	c10
RP11-562A8.5	0.000585226592151643	0.00219018926908936	0.18957345971564	0.0186358553857622	0.00599350297749467	c10
RAB27A	0.00217906330765637	0.0726366663078259	35.0710900473934	34.8341408870667	0.018196123689758	c10
DPP8	0.00659798749056637	0.0601384780205158	16.3981042654028	14.6291464778233	0.046180430101193	c10
RP11-69H7.3	4.58875219796302e-07	0.000912851268809159	0.0947867298578199	0	1.08806063728477e-05	c10
CTD-2026K11.3	0.00730138719208518	0.00106526707721075	0.0947867298578199	0.00745434215430488	0.0496215756739672	c10
PSTPIP1	2.74300329639909e-07	0.107293937701621	47.39336492891	46.3734625419307	6.96478922900308e-06	c10
RP11-650L12.2	4.58875219796302e-07	0.00102837446764043	0.0947867298578199	0	1.08806063728477e-05	c10
KIAA1024	0.00165308320484141	0.00229358035118333	0.18957345971564	0.0223630264629146	0.0143185052709322	c10
BCL2A1	6.28684691078747e-05	0.0831319014299501	19.5260663507109	16.3697353708535	0.000866730850294897	c10
IL16	0.000222597106177103	0.0758518644232656	52.132701421801	53.6228102869922	0.00261878034061847	c10
ADAMTSL3	1.96459371983896e-05	0.00384942885134359	0.37914691943128	0.0484532240029817	0.00031209345024165	c10
RP11-182J1.5	1.13697905346413e-08	0.00252241046786507	0.18957345971564	0.00372717107715244	3.73385694224369e-07	c10
AKAP13	2.20355995331654e-13	0.164577339058961	56.3981042654028	54.0178904211703	1.25416805856499e-11	c10
ISG20	0.000144181865910345	0.0587905382354958	73.5545023696683	73.4550875885203	0.00179264346493844	c10
MIR9-3HG	0.000963748055053832	0.0170866352742477	2.46445497630332	1.28960119269474	0.00909533454520229	c10
MCTP2	7.74199487371099e-07	0.0625138897525084	9.95260663507109	6.42937010808796	1.73905850183212e-05	c10
SYNM	2.33479393948831e-09	0.0367399221446437	4.36018957345972	1.82258665672754	8.40475929456401e-08	c10
HAGHL	0.000133932983502363	0.0511422584083305	10.9952606635071	8.08050689526649	0.00168072176764567	c10
RP11-304L19.11	0.000613118108910572	0.00137204505626432	0.0947867298578199	0.00372717107715244	0.00616720159820489	c10
MMP25-AS1	6.53504401572216e-08	0.0984007401675557	18.8625592417062	14.230339172568	1.87458427695337e-06	c10
MTRNR2L4	0.000613718375935804	0.00110766620960794	0.0947867298578199	0.00372717107715244	0.00616720159820489	c10
LITAF	4.4861520878591e-59	0.385528150964305	72.0379146919431	59.6310100633619	1.9779059156137e-56	c10
RPS15A	4.6062940082192e-06	0.0529722792798006	99.9052132701422	99.9850913156914	8.6142997630183e-05	c10
IQCK	0.00108264898924485	0.0133633669852086	1.61137440758294	0.726798360044726	0.0100603350920066	c10
ACSM5	0.000613718375935804	0.00105302721414148	0.0947867298578199	0.00372717107715244	0.00616720159820489	c10
GGA2	0.000155207454551765	0.0823630278258901	20.0947867298578	17.3052553112188	0.0019058163169341	c10
PRKCB	0.000483985921773461	0.0802052925533371	24.6445497630332	22.5493850167723	0.00509129617490946	c10
CTD-2049O4.1	0.00730138719208518	0.00109333180564125	0.0947867298578199	0.00745434215430488	0.0496215756739672	c10
ITGAL	0.00116104198908729	0.0793403006740753	35.4502369668246	35.0838613492359	0.0106536352887547	c10
RP11-388M20.6	0.00165458658356334	0.00252470058592531	0.18957345971564	0.0223630264629146	0.0143241624734284	c10
ZNF843	0.000613118108910572	0.00129064002626133	0.0947867298578199	0.00372717107715244	0.00616720159820489	c10
RBL2	3.75302970582081e-05	0.0830333089729518	49.5734597156398	50.0298173686172	0.0005543822135376	c10
GNAO1	2.10268718409375e-07	0.039224787855951	5.40284360189573	2.75437942601565	5.4540371039919e-06	c10
HERPUD1	5.75002952353212e-21	0.23699978110874	48.1516587677725	40.7417070443533	6.09249983540539e-19	c10
NLRC5	0.000371705730974492	0.0832644801722025	31.563981042654	30.3242638837123	0.00404922499174088	c10
CTD-2600O9.2	0.00730138719208518	0.000954537304025278	0.0947867298578199	0.00745434215430488	0.0496215756739672	c10
CTD-2600O9.1	0.000613718375935804	0.000937492486495203	0.0947867298578199	0.00372717107715244	0.00616720159820489	c10
ZDHHC1	0.001914863520721	0.00362222666599383	0.37914691943128	0.0819977636973537	0.0163086754049861	c10
PSMB10	0.0055152464817644	0.0322750691971584	66.0663507109005	67.8792396571003	0.0398094933497364	c10
RP11-615I2.6	0.000585841165614818	0.00210260897590091	0.18957345971564	0.0186358553857622	0.00599615195450355	c10
GABARAPL2	2.01038001858963e-12	0.113974333954199	61.9905213270142	64.1781587774879	1.04372487436608e-10	c10
ADAT1	2.37239846831855e-06	0.0748402392148438	13.7440758293839	10.0037271710772	4.76374219258196e-05	c10
TERF2IP	6.68262253904687e-22	0.198924999657769	65.4976303317536	61.5318673127097	7.40671986285017e-20	c10
RP11-264M12.2	4.58875219796302e-07	0.00120605684413087	0.0947867298578199	0	1.08806063728477e-05	c10
RP11-70D24.3	0.00730138719208518	0.00123393936767659	0.0947867298578199	0.00745434215430488	0.0496215756739672	c10
PLCG2	1.05647574135856e-42	0.108395978951645	10.521327014218	3.00037271710772	2.76629188891367e-40	c10
RP11-483P21.2	4.58875219796302e-07	0.00120834077527571	0.0947867298578199	0	1.08806063728477e-05	c10
COTL1	1.36548267308835e-18	0.211529480895421	89.0995260663507	86.600819977637	1.23347381198496e-16	c10
C16orf74	5.21826468307871e-06	0.0290990840933513	3.98104265402844	1.9828550130451	9.56606149247303e-05	c10
KLHDC4	8.2410575242223e-07	0.0877556645985011	17.5355450236967	13.4625419306746	1.8437861369266e-05	c10
CA5A	0.00730612681541376	0.000915308284348322	0.0947867298578199	0.00745434215430488	0.0496215756739672	c10
CYBA	5.99588803678177e-18	0.180187772436398	93.7440758293839	91.9754006708908	5.08880230507116e-16	c10
OR3A2	0.00730138719208518	0.00105985866784075	0.0947867298578199	0.00745434215430488	0.0496215756739672	c10
SLC52A1	1.2883649457749e-05	0.0124180857957744	1.23222748815166	0.368989936638092	0.000214371202384886	c10
ACAP1	0.00606848224391132	0.0389779665233807	71.2796208530806	73.3917256802087	0.0431010625477125	c10
VAMP2	0.000117368181775683	0.0896698975743503	34.7867298578199	33.5147223257548	0.0015007982985768	c10
CCDC42	0.00467865149229842	0.00362090761033217	0.37914691943128	0.093179276928811	0.0347077242143336	c10
RCVRN	0.000613118108910572	0.00118002263680916	0.0947867298578199	0.00372717107715244	0.00616720159820489	c10
NCOR1	0.000479914386148517	0.0551501768561611	53.3649289099526	57.1188967573612	0.00505794035873886	c10
RASD1	7.78652889464761e-05	0.0215644764393661	2.3696682464455	1.0734252702199	0.00105027744025723	c10
WSB1	0.000716891728876277	0.0707637417750627	47.9620853080569	49.608647036899	0.00704020691132535	c10
RPL23A	1.059095547189e-42	0.191930268475471	100	99.903093551994	2.76629188891367e-40	c10
RP11-47L3.1	6.87613894928145e-05	0.0667926545695726	15.260663507109	12.0089452105852	0.000938374344905181	c10
HEATR9	0.00727868515691894	0.00872321974643927	0.853080568720379	0.346626910175177	0.0496215756739672	c10
AC015849.2	0.00147599138418916	0.00806264747389083	0.853080568720379	0.294446515095043	0.0130222711963524	c10
CCL5	8.97980168289971e-161	1.54609726542279	99.9052132701422	63.4588147595975	1.37529744501647e-157	c10
CCL3	7.3359444345382e-29	0.150960270373205	14.5023696682464	5.98956392098397	1.171456453921e-26	c10
CCL4	0	2.19467097073496	92.4170616113744	36.1647409616101	0	c10
CTB-91J4.1	0.000265159254393956	0.00341293177272265	0.28436018957346	0.0372717107715244	0.00304231107707775	c10
AC131056.3	1.1756315833774e-41	0.10425949080975	10.2369668246446	2.88855758479314	3.00088867956955e-39	c10
CCL3L3	1.08249793717671e-239	0.457243480779083	33.0805687203791	6.36600819977637	4.05263172169247e-236	c10
CCL4L2	1.33664096267939e-279	1.01221050715021	57.914691943128	16.626910175177	6.43382579950276e-276	c10
GPR179	4.58875219796302e-07	0.00109801059945059	0.0947867298578199	0	1.08806063728477e-05	c10
IKZF3	1.01644408008696e-11	0.15899362367038	50.9004739336493	46.6902720834886	4.86478222080256e-10	c10
EIF1	1.00207228846468e-09	0.069957404983779	98.957345971564	99.4521058516586	3.81943706872499e-08	c10
WNK4	0.00730138719208518	0.00114678675107188	0.0947867298578199	0.00745434215430488	0.0496215756739672	c10
ARL4D	0.00684075622026026	0.016369596489949	2.55924170616114	1.5206857994782	0.0474264280011212	c10
LINC01180	0.000613118108910572	0.00106722504783872	0.0947867298578199	0.00372717107715244	0.00616720159820489	c10
MRPL10	4.82675992392061e-29	0.219631626800157	36.303317535545	25.3000372717108	7.81888696522023e-27	c10
SCRN2	0.00187130082976089	0.0634553054167446	16.3981042654028	14.2862467387253	0.0159948275388035	c10
HOXB7	0.00442219269811383	0.0118738775442366	1.51658767772512	0.741707044353336	0.0330820072758098	c10
RP11-357H14.17	0.00160269707413613	0.0321338031793874	5.78199052132701	3.93589265747298	0.013943009350876	c10
ABI3	0.00224341187027259	0.0683847989148239	23.696682464455	21.4945956019381	0.0186640789029542	c10
NGFR	0.00190962041914792	0.00409992669516369	0.37914691943128	0.0819977636973537	0.0162728250892185	c10
FAM117A	0.00469566844237529	0.0449362451292443	9.38388625592417	7.42452478568766	0.0348033111520882	c10
BZRAP1	4.05451747580365e-09	0.0492416327413139	6.82464454976303	3.48117778606038	1.40403814830142e-07	c10
LIMD2	0.00296120971010989	0.0505285581412205	90.7109004739336	91.613865076407	0.0236209753722639	c10
ERN1	3.13836611743305e-10	0.13803438266156	33.4597156398104	27.1449869549012	1.26488167417212e-08	c10
PECAM1	2.7469764642948e-46	0.197729281848135	22.654028436019	9.79500559075661	7.84378177863974e-44	c10
DDX5	5.72264384085255e-09	0.109932732036997	90.2369668246446	90.7044353335818	1.94373751586377e-07	c10
PITPNC1	8.66574664146696e-25	0.206205309329042	37.914691943128	27.8121505777115	1.11020405831782e-22	c10
RP11-855A2.3	2.18863587496273e-05	0.00202968849142717	0.18957345971564	0.0111815132314573	0.000343154477296389	c10
TSEN54	0.00216205010352467	0.0722164977867615	26.7298578199052	25.5646664181886	0.0180854310298312	c10
SMIM6	4.58875219796302e-07	0.00128926447455625	0.0947867298578199	0	1.08806063728477e-05	c10
H3F3B	1.08064142003443e-18	0.177342678318742	99.3364928909953	98.6768542676109	9.81432129559033e-17	c10
RHBDF2	0.0060025409680383	0.0433616511981224	9.57345971563981	7.63697353708535	0.0427047329765799	c10
SRSF2	1.4407368563043e-06	0.0851022549728901	64.8341232227488	67.5102497204622	3.07068136699344e-05	c10
RNF213	7.42049215860179e-05	0.0734617268774294	68.7203791469194	69.4595601938129	0.00100466896216902	c10
ENOSF1	0.00135021510026352	0.0651692697628581	16.5876777251185	14.1669772642564	0.0120930748506855	c10
YES1	0.000208773884179955	0.0430157262692881	7.58293838862559	5.16958628401044	0.00247691100477443	c10
TGIF1	3.89859779343968e-16	0.167471158147496	32.9857819905213	24.5546030562803	2.81887025862997e-14	c10
PTPRM	1.24774750726711e-15	0.047685675208315	4.83412322274881	1.60268356317555	8.66837206388824e-14	c10
LOXHD1	0.00730612681541376	0.00110395364105802	0.0947867298578199	0.00745434215430488	0.0496215756739672	c10
RP11-120K19.4	0.00730138719208518	0.00123525261062257	0.0947867298578199	0.00745434215430488	0.0496215756739672	c10
MBP	7.58966312939803e-49	0.342864561659497	65.4028436018957	53.5557212076034	2.36783434705497e-46	c10
RP11-154H12.3	4.58875219796302e-07	0.00138795179783684	0.0947867298578199	0	1.08806063728477e-05	c10
RP4-734P14.4	0.00730138719208518	0.001278613926541	0.0947867298578199	0.00745434215430488	0.0496215756739672	c10
CDC25B	0.00277271990192719	0.0653064993401715	23.4123222748815	21.4573238911666	0.0223716533466319	c10
PLCB1	0.00117408973055478	0.0302712973288476	5.02369668246445	3.27991054789415	0.0107266213072974	c10
CST3	2.77416204860491e-05	0.020714942716092	2.8436018957346	1.32314573238912	0.000425455694427373	c10
RP4-568C11.4	0.00373462493997049	0.00195296042693647	0.18957345971564	0.0260901975400671	0.0286638844481471	c10
CST7	0	1.66276375847962	99.2417061611374	61.002609019754	0	c10
APMAP	1.65106045574525e-62	0.348721007715006	50.2369668246445	32.5158404770779	7.83532830927892e-60	c10
RP5-1184F4.5	0.00730138719208518	0.00116341387063666	0.0947867298578199	0.00745434215430488	0.0496215756739672	c10
PPP1R16B	4.34017322893414e-09	0.111614210272257	23.8862559241706	18.6023108460678	1.49680447058042e-07	c10
STK4	9.7870256516794e-14	0.138746208461566	73.6492890995261	74.8453224002982	5.77520214199099e-12	c10
SLC2A10	0.00730138719208518	0.00111610359279526	0.0947867298578199	0.00745434215430488	0.0496215756739672	c10
NFATC2	1.03763402796643e-27	0.255390464356541	55.9241706161137	46.2579202385389	1.54699296187171e-25	c10
ATP9A	2.6634007294253e-09	0.0324457175031732	3.22274881516588	1.17033171822587	9.52660553898683e-08	c10
ZNF217	0.000817563336811631	0.074722130503816	18.2938388625592	15.892657472978	0.00790604534847032	c10
CTCFL	4.58875219796302e-07	0.00125502564193618	0.0947867298578199	0	1.08806063728477e-05	c10
NELFCD	0.0043680050353633	0.0709585778497998	22.7488151658768	21.6995900111815	0.0327347779496288	c10
RP5-963E22.5	4.58875219796302e-07	0.00120939820338007	0.0947867298578199	0	1.08806063728477e-05	c10
PPDPF	8.98278855793126e-05	0.0511960138375716	94.7867298578199	95.8106597092807	0.00119019299123451	c10
GZMM	9.2669566169949e-196	0.784812157427078	85.9715639810426	57.8307864330973	2.60200696877522e-192	c10
CTB-31O20.2	0.000326730829241922	0.0544604394589109	9.95260663507109	7.34625419306746	0.00363328995395291	c10
OAZ1	2.35171956487186e-06	0.0830982406706937	95.5450236966825	95.0801341781588	4.73067695634583e-05	c10
MATK	4.31946181322846e-31	0.232974483938007	37.2511848341232	24.0439806187104	7.50205908942885e-29	c10
TUBB4A	8.60729339316425e-10	0.0206647977216001	2.27488151658768	0.65598210957883	3.30312236434256e-08	c10
TNFSF9	1.06669672718222e-71	0.206662812007473	18.5781990521327	5.53484904957138	6.78137349541091e-69	c10
RPS28	1.14146443916299e-05	0.0684129063961478	100	99.9962728289229	0.000192398713422501	c10
MYO1F	0.00122939473852854	0.0712083107606515	28.0568720379147	26.3399180022363	0.0111683004367702	c10
EIF3G	8.86650540006749e-05	0.0409595417913546	73.9336492890995	78.7215803205367	0.00117717176630204	c10
S1PR5	3.54831692704803e-45	0.0788363047856557	7.39336492890995	1.56541185240403	9.88074301983109e-43	c10
IER2	1.24558876110883e-13	0.216168099900281	54.4075829383886	48.3190458442042	7.2989335159654e-12	c10
CTB-55O6.13	0.00111044892801537	0.00633304875465291	0.663507109004739	0.193812896011927	0.0102723007088883	c10
DNAJB1	1.28704146615508e-26	0.421118927689131	86.2559241706161	77.554975773388	1.81445921174181e-24	c10
TECR	1.50463855749223e-06	0.0837811153451326	56.9668246445498	59.5266492732016	3.19655053947939e-05	c10
AC003956.1	0.00730612681541376	0.000999732798602518	0.0947867298578199	0.00745434215430488	0.0496215756739672	c10
RASAL3	0.00668339702340036	0.056165806821781	42.085308056872	43.6079016026836	0.0466522434859025	c10
LLNLR-249E10.1	0.00730612681541376	0.00111644984272098	0.0947867298578199	0.00745434215430488	0.0496215756739672	c10
KLF2	3.05317755279329e-20	0.353755023039946	72.4170616113744	58.2705926202013	3.07085864071096e-18	c10
NWD1	4.58875219796302e-07	0.00118307054303044	0.0947867298578199	0	1.08806063728477e-05	c10
LSM14A	0.00627878494309683	0.0454444995109531	42.9383886255924	45.4118524040253	0.0443617774550712	c10
GAPDHS	0.000613118108910572	0.00122360019845483	0.0947867298578199	0.00372717107715244	0.00616720159820489	c10
HCST	9.15138115897249e-83	0.451180567290351	96.3981042654028	90.1900857249348	7.70866591926047e-80	c10
ZNF565	0.00685946594164287	0.0179545331190051	2.74881516587678	1.67349981364145	0.0475268035035399	c10
ZFP36	3.42134706962713e-31	0.439829782839658	91.4691943127962	82.6761088333955	5.97299835046717e-29	c10
SERTAD1	8.11392813017622e-07	0.110979576917235	24.9289099526066	20.8460678345136	1.81775727671647e-05	c10
ARHGEF1	0.000512001142681974	0.0581136060831392	60.5687203791469	63.7346254193067	0.00535258036038673	c10
FOSB	9.82538687737214e-05	0.10182131435893	37.914691943128	35.2180395080134	0.00128665598696532	c10
RSPH6A	0.00730138719208518	0.00143615549485618	0.0947867298578199	0.00745434215430488	0.0496215756739672	c10
ARHGAP35	3.51393096302757e-05	0.0476065687414001	7.67772511848341	5.02795378307864	0.000523192177941895	c10
CD37	0.00424364550933879	0.0154187821939402	90.521327014218	93.4774506149832	0.031973477592053	c10
RPL13A	0.000857830169443142	0.0598903290752721	99.5260663507109	99.5378307864331	0.00824407579270315	c10
SYT3	0.000147878069338251	0.00259226966570327	0.18957345971564	0.0149086843086098	0.00183116636100075	c10
NKG7	2.4766752751989e-295	1.66648607567986	96.6824644549763	42.836377189713	1.66898193445104e-291	c10
LILRA2	0.00730138719208518	0.00122796969076744	0.0947867298578199	0.00745434215430488	0.0496215756739672	c10
LILRB1	4.91099839180283e-05	0.0178161901768584	1.8957345971564	0.76407007081625	0.000700852095778927	c10
AC009892.10	4.58875219796302e-07	0.00118711463544404	0.0947867298578199	0	1.08806063728477e-05	c10
KIR2DL3	0.000224501538727623	0.0136316671775436	1.32701421800948	0.491986582184122	0.00263658237918735	c10
KIR2DL1	0.00355039076752715	0.00872821121748382	0.663507109004739	0.219903093551994	0.0275320751486904	c10
NCR1	0.000754072819748065	0.0211040188396272	2.55924170616114	1.34178158777488	0.00735177360780998	c10
RPL28	5.00285669745285e-12	0.0816863297350494	100	99.9925456578457	2.48990034806464e-10	c10
AC003006.7	0.00730138719208518	0.00120109661176463	0.0947867298578199	0.00745434215430488	0.0496215756739672	c10
DGCR6L	1.83850535976347e-09	0.124571246260659	40.3791469194313	37.3238911666045	6.7333260425946e-08	c10
SERPIND1	0.000613718375935804	0.000538005872899068	0.0947867298578199	0.00372717107715244	0.00616720159820489	c10
YPEL1	4.02772611750114e-05	0.0421024155076286	6.91943127962085	4.40178904211703	0.000589787934824352	c10
MAPK1	2.08691502059843e-06	0.101071701783033	25.9715639810427	22.2996645546031	4.26160695176022e-05	c10
IGLV3-27	0.000613118108910572	0.00132924710524474	0.0947867298578199	0.00372717107715244	0.00616720159820489	c10
IGLV2-23	0.00169438144719394	0.00379031968419487	0.28436018957346	0.0484532240029817	0.014631083670362	c10
IGLV2-14	2.37686339621361e-187	0.456193266120651	40.8530805687204	11.6175922474842	5.72043109085868e-184	c10
IGLV3-13	0.000988805063460409	0.00333824534367462	0.28436018957346	0.0447260529258293	0.00929338850996793	c10
IGLV2-11	1.80535925176819e-06	0.006779466768643	0.568720379146919	0.0857249347745062	3.75956579907771e-05	c10
TPST2	9.72084391722549e-07	0.106952755194623	29.3838862559242	26.0342899739098	2.13516372194912e-05	c10
MIAT	4.5558080585358e-11	0.116224370518537	22.2748815165877	15.9224748415952	2.03046821063896e-09	c10
SELM	6.32853259405933e-06	0.0881982749204855	38.957345971564	36.7312709653373	0.000113900837695801	c10
SFI1	0.000660193601692747	0.0756596630333707	21.8009478672986	19.560193812896	0.00656375426834919	c10
AL008723.1	4.58875219796302e-07	0.00123246777691756	0.0947867298578199	0	1.08806063728477e-05	c10
SUN2	1.10852000412965e-09	0.123794314966964	62.2748815165877	63.4103615355945	4.18727275999377e-08	c10
APOBEC3G	1.41279477008061e-12	0.164169308677888	57.7251184834123	50.2497204621692	7.44956290815275e-11	c10
PDGFB	1.26521139285004e-07	0.0383508702518449	4.64454976303318	2.21393961982855	3.41701484388526e-06	c10
RP5-983L19.2	0.000613118108910572	0.00156123554196971	0.0947867298578199	0.00372717107715244	0.00616720159820489	c10
AF131217.1	6.47051951980083e-38	0.136213503801867	15.9241706161137	6.2541930674618	1.48311350136169e-35	c10
SON	0.00304465481450097	0.0335812731954024	75.8293838862559	79.0831159150205	0.0241664544922958	c10
ITGB2	4.38513113179069e-26	0.238306159708106	75.8293838862559	70.53671263511	5.93383969295404e-24	c10
MT-ND1	1.1346044882134e-76	0.389674135926847	99.5260663507109	98.5911293328364	7.96445075538795e-74	c10
MT-ND2	2.30987448909342e-40	0.299366568426057	96.5876777251185	95.0652254938502	5.76510452114917e-38	c10
MT-CO1	9.97146227932639e-43	0.233346391677829	99.9052132701422	99.8434588147596	2.64549960661121e-40	c10
MT-CO2	4.29535678213378e-53	0.2462501045472	100	99.9142750652255	1.52345001491806e-50	c10
MT-ATP8	3.17690674554794e-39	0.264610151899868	99.6208530805687	98.9563920983973	7.59168055918385e-37	c10
MT-ATP6	6.59960673681456e-51	0.304883503783031	99.2417061611374	99.3291092061126	2.18007009206108e-48	c10
MT-CO3	1.08880951114313e-56	0.325785252563105	99.8104265402844	99.5825568393589	4.42004188776587e-54	c10
MT-ND3	1.7188784099224e-49	0.292287390046545	99.9052132701422	99.2806559821096	5.46376312678542e-47	c10
MT-ND4L	2.54423311243484e-53	0.263227047810607	100	99.8360044726053	9.11972239259357e-51	c10
MT-ND4	2.48651135374818e-23	0.221815517184904	97.5355450236967	96.0193812896012	2.98151293783598e-21	c10
MT-ND5	1.50797922683292e-13	0.145426306704286	96.8720379146919	96.7349981364145	8.7603193222256e-12	c10
MT-CYB	6.26169141245829e-34	0.274958135669041	99.8104265402844	99.560193812896	1.22663622355447e-31	c10
