gene	p_val	avg_log2FC	pct.1	pct.2	p_val_adj	cluster
RP11-34P13.8	9.14272338779186e-16	0.002380312308106	0.235294117647059	0	2.36965324483276e-13	c30
PLEKHN1	6.1429808537382e-07	0.0349137750286583	5.17647058823529	1.85360524399126	4.71484275366412e-05	c30
RER1	0.000338852691084044	0.107714880039452	46.3529411764706	38.8201019664967	0.0129009068625828	c30
TNFRSF25	2.66857399371351e-06	0.125176685889969	35.0588235294118	25.5316824471959	0.000180190244777922	c30
ENO1	4.97060483086082e-09	0.219846141933018	78.5882352941177	67.257829570284	5.91800562441783e-07	c30
SPSB1	3.89648245757438e-07	0.0986009797047422	17.4117647058824	10.2549162418063	3.11848170844445e-05	c30
AGTRAP	0.000202193254295441	0.0967528576997509	27.5294117647059	21.0633648943918	0.00813942593814884	c30
DHRS3	2.73169391968404e-05	0.0801870139284074	19.0588235294118	12.3525127458121	0.00140521671648602	c30
EFHD2	8.73281665523559e-10	0.164819053627723	32.2352941176471	21.2709395484341	1.16301788293086e-07	c30
CAPZB	2.9330028713285e-06	0.161621132487173	82.3529411764706	76.0014566642389	0.000196080553068537	c30
MINOS1	1.37539039942739e-07	0.168440879429632	48.4705882352941	38.2374362709396	1.20683344058089e-05	c30
NBL1	8.74221011036125e-15	0.116320428510761	16.2352941176471	6.79898033503278	2.08907820892562e-12	c30
VWA5B1	0.000126610108823902	0.00271194201904105	0.235294117647059	0.010924981791697	0.00542618770509126	c30
LUZP1	0.000160061285933997	0.0714676567127697	15.0588235294118	9.8871085214858	0.00663358544681439	c30
RP3-465N24.6	0.000126911894111592	0.00140822508339267	0.235294117647059	0.010924981791697	0.00542618770509126	c30
TMEM50A	8.75487324711335e-09	0.203444256045919	70.3529411764706	59.7378004369993	1.00678054330456e-06	c30
SH3BGRL3	1.33956719036592e-85	0.560094268248221	100	98.9147851420248	7.52256281869821e-82	c30
UBXN11	5.44617336102407e-14	0.194036582073118	30.1176470588235	16.9446467589221	1.16881124347991e-11	c30
CD52	4.27994173954576e-114	0.748700032343812	100	97.4836125273125	1.44208356972255e-109	c30
AIM1L	8.76516395440797e-33	0.0953999157631652	9.88235294117647	1.8353969410051	7.38333585699555e-30	c30
LAPTM5	2.81768060370524e-24	0.298853903112424	98.8235294117647	95.3423160961398	1.41699895912305e-21	c30
LCK	0.00121225247172563	0.10627874856897	84.2352941176471	81.2782228696286	0.0368975923959561	c30
NDUFS5	6.09069002569174e-05	0.146464941139348	84.4705882352941	78.6598689002185	0.00288635316069842	c30
CAP1	3.13372666286729e-08	0.212164868149737	80.7058823529412	69.7123088128186	2.99965301643894e-06	c30
PLK3	1.36558328157112e-05	0.115906484618406	31.7647058823529	23.1172614712309	0.000749380506339697	c30
PRDX1	7.89342938116059e-12	0.237824370846743	72.4705882352941	60.1930080116533	1.31015374171835e-09	c30
MKNK1	0.000875822382219633	0.047949433856949	11.0588235294118	7.00655498907502	0.0282121982280194	c30
CMPK1	8.7033994169062e-07	0.165131630782485	62.3529411764706	50.1347414420976	6.53123251566231e-05	c30
RP11-191G24.1	1.363421397891e-08	0.0234201824923208	2.82352941176471	0.6081573197378	1.51614259341714e-06	c30
TMEM59	0.00138123029719891	0.112149812324769	72.2352941176471	65.7756737072105	0.0407166873436747	c30
LEXM	0.00135504325897854	0.00444857361159381	0.470588235294118	0.0619082301529497	0.0401908693380483	c30
JUN	3.2535356586628e-11	0.393226195088378	89.6470588235294	82.4107793153678	5.22022049918974e-09	c30
PDE4B	2.64943766405446e-06	0.157345091916054	46.8235294117647	36.5804806991988	0.000179716798333686	c30
LMO4	2.00741608836826e-05	0.0823927413643353	18.8235294117647	12.115804806992	0.00106684349655332	c30
TGFBR3	1.0212867443812e-06	0.0860186790254117	16.9411764705882	9.85433357611071	7.59629924176162e-05	c30
KIAA1107	0.0017630943023828	0.00984502318495057	1.17647058823529	0.309541150764749	0.0498369961614815	c30
GFI1	2.80870108592153e-06	0.102921901398694	20.9411764705882	13.6234522942462	0.000188894958860359	c30
FAM69A	0.00150074545367527	0.0658896490062952	16.7058823529412	12.0029133284778	0.0437045093484308	c30
BCAR3	2.77325192970515e-07	0.0200676234014768	2.11764705882353	0.429715950473416	2.30720865480211e-05	c30
CDC14A	0.000222143758293619	0.0935946385171378	31.0588235294118	23.6598689002185	0.00884741346565624	c30
SLC25A24	0.000853066012600223	0.0588175898072508	16	11.0269482884195	0.0276111491148433	c30
KCNA2	0.00165646670185171	0.00609570394062028	0.705882352941177	0.131099781500364	0.0473863254770487	c30
RP11-284N8.3	0.00152667346090412	0.0491162153313251	10.3529411764706	6.59504734158776	0.0443064044717513	c30
ATP5F1	2.35733431369351e-05	0.136465667459739	61.6470588235294	55.156591405681	0.00122763558524867	c30
C1orf162	9.27870574298151e-09	0.174961266141794	27.5294117647059	17.8732702112163	1.05978546204752e-06	c30
TSPAN2	0.000963310809655255	0.042189858513106	8.70588235294118	5.16751638747269	0.0305054458839513	c30
CD58	4.07319696695021e-10	0.179258633570423	40.9411764705882	28.1718863801894	5.57895522782197e-08	c30
CD2	3.55726302256552e-28	0.43680702038622	98.1176470588235	89.1733430444283	2.35016510357495e-25	c30
FAM46C	1.31018901293137e-05	0.106120301161885	22.3529411764706	15.1529497450838	0.000721331839897213	c30
ITGA10	5.6443243116296e-05	0.012760270720649	1.41176470588235	0.302257829570284	0.00268995563445612	c30
RBM8A	0.000766881939538723	0.122834292872244	68.7058823529412	62.2906045156591	0.025111098222369	c30
LIX1L	9.46261571276173e-08	0.149871757377389	39.5294117647059	28.4996358339403	8.52495651940625e-06	c30
TXNIP	0.000154618694372727	0.230285159631568	97.4117647058823	93.7909686817189	0.0064476760992508	c30
RP11-353N4.5	2.1940704947257e-08	0.00198823395638128	0.235294117647059	0.00364166059723234	2.15417560722879e-06	c30
PLEKHO1	4.23320970530635e-12	0.128589030892342	21.8823529411765	11.347414420976	7.24029278226357e-10	c30
MCL1	6.2274197269143e-05	0.16297705599164	70.3529411764706	63.1318281136198	0.00293874902351051	c30
TUFT1	0.000280220555817525	0.0115129763584875	1.41176470588235	0.345957756737072	0.0109153195464921	c30
RP11-98D18.9	5.85662130733034e-05	0.0275698679585174	4	1.55134741442098	0.00277933800463646	c30
RORC	2.51372552896093e-19	0.0456244734577336	4.70588235294118	0.757465404224326	9.848542787536e-17	c30
C2CD4D	8.62504529251336e-09	0.0441911285744828	4.70588235294118	1.38383102694829	9.95247520842278e-07	c30
S100A10	1.9932608516044e-85	0.754305298439359	99.0588235294118	83.4413692643846	9.59441873342266e-82	c30
S100A11	4.79574149130479e-100	0.933280895073647	97.8823529411765	79.2680262199563	4.03969284520059e-96	c30
S100A6	4.25754612562419e-80	0.721235050004468	99.5294117647059	91.0378732702112	1.79317198945977e-76	c30
S100A4	6.76984226990551e-113	1.10138886571389	100	87.7166788055353	7.60343551473987e-109	c30
TPM3	2.12408057049949e-05	0.157340395199096	87.0588235294118	80.6045156591406	0.00111826204285015	c30
PBXIP1	0.00164804409588754	0.109325671651634	55.5294117647059	47.0429715950473	0.0472187055840433	c30
SLC50A1	0.00170621401109354	0.0594097519859371	18.3529411764706	13.3940276766205	0.0485550463596163	c30
SH2D2A	6.10696148414805e-05	0.131671858141604	58.3529411764706	47.6147123088128	0.00288999944166972	c30
ETV3L	0.000127063040877219	0.0022160412861691	0.235294117647059	0.010924981791697	0.00542618770509126	c30
SLAMF8	1.44190154873751e-05	0.0339003228355837	4	1.4530225782957	0.000787413789030174	c30
TAGLN2	1.09854207139499e-12	0.298211264743155	86.5882352941176	74.1587764020393	2.0226380630373e-10	c30
SLAMF1	1.27934972325896e-19	0.269373192414864	50.3529411764706	31.0087399854334	5.13171542565324e-17	c30
MGST3	8.00610438388192e-06	0.132869673456888	50.5882352941176	42.3998543335761	0.000462706142556633	c30
XCL1	4.12860455301031e-13	0.178737994474674	19.2941176470588	9.17698470502549	8.08774429122845e-11	c30
ATP1B1	4.85461806864631e-13	0.126889017174435	16.4705882352941	7.43991260014567	9.3102223006913e-11	c30
FASLG	0.000220478349701743	0.0635486647980687	17.4117647058824	11.4675892206846	0.00880189279010728	c30
KIAA0040	2.00978133226487e-06	0.0974603634626314	22.5882352941176	14.5265841223598	0.000140492888401105	c30
GLUL	8.94191125522835e-15	0.237411200301543	36.4705882352941	21.7698470502549	2.12175181573003e-12	c30
RGS16	9.72828579198736e-20	0.192538869537171	19.5294117647059	7.80043699927167	3.99737635945393e-17	c30
ARPC5	0.000126787116024344	0.128657445147403	69.8823529411765	65.360524399126	0.00542618770509126	c30
FAM129A	9.24241321310531e-07	0.146527476238259	40	29.9235251274581	6.92030824005267e-05	c30
IVNS1ABP	0.000428926765599642	0.0921855465603903	28.9411764705882	22.0721048798252	0.0157948179673381	c30
RGS18	6.6067716184057e-09	0.0259834283757983	2.35294117647059	0.433357611070648	7.70026192467492e-07	c30
RGS1	3.20369782769304e-10	0.370212132798361	78.5882352941177	66.5185724690459	4.51654370737612e-08	c30
DENND1B	0.000724402830513861	0.0767420867417778	24.7058823529412	18.6598689002185	0.0245716805641168	c30
GPR25	1.53347398047633e-24	0.189897478464737	17.6470588235294	5.87399854333576	7.94905727664144e-22	c30
KDM5B	1.06956559837026e-06	0.109341411187128	24.9411764705882	16.504005826657	7.93787296728802e-05	c30
ATP2B4	2.64492383974928e-09	0.185873922778338	43.7647058823529	32.21048798252	3.36294580590612e-07	c30
LAMB3	6.67927285737986e-14	0.023932403284095	2.35294117647059	0.287691187181355	1.41541773368904e-11	c30
TRAF3IP3	0.000572839762078273	0.133016127652655	77.1764705882353	70.2184996358339	0.0203814814608926	c30
ATF3	3.00696085807996e-07	0.132175419084191	17.1764705882353	9.89075018208303	2.48324850863103e-05	c30
CENPF	0.00145358753830098	0.0356092852120781	6.35294117647059	3.51420247632921	0.0425149119058275	c30
CAPN2	1.16391756292711e-05	0.14002203380377	51.0588235294118	42.2833211944647	0.000652719935770046	c30
ARF1	6.35688394896168e-05	0.143741480936661	82.1176470588235	75.3932993445011	0.00298729215866548	c30
RHOU	2.36545396580716e-07	0.0228859765861602	2.82352941176471	0.688273852876912	1.98812947210505e-05	c30
COX20	4.49209955804216e-05	0.113375981620466	32.2352941176471	24.6722505462491	0.00219995352483536	c30
ID2	1.61786089576133e-14	0.340531915883738	60.9411764705882	44.0968681718864	3.70831326678792e-12	c30
ITGB1BP1	0.000699152917488344	0.0992355761790779	34.1176470588235	27.9206117989803	0.023915998377515	c30
RP11-400L8.2	6.89752473009276e-06	0.0020993873777739	0.235294117647059	0.00728332119446468	0.000404182953488253	c30
YWHAQ	5.04579816017299e-20	0.33796938563032	72.4705882352941	55.4806991988347	2.20796263907622e-17	c30
PDIA6	2.24703803130463e-05	0.139608637897125	56.9411764705882	46.551347414421	0.00117564750662699	c30
RASGRP3	0.000702527045463475	0.0265408057731246	3.52941176470588	1.50764748725419	0.0239827216513134	c30
AC020594.5	0.000744635148044857	0.00268520449947897	0.235294117647059	0.0145666423889294	0.0245716805641168	c30
PRKD3	0.000260547664304332	0.0551404437470839	11.2941176470588	6.86088856518572	0.010219898720687	c30
QPCT	7.70459778666906e-22	0.0904374687208953	10.8235294117647	2.86962855061908	3.50809078140577e-19	c30
AC006369.2	2.67441439668024e-07	0.0945437901192073	20	11.864530225783	2.23048808618178e-05	c30
CDC42EP3	1.35846397776334e-19	0.27550765821155	49.4117647058824	31.1798980335033	5.3849512078539e-17	c30
GALM	0.000343501652723305	0.102695413480802	37.8823529411765	30.3860160233066	0.0130631429874256	c30
EML4	7.15931428166311e-05	0.149215579192214	68.7058823529412	60.0910415149308	0.00334571338982464	c30
ZFP36L2	2.74463235326912e-37	0.546383795266483	99.7647058823529	97.3233794610342	2.8899263284703e-34	c30
SNRPG	6.29602593136773e-05	0.133679655435132	68	59.4246176256373	0.00296696919904202	c30
RAB11FIP5	0.000745092215081839	0.0217916188918145	3.29411764705882	1.36562272396213	0.0245716805641168	c30
TMSB10	5.46689701828799e-19	0.206711514064816	100	99.9672250546249	2.09320031970677e-16	c30
CAPG	5.69602515084291e-87	0.582116547625594	57.4117647058823	20.5207574654042	3.83843742865002e-83	c30
VAMP8	0.000368589412018893	0.11904780196997	69.6470588235294	64.373634377276	0.0138145179628082	c30
GNLY	4.11301707876966e-07	0.182538817872904	15.0588235294118	8.16824471959213	3.23794386570245e-05	c30
IMMT	1.72423986115596e-05	0.0969095301391831	28	19.8506919155135	0.00092805971057171	c30
LINC00152	4.73231967442985e-09	0.200062313383537	53.1764705882353	38.3867443554261	5.65428294717161e-07	c30
AC021188.4	2.42699128517379e-06	0.0570915220119654	8.47058823529412	3.98761835396941	0.000167229129575962	c30
INPP4A	7.15619371670601e-05	0.102399372335336	28.7058823529412	21.5440640932265	0.00334571338982464	c30
MGAT4A	4.06606761505684e-06	0.129998055519922	38.8235294117647	29.2753095411508	0.000262456096210202	c30
LYG2	2.1940704947257e-08	0.00268270380732583	0.235294117647059	0.00364166059723234	2.15417560722879e-06	c30
AC016738.4	9.6389384907002e-05	0.00504446762252022	0.470588235294118	0.0436999271667881	0.00440073703937198	c30
RNF149	0.000197302611021972	0.124461092218814	58.8235294117647	51.6278222869629	0.00797112011483733	c30
IL18RAP	3.97390863448637e-12	0.08398767491288	11.2941176470588	4.38455935906773	6.83147334338692e-10	c30
ACTR3	0.000129125259858126	0.144295316667279	74.8235294117647	67.8441369264385	0.00549336680007539	c30
INHBB	6.8756360977445e-06	0.00393613377268943	0.235294117647059	0.00728332119446468	0.000404182953488253	c30
MZT2B	3.66053422730512e-07	0.177259154703623	64.9411764705882	53.7800436999272	2.95774676870069e-05	c30
PTPN18	2.38617340669954e-05	0.0998193471115562	25.4117647058824	18.0189366351056	0.00124073652415639	c30
MZT2A	2.06312002099379e-05	0.143221398202431	60.7058823529412	52.2578295702841	0.00108957313459819	c30
CXCR4	2.1598456687352e-13	0.325843109102192	96	92.2177713037145	4.383966262793e-11	c30
ARHGAP15	6.62751812831877e-09	0.223228083308639	73.1764705882353	60.2294246176256	7.70026192467492e-07	c30
ARL6IP6	1.7756303405604e-06	0.129632421581895	35.0588235294118	25.9395484340859	0.000127293805733707	c30
CYTIP	0.000432173237648535	0.139653981415522	91.0588235294118	86.6788055353241	0.0158969924337661	c30
PLA2R1	2.19931266363953e-08	0.00330376889476539	0.235294117647059	0.00364166059723234	2.15417560722879e-06	c30
RBMS1	1.22019758083415e-05	0.149595241581792	51.2941176470588	42.7166788055353	0.00067843790905323	c30
DPP4	1.07965016104056e-15	0.14997548953103	19.5294117647059	8.77640203932994	2.73516785910531e-13	c30
FAP	0.000126911894111592	0.00150095622510968	0.235294117647059	0.010924981791697	0.00542618770509126	c30
GALNT3	0.000242691566490951	0.0288821467332913	5.17647058823529	2.39985433357611	0.00957523377206802	c30
MYO3B	0.000745343493256878	0.00231884373707787	0.235294117647059	0.0145666423889294	0.0245716805641168	c30
MLK7-AS1	2.1940704947257e-08	0.00244748284944825	0.235294117647059	0.00364166059723234	2.15417560722879e-06	c30
CDCA7	0.00168674229760284	0.0442472542393746	10.1176470588235	6.40568099053168	0.048082144649264	c30
ITGA4	0.000355917489870716	0.132284173603781	55.5294117647059	47.2068463219228	0.0134593534272771	c30
FRZB	2.19931266363953e-08	0.0025387303151131	0.235294117647059	0.00364166059723234	2.15417560722879e-06	c30
ARPC2	3.38583291390309e-16	0.281691412471746	96.9411764705882	89.5666423889294	1.06434125088138e-13	c30
TMBIM1	2.74596131727195e-12	0.181360732351054	38.5882352941176	24.734158776402	4.92140535234899e-10	c30
CATIP	0.000746052464215566	0.00159959793458486	0.235294117647059	0.0145666423889294	0.0245716805641168	c30
TUBA4A	3.86733202876441e-11	0.261977286180864	73.6470588235294	60.4187909686817	6.14650402722586e-09	c30
CCL20	3.66816048161973e-17	0.0862300082588233	8.23529411764706	2.16314639475601	1.27417525018243e-14	c30
PTMA	3.55002665987349e-12	0.137034158062245	100	99.9271667880554	6.16570094215348e-10	c30
INPP5D	0.000440270644685568	0.0868218657142586	31.0588235294118	24.1660597232338	0.0161595632919777	c30
ARL4C	2.38627164401014e-06	0.174724359526446	57.8823529411765	48.2520029133285	0.000164760321256716	c30
LRRFIP1	6.02307728211969e-06	0.169704948306107	72.4705882352941	63.3394027676621	0.00037594985358223	c30
MYEOV2	0.000583779645290013	0.110020375359776	61.6470588235294	52.6693372177713	0.0206399489699913	c30
RNPEPL1	0.000274145852743691	0.0801032841027958	24	17.4362709395484	0.0107158588890324	c30
GPR35	0.000107772467625268	0.0277873602765772	3.29411764705882	1.21267297887837	0.00485465979166549	c30
IL5RA	1.02257145214373e-05	0.0316220701099769	3.76470588235294	1.30007283321194	0.000578096015243803	c30
AC018816.3	0.00114388493869118	0.0286416870366748	4.70588235294118	2.319737800437	0.035293883528588	c30
BHLHE40	6.55639190038644e-27	0.279377459643091	40.4705882352941	19.9089584850692	4.16813337154001e-24	c30
OXTR	0.000746052464215566	0.0018414495317588	0.235294117647059	0.0145666423889294	0.0245716805641168	c30
IL17RE	2.93335259966825e-05	0.0142110630339845	1.41176470588235	0.287691187181355	0.00149525540836947	c30
BRK1	0.000281211159944251	0.136159080404274	79.2941176470588	71.2345229424618	0.0109373370864584	c30
ATP2B2	2.19931266363953e-08	0.00242263197684064	0.235294117647059	0.00364166059723234	2.15417560722879e-06	c30
RP11-434D12.1	0.000743927428075727	0.00265517379554971	0.235294117647059	0.0145666423889294	0.0245716805641168	c30
SLC6A6	0.00136602104934684	0.0560074525170312	15.5294117647059	10.7283321194465	0.0404097570120213	c30
GRIP2	6.89752473009276e-06	0.00219507521528762	0.235294117647059	0.00728332119446468	0.000404182953488253	c30
SH3BP5	0.000319433363955009	0.0878830048433398	25.8823529411765	19.3372177713037	0.0122445822128556	c30
ANKRD28	4.9456638071161e-66	0.381784459425353	36.7058823529412	11.1835396941005	1.04149497698106e-62	c30
SLC4A7	1.25498021793634e-07	0.13732885107738	32.4705882352941	22.3889293517844	1.10985048459704e-05	c30
MYD88	2.77738882130258e-05	0.107398711070246	28.9411764705882	21.2672978878369	0.00142437349992343	c30
SCN5A	0.000126610108823902	0.00259197680417705	0.235294117647059	0.010924981791697	0.00542618770509126	c30
CXCR6	3.81067009717901e-26	0.350691920225261	45.8823529411765	23.9766933721777	2.17621556363304e-23	c30
CCR2	1.2359611718924e-33	0.143924738889776	17.1764705882353	4.57028404952658	1.09590725594059e-30	c30
CCR5	1.25632154950836e-06	0.103595473108819	19.2941176470588	11.8790968681719	9.22233078194652e-05	c30
MAP4	0.00141694096551498	0.0826681657100931	28.2352941176471	22.2469045884924	0.0415161684348216	c30
TMA7	4.96448270016065e-05	0.125584670358975	99.2941176470588	97.4654042243263	0.00241375584558749	c30
CISH	1.06079288427672e-11	0.167536086053439	24.9411764705882	13.667152221413	1.74352953379609e-09	c30
MANF	0.00168983178232488	0.0764177466854914	28	22.0939548434086	0.0481294945677553	c30
TEX264	4.78692769203986e-06	0.130236956769371	44.4705882352941	34.3663510560816	0.000304322154067153	c30
TWF2	0.000761147968745775	0.106025662913926	48.2352941176471	40.9395484340859	0.0249962179911502	c30
ARL6IP5	5.81269704365174e-07	0.170594207661895	83.5294117647059	77.774945375091	4.48176233841651e-05	c30
FRMD4B	3.50921404090633e-12	0.120788191940498	17.6470588235294	8.41587764020393	6.12639678208797e-10	c30
GPR27	2.58531181541692e-06	0.0112278510744375	0.941176470588235	0.116533139111435	0.000176335012770562	c30
PROK2	3.28265340015546e-16	0.0256700036434294	2.35294117647059	0.247632920611799	1.04345022325319e-13	c30
CD96	1.77024488156086e-05	0.176277022696524	75.2941176470588	64.4209759650401	0.000949787118460379	c30
CD200R1	4.50507997055455e-13	0.109167670744325	16.9411764705882	7.62927895120175	8.72380255907269e-11	c30
GRAMD1C	0.000542047491623339	0.0233191653451647	3.29411764705882	1.33648943918427	0.0194088716076055	c30
DRD3	6.48397978605116e-06	0.00411633318114745	0.470588235294118	0.032774945375091	0.000398670100202934	c30
RP11-723O4.9	2.19931266363953e-08	0.00253080157168624	0.235294117647059	0.00364166059723234	2.15417560722879e-06	c30
PLXND1	3.8646352773558e-05	0.0352515079774383	5.17647058823529	2.20320466132556	0.0019149267799298	c30
SRPRB	1.40054133548655e-05	0.0840910572415988	21.1764705882353	14.0568099053168	0.000767314467607869	c30
RAB6B	9.94597956673768e-06	0.0111872968778549	1.17647058823529	0.193008011653314	0.00056512619818155	c30
RNF7	1.43174530576235e-05	0.136091771278105	60.2352941176471	50.3787327021122	0.000783136791109683	c30
GYG1	4.69522016501652e-16	0.258259399057966	45.6470588235294	29.6540422432629	1.43818862036424e-13	c30
KCNAB1	3.99370762143927e-07	0.00823367536656435	0.941176470588235	0.101966496722505	3.16866661786155e-05	c30
SSR3	4.78324126937776e-06	0.138645294110172	49.4117647058824	39.5957756737072	0.000304322154067153	c30
RP11-555M1.3	6.88657209556215e-06	0.00246146830324039	0.235294117647059	0.00728332119446468	0.000404182953488253	c30
RP11-3P17.4	0.000187778206016841	0.00497766474202854	0.470588235294118	0.0473415877640204	0.00763144788430926	c30
EIF5A2	0.00100251602433398	0.0428483176793897	9.17647058823529	5.52804078659869	0.0315394723846022	c30
TNFSF10	3.588063975328e-13	0.200808320666769	41.6470588235294	26.7479970866715	7.15362293400601e-11	c30
TPRG1	0.00117855497393273	0.0514271156816956	13.6470588235294	9.0313182811362	0.0360674216999904	c30
OPA1-AS1	6.8756360977445e-06	0.00270003033610557	0.235294117647059	0.00728332119446468	0.000404182953488253	c30
PIGZ	0.000359152311675062	0.0108337075833139	1.17647058823529	0.262199563000728	0.0135512631462257	c30
RP11-1398P2.1	3.53068077892622e-09	0.060274419001689	8	3.03714493809177	4.37363081489485e-07	c30
NSG1	6.50545205590262e-09	0.0989590368742112	13.8823529411765	6.89002184996358	7.61092713790218e-07	c30
RP11-1406H17.1	9.14272338779186e-16	0.00250407693123189	0.235294117647059	0	2.36965324483276e-13	c30
RP11-539L10.2	2.43695804632785e-13	0.0932968073272085	13.8823529411765	5.60451565914057	4.91681822832159e-11	c30
AFAP1	1.49339834784415e-07	0.0722549029000907	13.1764705882353	6.7006554989075	1.3002212902393e-05	c30
RP11-660M5.1	2.1940704947257e-08	0.00302377564170733	0.235294117647059	0.00364166059723234	2.15417560722879e-06	c30
RBPJ	3.51771417087566e-26	0.377135978021301	59.2941176470588	37.1303714493809	2.07940107497341e-23	c30
COMMD8	1.13454331827594e-09	0.162156991230167	36	24.5520757465404	1.49910990454861e-07	c30
ATP10D	0.000365892335572948	0.0569770455143086	11.2941176470588	6.97013838310269	0.0137287041812861	c30
OCIAD2	8.28859094883423e-20	0.333214454906027	81.8823529411765	67.8587035688274	3.49094729287526e-17	c30
NMU	0.00135504325897854	0.0041473019576792	0.470588235294118	0.0619082301529497	0.0401908693380483	c30
HOPX	2.66752455979016e-113	0.792432578086445	63.5294117647059	20.6700655498908	4.49397862587848e-109	c30
REST	0.000100502509175351	0.109132403775914	41.8823529411765	33.4377276037873	0.00455764676198424	c30
STBD1	1.81684526083156e-05	0.0148796863665591	2.11764705882353	0.542607428987618	0.000973239812694095	c30
SHROOM3	0.00012676091681952	0.00229495514774528	0.235294117647059	0.010924981791697	0.00542618770509126	c30
SEPT11	9.62616930637342e-05	0.0795481513533736	16.4705882352941	10.924981791697	0.00440073703937198	c30
ANTXR2	9.50025083295466e-08	0.0864570696186955	15.0588235294118	8.05535324107793	8.53603870841532e-06	c30
PPP3CA	7.26931668214836e-16	0.146306320666283	24	11.4639475600874	2.16754297600272e-13	c30
FLJ20021	0.000213460623969656	0.0328846527109574	4.70588235294118	2.10852148579752	0.00857251759717948	c30
C4orf32	3.33169801470472e-09	0.0662861314711241	9.41176470588235	3.86016023306628	4.17316850957104e-07	c30
ANXA5	1.13261799597819e-14	0.265034245602889	60	42.8914785142025	2.6318917763096e-12	c30
IL2	6.60094009517074e-29	0.147245908757794	14.3529411764706	3.82374362709395	4.63358490763923e-26	c30
HMGB2	1.28321938412851e-05	0.154488218651098	61.4117647058824	52.9133284777859	0.000707639835169	c30
SPCS3	0.000548066171984799	0.0963069314671377	35.7647058823529	28.7727603787327	0.0195620144055676	c30
SNHG18	0.000148911497458532	0.00756636939722185	0.705882352941177	0.0983248361252731	0.00625613964509697	c30
CCT5	0.0010453639550064	0.0903732203536395	33.8823529411765	27.8587035688274	0.0326134195370237	c30
IL7R	2.08236528479674e-08	0.391793475724361	90.1176470588235	79.6977421704297	2.15417560722879e-06	c30
PTGER4	4.045097502967e-28	0.406881450689642	58.1176470588235	36.2600145666424	2.62106760124942e-25	c30
EMB	9.82903710867376e-15	0.277970981063989	71.7647058823529	58.4705025491624	2.31594109328429e-12	c30
ITGA1	1.94755288198822e-12	0.129229200308252	20.9411764705882	10.4042243262928	3.52800251643608e-10	c30
GZMA	1.15366694071257e-34	0.776661609978754	84.9411764705882	52.4981791697014	1.05058524055052e-31	c30
AC008937.3	0.000745343493256878	0.00246998737100066	0.235294117647059	0.0145666423889294	0.0245716805641168	c30
S100Z	3.65450341702727e-06	0.0126963511390468	1.41176470588235	0.247632920611799	0.000239096773074402	c30
TMEM167A	2.15521541420322e-05	0.110777474197286	31.7647058823529	24.2061179898033	0.00113111881878759	c30
RP11-213H15.1	0.000892992408335841	0.00476594833280157	0.470588235294118	0.0582665695557174	0.0286012226297223	c30
KIAA0825	9.88543999753089e-06	0.0362916385957658	6.35294117647059	2.76402039329934	0.00056263516094055	c30
SLF1	1.69869735028503e-23	0.252716694659121	38.5882352941176	19.7851420247633	8.29505920587013e-21	c30
GPR150	6.48341457537642e-06	0.0304465715441441	3.76470588235294	1.27093954843409	0.000398670100202934	c30
CAST	9.01489538332702e-08	0.183513438720541	59.5294117647059	46.6824471959213	8.14337493420431e-06	c30
TMEM232	0.000105182552292282	0.00546981436102054	0.705882352941177	0.0946831755280408	0.00475286229501335	c30
REEP5	8.27065126718302e-14	0.253551216370562	67.0588235294118	52.3088128186453	1.73087778755568e-11	c30
VDAC1	3.14160228577046e-07	0.161733632614418	51.0588235294118	40.1675163874727	2.58178408333536e-05	c30
TIFAB	2.19931266363953e-08	0.00192824777769765	0.235294117647059	0.00364166059723234	2.15417560722879e-06	c30
TGFBI	1.01255419243221e-05	0.0311907186807709	4.70588235294118	1.80262199563001	0.00057339497411447	c30
TMEM173	1.07267539633745e-37	0.454277308043325	62.8235294117647	37.3124544792425	1.16589434852239e-34	c30
UBE2D2	0.000373954787105839	0.124450769475408	80.9411764705882	75.2476329206118	0.0140000362186046	c30
DIAPH1	3.00319746579939e-06	0.139713773402173	42.8235294117647	33.1099781500364	0.000200375713688406	c30
YIPF5	6.5742038527663e-06	0.113737690543695	32.9411764705882	23.965768390386	0.000402747681118378	c30
SMIM3	0.000231743167552168	0.0518999339914918	9.17647058823529	5.2585579024035	0.00918629916176795	c30
ANXA6	4.26270539776925e-07	0.188413549905044	71.7647058823529	61.8244719592134	3.34796260308711e-05	c30
ADAM19	2.37140312743365e-24	0.18435000651497	24.9411764705882	10.2367079388201	1.21063722690529e-21	c30
CLINT1	0.00100111700345759	0.0804548688284581	30.1176470588235	23.6598689002185	0.0315248937518691	c30
LCP2	9.48212068823669e-11	0.241925208553413	78.8235294117647	68.2337946103423	1.47230679479008e-08	c30
DUSP1	0.00097269325507362	0.192171286254041	92.4705882352941	89.9781500364166	0.0307447716101788	c30
PRELID1	0.00136211281934741	0.109961383410181	61.8823529411765	56.9410050983248	0.0403295512610648	c30
RGS14	1.1122983942336e-08	0.150685090816221	40.4705882352941	28.4304442825929	1.2492594031769e-06	c30
LTC4S	2.8035033128736e-12	0.0842142858694282	10.5882352941176	3.95484340859432	4.99794923936313e-10	c30
TMEM14C	0.000158511513932267	0.108373267396663	38.5882352941176	31.1653313911143	0.00658555727550408	c30
XXbac-BPG170G13.32	9.14272338779186e-16	0.00228432017011391	0.235294117647059	0	2.36965324483276e-13	c30
PPP1R18	2.18345487298074e-10	0.241376401415782	74.3529411764706	60.3423160961398	3.18481941516073e-08	c30
TUBB	0.000148323175391583	0.145489460857778	67.5294117647059	58.8929351784414	0.0062416422664182	c30
HLA-B	3.03511175002691e-05	0.128176136936752	100	99.8943918426803	0.00154013637508143	c30
TNF	5.53428349739532e-06	0.126632712273527	21.1764705882353	13.714493809177	0.00034789579880828	c30
DDAH2	0.00046354568773141	0.050343870596731	13.1764705882353	8.39766933721777	0.0169216775757553	c30
CLIC1	6.64053966678032e-26	0.406553145737589	97.4117647058823	87.2541879096868	3.7291057255416e-23	c30
VWA7	4.12094990912729e-06	0.0249748249342026	2.82352941176471	0.79388201019665	0.000264983370683463	c30
PSMB9	0.00072273299356572	0.145017013994883	92.9411764705882	86.4129643117261	0.0245716805641168	c30
ZBTB22	0.00108763773523799	0.0230703473862515	4.47058823529412	2.13765477057538	0.0338070718183662	c30
CDKN1A	1.43867668823701e-36	0.284656075951528	29.1764705882353	10.4479242534596	1.46893249495327e-33	c30
CPNE5	0.000448566411831348	0.0128433879825154	2.11764705882353	0.680990531682447	0.0164282572611363	c30
PIM1	1.74838265447778e-09	0.214202999692561	50.3529411764706	38.401310997815	2.25708832030553e-07	c30
RUNX2	1.32924743762972e-10	0.124440125568366	20.9411764705882	11.3000728332119	1.99944924837035e-08	c30
RP1-244F24.1	0.00049319560721949	0.029633076138353	4.47058823529412	2.05753823743627	0.0179070396440232	c30
CLIC5	1.35775438379951e-08	0.0931670942667773	15.5294117647059	8.08812818645302	1.51484027177949e-06	c30
ADGRF2	3.99680451294342e-07	0.00404332747762014	0.470588235294118	0.0254916241806264	3.16866661786155e-05	c30
SMAP1	1.18543597819477e-05	0.135372699163143	43.2941176470588	34.3809176984705	0.000662389383902068	c30
RP1-273N12.4	9.14272338779186e-16	0.00242196857521005	0.235294117647059	0	2.36965324483276e-13	c30
SIM1	0.000126911894111592	0.00218866130731814	0.235294117647059	0.010924981791697	0.00542618770509126	c30
RP3-355L5.5	0.000746762061425049	0.00187167016697402	0.235294117647059	0.0145666423889294	0.0245716805641168	c30
PRDM1	1.16407905129686e-09	0.213483229229217	47.5294117647059	34.2388929351784	1.53212810759361e-07	c30
SCML4	9.39711992626992e-06	0.156577134995633	52.2352941176471	41.959213401311	0.000539397885512331	c30
SNX3	1.22758830582916e-06	0.151479851424224	67.0588235294118	57.8732702112163	9.03108305166106e-05	c30
WISP3	9.14272338779186e-16	0.0028190083729413	0.235294117647059	0	2.36965324483276e-13	c30
DSE	8.55688693841819e-25	0.121724440381741	13.8823529411765	3.99490167516387	4.50493357036035e-22	c30
THEMIS	1.04044784664753e-08	0.167712232358214	41.1764705882353	29.2097596504006	1.1764043538571e-06	c30
TMEM200A	9.88040393677787e-09	0.0639860839685957	9.41176470588235	3.96212672978878	1.12469706164119e-06	c30
IFNGR1	2.43772915985746e-10	0.165306006891689	32.7058823529412	20.6336489439184	3.52518653700589e-08	c30
RP11-356I2.4	0.00141052851771398	0.0616174730317314	16	11.2527312454479	0.0414353512431168	c30
TNFAIP3	7.72984489673333e-13	0.346661355755772	86.1176470588235	76.6533139111435	1.44694107750296e-10	c30
PERP	1.46565689121303e-29	0.248149369340562	32.4705882352941	13.8820101966497	1.09741873983404e-26	c30
ABRACL	8.65261615299507e-26	0.377600672302116	85.1764705882353	68.4340859431901	4.77936473211502e-23	c30
RP1-225E12.2	0.00132932100178891	0.00714025570128167	0.941176470588235	0.207574654042243	0.0396658293187582	c30
CITED2	2.03381632989144e-05	0.207812784845286	58.3529411764706	48.8383102694829	0.00107917177038366	c30
ULBP2	0.00109504529746005	0.0148450360265315	2.35294117647059	0.859431900946832	0.0340059504632432	c30
PNLDC1	0.000746762061425049	0.00170196072145875	0.235294117647059	0.0145666423889294	0.0245716805641168	c30
CCR6	5.16526045330111e-05	0.067157694266374	14.8235294117647	9.06773488710852	0.00249338518214223	c30
CHST12	1.27992386838325e-05	0.123272675654036	40.9411764705882	31.0560815731974	0.000706979587234514	c30
ACTB	1.0675035790954e-13	0.198194769728276	100	99.952658412236	2.20665433092272e-11	c30
AC002480.3	6.39336687356178e-06	0.0074363822687782	0.705882352941177	0.0728332119446468	0.000395989160731233	c30
AC073072.5	3.23850582685791e-22	0.0071935684379129	0.705882352941177	0.010924981791697	1.51553076847431e-19	c30
IL6	5.92962300500004e-08	0.00508879963406339	0.470588235294118	0.021849963583394	5.44394325696107e-06	c30
NUPL2	0.000929333890390433	0.0710626814902015	19.7647058823529	14.5120174799709	0.0295684382462845	c30
SNX10	5.05591562818484e-05	0.0796018959360427	20.4705882352941	13.8383102694829	0.00245113699533899	c30
JAZF1	5.01853419868856e-05	0.0795988902189653	19.0588235294118	12.6584122359796	0.00243652004741516	c30
SEPT7	0.00138592354794267	0.109494338874058	72.7058823529412	67.1522214129643	0.0408193251961367	c30
STK17A	0.000636257770237913	0.133933063010615	86.1176470588235	80.4806991988347	0.0220103381010228	c30
MYO1G	0.000954471207494964	0.0944560541468495	35.7647058823529	28.7072104879825	0.0302539537773615	c30
UPP1	3.59205307099113e-10	0.166711004771426	39.7647058823529	26.5149308084486	4.96027197434325e-08	c30
SEC61G	3.89655832338544e-09	0.205909537020964	72	60.6372906045157	4.7916290565018e-07	c30
KCTD7	0.00128737359101056	0.0418640226816811	8.47058823529412	5.06919155134741	0.0387292551567051	c30
STX1A	0.000544494626603268	0.027793457691947	4.47058823529412	2.0611798980335	0.019455145226692	c30
NCF1	3.98013805892449e-14	0.272224100232116	54.3529411764706	38.5142024763292	8.70823193229881e-12	c30
MDH2	0.00079150494772053	0.115219219527899	61.8823529411765	54.027676620539	0.0258420229733484	c30
SSC4D	0.000338432245770384	0.00413766462371157	0.470588235294118	0.0509832483612527	0.0128994752137865	c30
PTPN12	0.000766042005879713	0.0318967606929153	4.70588235294118	2.26875455207575	0.0251079954728707	c30
ABCB4	0.000746052464215566	0.0016264633523446	0.235294117647059	0.0145666423889294	0.0245716805641168	c30
ARPC1B	4.85108286400442e-08	0.24184767507222	81.1764705882353	66.7115804806992	4.54034405610458e-06	c30
GNB2	4.30827986211378e-07	0.184745955126435	72.9411764705882	62.7057538237436	3.37588794590841e-05	c30
POLR2J	0.00111746600645771	0.0969277720527125	41.4117647058824	34.2607428987618	0.0346383621173745	c30
AC090498.1	2.65140921243999e-05	0.189189348858775	100	99.0932265112891	0.00136600278293506	c30
TBXAS1	3.31813521641522e-09	0.082288223709213	12	5.51347414420976	4.17168835753337e-07	c30
NDUFB2	1.21659476904943e-09	0.214408492834135	72.2352941176471	62.5782957028405	1.58883504450975e-07	c30
TRBV5-1	0.000350970284506159	0.127410296652807	9.88235294117647	5.77567370721049	0.0133021290957824	c30
GSTK1	7.69060106398152e-14	0.259233921426075	91.2941176470588	84.1587764020393	1.61954445156121e-11	c30
ZYX	2.84708893029502e-12	0.265698539453004	78.1176470588235	64.1041514930808	5.0489376009137e-10	c30
GIMAP1-GIMAP5	9.14272338779186e-16	0.00246044522024762	0.235294117647059	0	2.36965324483276e-13	c30
NOS3	7.25460927673353e-05	0.0246171976439624	3.29411764705882	1.17989803350328	0.00338555131537756	c30
WDR86	1.63157617288118e-06	0.0430333707625562	6.82352941176471	2.86962855061908	0.000117970660019439	c30
RHEB	3.01558604196753e-06	0.123603349648144	38.1176470588235	28.5287691187181	0.000200804656320265	c30
LINC01003	4.09022200818537e-05	0.0555095257085361	10.1176470588235	5.5972323379461	0.00201780293329133	c30
PLCXD1	0.000238175410727208	0.0224944999903956	3.29411764705882	1.26729788783685	0.0094191106678903	c30
CD99	2.28954061184509e-29	0.403532446146354	97.4117647058823	88.1718863801894	1.67703872555453e-26	c30
TMSB4X	5.64088255667381e-41	0.231834024285263	100	99.9854333576111	8.63926803929851e-38	c30
PPEF1	0.000126911894111592	0.00267049354332379	0.235294117647059	0.010924981791697	0.00542618770509126	c30
ADGRG2	6.8756360977445e-06	0.00275762171252679	0.235294117647059	0.00728332119446468	0.000404182953488253	c30
DYNLT3	2.6095580106079e-15	0.185538015552954	37.8823529411765	22.3561544064093	6.46517997128108e-13	c30
TIMP1	2.17838081493296e-67	0.489983338947629	54.5882352941177	21.598689002185	5.24274022702509e-64	c30
RBM3	9.04875749528742e-05	0.149300381952109	80.2352941176471	73.8346686088857	0.00417084589666504	c30
PLP2	4.2625036108044e-30	0.459526518050874	87.5294117647059	69.2825928623452	3.41954277767722e-27	c30
PAGE2B	0.000743927428075727	0.00298034138682674	0.235294117647059	0.0145666423889294	0.0245716805641168	c30
MSN	4.21636899703254e-09	0.224806269359393	71.2941176470588	61.5367807720321	5.12874862765395e-07	c30
RP6-159A1.4	2.91372622066259e-08	0.0203138177439308	1.88235294117647	0.313182811361981	2.79701114755001e-06	c30
IL2RG	2.88976503238335e-06	0.171167080811019	94.5882352941177	89.9344501092498	0.000193574041751738	c30
CXCR3	3.4115526531486e-16	0.336106409712489	72.2352941176471	53.5396941005098	1.06434125088138e-13	c30
PGK1	5.40899942953253e-06	0.165465920342855	77.6470588235294	70.5935906773489	0.000340655750988167	c30
TSC22D3	2.60561723412806e-07	0.221441144018778	95.5294117647059	94.0458849235251	2.17850290537744e-05	c30
SLC25A43	1.75626229307915e-05	0.0534563329700422	9.41176470588235	4.92352512745812	0.000943787905949104	c30
NDUFA1	0.000231517510352	0.131167244837841	78.1176470588235	71.7662053896577	0.00918629916176795	c30
APLN	2.1940704947257e-08	0.00213034754027297	0.235294117647059	0.00364166059723234	2.15417560722879e-06	c30
SASH3	2.85449292852802e-06	0.153328663559406	56.7058823529412	45.7538237436271	0.000191592200664986	c30
FHL1	0.000446323336064025	0.0527594112821684	10.8235294117647	6.66788055353241	0.0163638938904693	c30
CD40LG	2.12207400102799e-72	0.605748614638713	63.2941176470588	26.2600145666424	6.50010558096701e-69	c30
ARHGEF6	0.00137335808987494	0.0786697753930193	28.9411764705882	22.7603787327021	0.0405911644563565	c30
IDS	1.16425678577135e-05	0.154892073436736	61.4117647058824	54.3772760378733	0.000652719935770046	c30
SSR4	3.86836275885409e-07	0.180497639892103	88.7058823529412	81.8099053168245	3.10334797135309e-05	c30
XX-FW83128A1.2	6.8756360977445e-06	0.00294044241263505	0.235294117647059	0.00728332119446468	0.000404182953488253	c30
FAM50A	0.000462455144389834	0.0945323321725877	35.2941176470588	28.3466860888565	0.0169001774783851	c30
GAB3	4.00600725644075e-06	0.0727586734756735	14.8235294117647	8.57611070648216	0.000259573862497144	c30
RP13-228J13.1	9.14272338779186e-16	0.00265175900172378	0.235294117647059	0	2.36965324483276e-13	c30
WASIR1	2.1940704947257e-08	0.00281953714597356	0.235294117647059	0.00364166059723234	2.15417560722879e-06	c30
MFHAS1	8.78394457038844e-13	0.115438891459519	16.7058823529412	7.65112891478514	1.62618806788279e-10	c30
CTSB	3.65335181549312e-26	0.344394163554273	56.9411764705882	35.7028404952658	2.12234544950388e-23	c30
MSR1	0.00012676091681952	0.00237577604780518	0.235294117647059	0.010924981791697	0.00542618770509126	c30
LZTS1	3.69528958406404e-08	0.0192370962567332	1.88235294117647	0.316824471959213	3.51720585439135e-06	c30
DOK2	3.73450700766867e-13	0.243689589965333	59.5294117647059	43.135469774217	7.35850755066598e-11	c30
PDLIM2	3.40858784044809e-06	0.133325048061297	39.0588235294118	29.6613255644574	0.000224753343827902	c30
CLU	5.85952872494028e-40	0.216528580391585	21.6470588235294	6.18353969410051	7.31225780956066e-37	c30
GTF2E2	0.00141593111870097	0.0734272689660056	28.4705882352941	22.1376547705754	0.0415161684348216	c30
KB-1836B5.4	0.000127063040877219	0.00262376732879814	0.235294117647059	0.010924981791697	0.00542618770509126	c30
CEBPD	3.74045195117056e-74	0.38722478257611	30.8235294117647	7.40713765477058	1.40034208936379e-70	c30
PDE7A	0.000634707878948084	0.081943004899407	26.5882352941176	20.3204661325564	0.0219792880506441	c30
MYBL1	0.00157021357265173	0.0666186024227348	13.6470588235294	9.31536780772032	0.0453357121824572	c30
TRAM1	0.000346141596595591	0.1160346799227	51.2941176470588	44.6103423160961	0.0131486978079953	c30
MSC	0.00121043867745425	0.0474113970250943	9.88235294117647	6.12891478514203	0.0368756969241804	c30
TPD52	1.2656888704694e-07	0.0861359209126847	16.7058823529412	9.27530954115076	1.11639059690042e-05	c30
PAG1	0.000109703568208543	0.120403175064412	42.1176470588235	34.3190094683176	0.00493504943553893	c30
CA2	1.62619528139485e-05	0.0130798690473212	0.941176470588235	0.134741442097597	0.000880916781532446	c30
COX6C	3.61279968340364e-05	0.139270966728775	88.9411764705882	83.6234522942462	0.00180073480077814	c30
YWHAZ	6.46872467236234e-07	0.170207691374919	92.7058823529412	88.5251274581209	4.95357293433129e-05	c30
TMEM65	8.97872926511015e-05	0.0438188516804803	9.17647058823529	4.96722505462491	0.0041442370391592	c30
TMEM71	0.00101032174697214	0.05998288525363	15.5294117647059	10.7356154406409	0.0317264082462002	c30
DENND3	0.000889908795789914	0.0316240762974331	5.41176470588235	2.75309541150765	0.0285495049620398	c30
PSCA	2.01212488362255e-10	0.00509374780751314	0.470588235294118	0.0145666423889294	2.94767547081644e-08	c30
LY6E	0.00011483486168624	0.155312294322238	87.5294117647059	77.4435542607429	0.00514527370964918	c30
MAPK15	0.000126610108823902	0.00247982743228282	0.235294117647059	0.010924981791697	0.00542618770509126	c30
PLEC	1.05948937587425e-05	0.129486298756465	38.3529411764706	29.373634377276	0.00059796373585774	c30
DOCK8	6.41082592299752e-05	0.137368119102016	56.2352941176471	50.3495994173343	0.00300844524581446	c30
VLDLR-AS1	6.47858573088583e-06	0.00409615626906864	0.470588235294118	0.032774945375091	0.000398670100202934	c30
RLN1	1.29057184767618e-08	0.0632338013742035	9.64705882352941	4.11143481427531	1.44466869885719e-06	c30
PLIN2	3.96113147321675e-10	0.180972738162952	36.9411764705882	25.0036416605972	5.4476066881047e-08	c30
AQP3	1.94565567604482e-14	0.229110405695018	41.8823529411765	26.3109978150036	4.3997934462184e-12	c30
SIT1	8.53067871660544e-08	0.18153791024512	61.1764705882353	51.3255644573926	7.74751182418608e-06	c30
CCDC107	7.7043620154137e-20	0.300548195174267	57.6470588235294	39.4501092498179	3.28595916135885e-17	c30
TLN1	0.000117523476729477	0.116740317802017	45.6470588235294	37.5928623452294	0.00523095908180051	c30
GLIPR2	8.03051219741857e-30	0.359122809381879	60	35.924981791697	6.14954722681412e-27	c30
RP11-613M10.9	3.45873031173941e-06	0.00838036504571562	0.705882352941177	0.0691915513474144	0.000227614177976069	c30
FP325317.1	6.89752473009276e-06	0.0017965742388295	0.235294117647059	0.00728332119446468	0.000404182953488253	c30
LINC01189	2.19931266363953e-08	0.0023153087992689	0.235294117647059	0.00364166059723234	2.15417560722879e-06	c30
RP11-561O23.8	0.000746052464215566	0.00242486096123786	0.235294117647059	0.0145666423889294	0.0245716805641168	c30
ANXA1	4.50851043452932e-73	0.891146157629587	95.0588235294118	61.8099053168245	1.51909750581031e-69	c30
NMRK1	0.000517691341956539	0.100049082423123	33.8823529411765	27.2614712308813	0.0186158933573998	c30
OSTF1	1.55616709644688e-23	0.349447041556528	68.9411764705882	51.3656227239621	7.71080796289428e-21	c30
CTSL	1.14995812192824e-34	0.331878575341511	32.4705882352941	12.8659868900218	1.05058524055052e-31	c30
SUSD3	4.82978506021824e-10	0.193874066284727	50.1176470588235	37.7421704297159	6.53553324574271e-08	c30
CARD19	9.89210173020551e-05	0.0846531040982144	21.8823529411765	15.4260742898762	0.00450411453645331	c30
SEC61B	3.3360895195047e-10	0.238206583289543	77.8823529411765	65.4515659140568	4.6641576875598e-08	c30
NIPSNAP3A	0.00112238988635509	0.0477657195681404	10.3529411764706	6.53678077203205	0.0347590117930591	c30
C9orf152	2.19931266363953e-08	0.00294996325900276	0.235294117647059	0.00364166059723234	2.15417560722879e-06	c30
TXN	1.0248098909583e-28	0.393334783338757	72.9411764705882	49.1005098324836	7.04692744203038e-26	c30
GNG10	0.000247602160440022	0.088506963954389	25.8823529411765	19.373634377276	0.00974615326386228	c30
PTBP3	0.000496581483723537	0.101177703843996	35.5294117647059	28.6234522942462	0.0179912005511622	c30
TLR4	0.000126610108823902	0.00287898545493093	0.235294117647059	0.010924981791697	0.00542618770509126	c30
STOM	5.07600366304613e-08	0.173608240467073	52.2352941176471	39.5848506919155	4.7246095973115e-06	c30
HSPA5	0.00065938694637669	0.116091858172781	52.9411764705882	45.5316824471959	0.022717161320262	c30
FAM102A	4.03361012497886e-06	0.16056957035215	52.2352941176471	41.9519300801165	0.000260860766892587	c30
RP11-339B21.13	6.89752473009276e-06	0.00122267096536301	0.235294117647059	0.00728332119446468	0.000404182953488253	c30
RP11-167N5.5	6.88657209556215e-06	0.00269046119981105	0.235294117647059	0.00728332119446468	0.000404182953488253	c30
DNLZ	0.00105590722874013	0.0348628659378496	6.11764705882353	3.29206117989803	0.0329118761934967	c30
AGPAT2	9.93539120814795e-05	0.0806662974973557	23.0588235294118	16.2782228696286	0.00451772026136757	c30
PHPT1	0.00165670717077116	0.0951546813603832	37.6470588235294	31.0087399854334	0.0473863254770487	c30
C9orf142	5.91626077194288e-11	0.245602791348043	79.2941176470588	68.3248361252731	9.27174374185318e-09	c30
CLIC3	1.63050638272844e-07	0.11389996859351	25.8823529411765	16.0305899490168	1.41593510463021e-05	c30
FUT7	1.87693620093332e-07	0.034589939313875	4.47058823529412	1.42024763292061	1.61330327434304e-05	c30
IFITM2	1.13152711358235e-10	0.272908918176575	93.4117647058823	87.2833211944647	1.73298520750198e-08	c30
SIGIRR	0.00115006199393121	0.111437381293738	58.1176470588235	51.9774217042972	0.0354206479191209	c30
RASSF7	3.62384353505187e-07	0.11964421248168	31.7647058823529	21.6824471959213	2.93513904014513e-05	c30
EPS8L2	3.20560548637721e-05	0.0716607996243843	15.7647058823529	9.8980335032775	0.00161933540116932	c30
TALDO1	6.24623930813256e-06	0.136619026660489	51.5294117647059	42.225054624909	0.000389021787889498	c30
POLR2L	2.65089478161814e-06	0.161542622353646	71.2941176470588	63.3831026948288	0.000179716798333686	c30
CTSD	3.56951284987435e-07	0.191972747548359	73.1764705882353	59.7378004369993	2.89810038466666e-05	c30
LSP1	9.38035306803001e-14	0.273407417591427	95.5294117647059	87.931536780772	1.95099763132224e-11	c30
RP13-726E6.1	9.14272338779186e-16	0.00243180766805643	0.235294117647059	0	2.36965324483276e-13	c30
RP11-685M7.3	2.1940704947257e-08	0.00310057098667127	0.235294117647059	0.00364166059723234	2.15417560722879e-06	c30
LDHA	3.21260115715641e-22	0.40946671215252	88	71.911871813547	1.51553076847431e-19	c30
HIPK3	0.00166404013309586	0.0488139664995463	10.8235294117647	7.02112163146395	0.0475556982566003	c30
CD44	1.62976583851486e-06	0.182555870211398	88.9411764705882	84.0422432629279	0.000117970660019439	c30
RP11-219O3.2	9.14272338779186e-16	0.00275419111454162	0.235294117647059	0	2.36965324483276e-13	c30
CD82	2.74299754304828e-09	0.223164867774201	68.2352941176471	54.7778587035688	3.47453230133341e-07	c30
MAPK8IP1	0.00154703074850575	0.0152154732179664	1.88235294117647	0.637290604515659	0.0448585662996149	c30
RP11-872D17.4	0.000187891054443675	0.0049038326584442	0.470588235294118	0.0473415877640204	0.00763144788430926	c30
STX3	7.33147350001644e-08	0.0447576814594491	5.17647058823529	1.72614712308813	6.71268119862918e-06	c30
ZP1	6.47858573088583e-06	0.00400160453090588	0.470588235294118	0.032774945375091	0.000398670100202934	c30
CD6	2.62609292699218e-16	0.310560001345554	70.3529411764706	58.0262199563001	8.42700715067377e-14	c30
RP11-881M11.8	0.000126911894111592	0.00239731215807576	0.235294117647059	0.010924981791697	0.00542618770509126	c30
CD5	0.000644008711261755	0.121894362677868	53.1764705882353	46.9227967953387	0.022255620017696	c30
FTH1	1.60176628453623e-09	0.150745240567333	100	99.6285506190823	2.07576589196783e-07	c30
AHNAK	9.98261655678276e-32	0.494879321155072	82.8235294117647	61.7989803350328	8.20376298205459e-29	c30
FKBP2	0.00067693503042597	0.101723232604559	40.9411764705882	33.5433357611071	0.0232504066413585	c30
RASGRP2	0.00101213921120255	0.0692918757572246	26.1176470588235	19.5957756737072	0.0317532761473544	c30
CAPN1	0.000162001186833701	0.0845241538802343	28.9411764705882	21.5914056809905	0.00668929900634157	c30
FAM89B	1.16677102027321e-07	0.0745063330422248	12.7058823529412	6.42024763292061	1.03728714398643e-05	c30
CFL1	2.51867908841817e-12	0.197447122175605	99.5294117647059	97.9351784413693	4.53820177567711e-10	c30
CCDC85B	0.000830544901754078	0.111676874507375	55.2941176470588	48.8128186453023	0.027011949729442	c30
PPP1CA	1.39803703494461e-08	0.204727611522311	76.9411764705882	67.0648215586307	1.54952170577051e-06	c30
TBC1D10C	0.000216259450914535	0.13504934014594	71.2941176470588	64.4610342316096	0.00865468079472425	c30
CORO1B	0.000793873072544239	0.138170101084192	72.9411764705882	65.1893663510561	0.0258942490864527	c30
PTPRCAP	7.57700840675593e-05	0.198337620349529	82.8235294117647	77.1558630735615	0.00352623924388445	c30
RP11-119D9.1	0.000235460296346869	0.0209565207651484	3.29411764705882	1.26365622723962	0.00932267829037767	c30
SPCS2	1.13074569116009e-06	0.154839235637222	58.1176470588235	46.6241806263656	8.35511958726928e-05	c30
CTSC	1.06306957481778e-07	0.191255086566493	64.2352941176471	51.6423889293518	9.5263474079549e-06	c30
FDX1	0.00152112828626006	0.0855581041179263	36.2352941176471	29.5411507647487	0.0441835314459021	c30
CRYAB	2.1940704947257e-08	0.0031881952541113	0.235294117647059	0.00364166059723234	2.15417560722879e-06	c30
RNF214	2.50376897339246e-05	0.094667715083225	22.1176470588235	15.2148579752367	0.00129588313040684	c30
RP11-334E6.10	2.19931266363953e-08	0.00194401698625942	0.235294117647059	0.00364166059723234	2.15417560722879e-06	c30
DDX25	9.14272338779186e-16	0.00196174322277508	0.235294117647059	0	2.36965324483276e-13	c30
FLI1	0.000142937629564755	0.11653171113325	46.1176470588235	37.8732702112163	0.00604283624912779	c30
KLF6	7.47547123179574e-17	0.387351816732702	97.1764705882353	90.7793153678077	2.54422755236491e-14	c30
ATP5C1	3.92570338245202e-05	0.13508059150933	60.2352941176471	50.4588492352513	0.00194232965885959	c30
GATA3	0.00174138292582231	0.103042646923541	44.4705882352941	38.2520029133285	0.0494306287301237	c30
RP11-138I18.1	2.1940704947257e-08	0.00156573841333043	0.235294117647059	0.00364166059723234	2.15417560722879e-06	c30
VIM	2.08442412804276e-71	0.759861097442918	99.7647058823529	93.7691187181355	5.85271554752272e-68	c30
ITGB1	4.68491158432157e-30	0.455594185468799	72.9411764705882	49.1514930808449	3.67100955632862e-27	c30
ARHGAP22	9.21866163714663e-20	0.0161646517619627	1.17647058823529	0.0473415877640204	3.83473561977801e-17	c30
C10orf128	5.84659034925657e-14	0.058780081614536	8	2.34522942461763	1.24680389384716e-11	c30
PRKG1	9.14272338779186e-16	0.00128239291415122	0.235294117647059	0	2.36965324483276e-13	c30
REEP3	0.00146629934789119	0.0703554444479698	18.5882352941176	13.6853605243991	0.042812383213038	c30
H2AFY2	5.66162835758611e-05	0.0209025765524846	3.29411764705882	1.15804806991988	0.00269439132599585	c30
PPA1	0.000351793038749763	0.104186486503303	44.2352941176471	36.7625637290604	0.0133183310647579	c30
SH2D4B	2.1940704947257e-08	0.00312253601089206	0.235294117647059	0.00364166059723234	2.15417560722879e-06	c30
KIF20B	0.000397633460299278	0.0679303470043443	15.0588235294118	10.0546249089585	0.0147716227247231	c30
PGAM1	5.80276752589537e-05	0.146847295913454	72.9411764705882	63.1099781500364	0.00275766500729927	c30
CALHM2	3.37247414287148e-12	0.170488487855818	33.6470588235294	20.4770575382374	5.91834082134956e-10	c30
RP11-59C5.3	6.89752473009276e-06	0.00255136770099201	0.235294117647059	0.00728332119446468	0.000404182953488253	c30
ADAM8	8.38771897111106e-15	0.20390295742993	36.7058823529412	22.1595047341588	2.01868430723297e-12	c30
LINC00940	9.14272338779186e-16	0.00274484260971756	0.235294117647059	0	2.36965324483276e-13	c30
RHNO1	0.000187989011217923	0.0839495642528306	24	17.4326292789512	0.00763144788430926	c30
CCND2-AS2	6.8756360977445e-06	0.00300805518009296	0.235294117647059	0.00728332119446468	0.000404182953488253	c30
TNFRSF1A	0.000115767055416905	0.0953145996210538	28.4705882352941	21.1471230881282	0.00518015294185549	c30
GAPDH	2.50945951956011e-10	0.215012066237545	99.7647058823529	98.2046613255645	3.61340722444694e-08	c30
CD4	1.57935285007488e-21	0.282707810403336	49.8823529411765	29.1296431172615	7.00193617505564e-19	c30
U47924.32	0.000746052464215566	0.00183262229056356	0.235294117647059	0.0145666423889294	0.0245716805641168	c30
CLSTN3	4.89165331278389e-07	0.110912433752847	26.5882352941176	17.5091041514931	3.79768126085116e-05	c30
SLC2A3	0.00125203629662625	0.158161995796808	65.8823529411765	60.1201747997087	0.0379030646707321	c30
C3AR1	3.28017009866344e-07	0.0513528734529059	8	3.44501092498179	2.66961476580594e-05	c30
M6PR	0.000187806600640288	0.128846627273115	55.2941176470588	46.4603058994902	0.00763144788430926	c30
KLRG1	3.28345806827606e-05	0.114105315020117	34.1176470588235	25.0546249089585	0.00165370457627046	c30
KLRB1	7.73117607937965e-19	0.395137078624978	41.8823529411765	24.5593590677349	2.86257414086393e-16	c30
CD69	8.15024444284408e-17	0.464822234675756	96.9411764705882	86.0160233066278	2.7189538243286e-14	c30
AC091814.3	0.00012676091681952	0.00294432016727914	0.235294117647059	0.010924981791697	0.00542618770509126	c30
PRH2	0.000126911894111592	0.00232557106420786	0.235294117647059	0.010924981791697	0.00542618770509126	c30
ARHGDIB	4.48745722259269e-13	0.187191134413066	99.7647058823529	98.3394027676621	8.72380255907269e-11	c30
PLEKHA5	0.00155026570593196	0.0349213433263658	8	4.70138383102695	0.0448751311818484	c30
RAPGEF3	0.000335408231632847	0.00557630166527585	0.470588235294118	0.0509832483612527	0.0128132028986816	c30
CCDC65	3.45618193261118e-05	0.0289372148031593	4	1.51128914785142	0.00173035058005053	c30
FKBP11	7.54660347863467e-16	0.225387228359558	40.7058823529412	24.6977421704297	2.23048471586944e-13	c30
TUBA1C	9.98279689150655e-07	0.111324133424406	25.4117647058824	16.7880553532411	7.45810107455481e-05	c30
GALNT6	1.31572499462539e-05	0.06646321462512	12.9411764705882	7.46904588492353	0.000723198009280714	c30
ITGB7	1.9548999557727e-06	0.144847531107248	44.2352941176471	34.2097596504006	0.000137813194052532	c30
AMHR2	2.1940704947257e-08	0.00278654950461859	0.235294117647059	0.00364166059723234	2.15417560722879e-06	c30
ITGA5	5.78184409324635e-07	0.0872596547148849	17.4117647058824	10.109249817917	4.46819850637254e-05	c30
CD63	2.52891304978767e-08	0.153316484127736	46.8235294117647	32.8587035688274	2.44854012355016e-06	c30
RPS26	5.31813795235725e-09	0.289104779052117	98.5882352941176	94.639475600874	6.2873452690079e-07	c30
ESYT1	0.00129009511112188	0.0874000235306963	30.8235294117647	24.6321922796795	0.0387765072918292	c30
MYL6	3.0058678399184e-28	0.320937040169965	99.2941176470588	96.6096139839767	2.02559421996421e-25	c30
PTGES3	0.000347381659541864	0.122802076423717	80.7058823529412	76.0123816460306	0.0131809432844635	c30
MYO1A	0.000744635148044857	0.00254861320172201	0.235294117647059	0.0145666423889294	0.0245716805641168	c30
IL26	3.36509473847593e-09	0.0100483895082702	0.941176470588235	0.0764748725418791	4.19938896734104e-07	c30
RAP1B	0.00116331685057907	0.112861175361361	68.4705882352941	61.8426802621996	0.0357635017914336	c30
CTD-2021H9.3	0.000743927428075727	0.00253806703056372	0.235294117647059	0.0145666423889294	0.0245716805641168	c30
GLIPR1	1.97853805679755e-46	0.51872712296059	72.4705882352941	43.7509104151493	3.33324306428683e-43	c30
PHLDA1	1.12071557913433e-07	0.197443190678475	31.7647058823529	22.2032046613256	1.00162840114993e-05	c30
OSBPL8	5.93636251920532e-10	0.198573989750853	51.2941176470588	38.4304442825929	8.00079194888417e-08	c30
DUSP6	1.00594754344255e-10	0.0900910287480947	11.7647058823529	4.95630007283321	1.54768933921247e-08	c30
ATP2B1	0.000102546820426085	0.102243066571332	29.8823529411765	22.6037873270211	0.0046441029132211	c30
BTG1	2.00600333201657e-11	0.199621953083576	100	99.8616168973052	3.24953251293107e-09	c30
RP11-486A14.2	0.000746762061425049	0.00205949722812137	0.235294117647059	0.0145666423889294	0.0245716805641168	c30
ELK3	3.18866573605256e-07	0.119526368371284	27.5294117647059	18.2556445739257	2.60774037161542e-05	c30
DRAM1	2.34902115870852e-05	0.0296171810733815	4.70588235294118	1.87181354697742	0.00122519998330534	c30
C12orf75	1.55149355685096e-18	0.309459774733722	54.1176470588235	35.611798980335	5.68217651136265e-16	c30
RP11-482D24.3	6.88657209556215e-06	0.00267823905472653	0.235294117647059	0.00728332119446468	0.000404182953488253	c30
ARPC3	8.29584868421333e-10	0.181338411647203	92.9411764705882	89.7050254916242	1.10920764113446e-07	c30
TESC	0.00061578628194993	0.062596989033584	17.4117647058824	12.0721048798252	0.0215008321077937	c30
PXN	1.99333907943125e-06	0.119538517960225	28.7058823529412	20.3969410050983	0.000140156527489795	c30
COX6A1	2.2496233610181e-06	0.169545904925451	88.2352941176471	80.1019664967225	0.000156286205208544	c30
DYNLL1	8.28362412490825e-09	0.217277035711043	64.7058823529412	50.782957028405	9.59135502627692e-07	c30
RHOF	1.48597706374662e-06	0.165428560405186	60.4705882352941	51.4748725418791	0.000108139333014856	c30
RP11-282O18.3	0.000126911894111592	0.00238039618912562	0.235294117647059	0.010924981791697	0.00542618770509126	c30
TMED2	2.87966999825779e-07	0.16551575489338	57.1764705882353	46.4530225782957	2.38397053860683e-05	c30
LINC00944	0.00151641073400775	0.0430219554272155	9.41176470588235	5.79024034959942	0.044084506705485	c30
GALNT9	0.000745343493256878	0.00248006115172218	0.235294117647059	0.0145666423889294	0.0245716805641168	c30
LATS2	0.000551758897898576	0.0100184443723584	1.41176470588235	0.367807720320466	0.01967297810137	c30
GTF3A	3.50606294861019e-05	0.146820197531833	65.8823529411765	57.4799708667152	0.00175012274059958	c30
LNX2	0.000612493102061756	0.0247344776173118	3.76470588235294	1.63146394756009	0.0214080317228929	c30
LINC00426	9.25447590253078e-05	0.0845129752371788	20.9411764705882	14.5666423889294	0.00425090281594112	c30
ALOX5AP	1.0358391114775e-40	0.616593934079717	88.2352941176471	61.143481427531	1.51745926183143e-37	c30
LINC00548	6.88657209556215e-06	0.00240036510331221	0.235294117647059	0.00728332119446468	0.000404182953488253	c30
RGCC	4.87192876843403e-14	0.332931399371257	69.1764705882353	53.0626365622724	1.05906301886204e-11	c30
TPT1	6.22834939564447e-09	0.148049659885795	100	99.9198834668609	7.33769246632325e-07	c30
LCP1	4.24451813842949e-17	0.335801191299866	91.7647058823529	79.373634377276	1.45933463424738e-14	c30
ITM2B	2.07043792982387e-05	0.115485601363501	94.8235294117647	94.388201019665	0.00109172669182293	c30
DZIP1	2.1940704947257e-08	0.00309775375372087	0.235294117647059	0.00364166059723234	2.15417560722879e-06	c30
MBNL2	0.00016033048694731	0.0815833604716668	21.1764705882353	14.8252002913328	0.00663657914889763	c30
TMTC4	0.000281994177311849	0.0369986767185023	6.58823529411765	3.37581937363438	0.0109464421778173	c30
TEX30	0.000201597217469097	0.0517819511861307	9.64705882352941	5.56809905316825	0.00813487023401646	c30
LINC00551	2.1940704947257e-08	0.00304434271233388	0.235294117647059	0.00364166059723234	2.15417560722879e-06	c30
TNFSF13B	5.45509894572597e-08	0.109662131991938	20	11.5841223597961	5.03572887335043e-06	c30
PNP	1.03005486636415e-14	0.206772710945933	37.4117647058824	22.7640203932993	2.41018532411622e-12	c30
TRAV38-2DV8	2.66770391773685e-06	0.12619121164384	6.82352941176471	2.95702840495266	0.000180190244777922	c30
DAD1	4.00393514725365e-06	0.159697366790083	73.6470588235294	66.2527312454479	0.000259573862497144	c30
PSME1	9.26029164510233e-05	0.136695957061367	95.0588235294118	91.646030589949	0.00425090281594112	c30
DHRS1	0.000865348428102432	0.0536364005033062	14.3529411764706	9.57756737072105	0.027916545472904	c30
CIDEB	0.000116814467996638	0.0618856993512135	12.9411764705882	7.96067006554989	0.00521317441679301	c30
NFKBIA	4.86317779106567e-13	0.408217999089427	87.0588235294118	78.5069191551348	9.3102223006913e-11	c30
RPL36AL	1.22108158918618e-06	0.120377848542761	98.1176470588235	97.6474872541879	9.00287156806109e-05	c30
ARF6	2.96309854919324e-05	0.147372311208115	64.4705882352941	53.5360524399126	0.00150813659390509	c30
GNG2	0.000109859927130334	0.136230723186601	59.7647058823529	49.5010924981792	0.00493549384630597	c30
LGALS3	7.64654293749909e-65	0.662770630474632	64.7058823529412	30.8594319009468	1.51554481021232e-61	c30
KTN1	2.6399826795785e-06	0.15936065258161	63.0588235294118	51.0670065549891	0.000179700154354986	c30
DHRS7	0.000261148330451938	0.123542384987361	58.5882352941177	51.4020393299344	0.0102315486584275	c30
PLEKHG3	9.19406369174579e-38	0.105989434288209	11.0588235294118	2.01019664967225	1.03261594009894e-34	c30
ZFP36L1	6.08182737236441e-13	0.337812960541495	87.7647058823529	75.7101238164603	1.15774627957314e-10	c30
BATF	1.01583427010736e-09	0.275963648909424	56.4705882352941	43.5761107064822	1.3475401534251e-07	c30
GPR65	2.30446056101121e-06	0.131008446884687	32.9411764705882	24.0349599417334	0.000159438386330004	c30
CALM1	7.66151668969795e-17	0.251980858910748	96.7058823529412	94.0640932265113	2.58147143342683e-14	c30
TC2N	5.29355568874403e-09	0.219045386101057	65.6470588235294	51.4202476329206	6.28031920339934e-07	c30
KIF26A	2.1940704947257e-08	0.00275768225564239	0.235294117647059	0.00364166059723234	2.15417560722879e-06	c30
CDCA4	0.00117099855720892	0.058705973446534	16.7058823529412	11.7261471230881	0.0359668417380103	c30
JAG2	3.71244476281081e-15	0.0358082713031671	4	0.695557174071377	9.06428361145995e-13	c30
NUDT14	3.32727435833573e-12	0.14952507041523	23.0588235294118	12.3816460305899	5.86959069265781e-10	c30
CRIP1	1.03167796521437e-15	0.467385164181754	79.0588235294118	66.2818645302258	2.63343616363129e-13	c30
IGHV4-55	0.000126911894111592	0.00249971736559118	0.235294117647059	0.010924981791697	0.00542618770509126	c30
RP11-265N7.2	6.8756360977445e-06	0.00290001891102915	0.235294117647059	0.00728332119446468	0.000404182953488253	c30
CAPN3	0.00128365012837799	0.0151760904214693	2.35294117647059	0.870356882738529	0.0386517492632423	c30
PDIA3	7.6960914516279e-06	0.157349566173776	70.5882352941177	62.8332119446468	0.000446320319055336	c30
B2M	2.27754539893559e-26	0.146580590620784	100	100	1.39526572130429e-23	c30
CCPG1	0.00021484221158846	0.0808476592943824	25.6470588235294	18.8783685360524	0.00861773033007331	c30
ANXA2	5.75257935476611e-56	0.605440970663195	77.8823529411765	44.7523670793882	1.07681893766383e-52	c30
RORA	9.96020434159008e-17	0.274187995174236	51.2941176470588	34.0021849963583	3.226914664284e-14	c30
C2CD4A	6.88657209556215e-06	0.00209186151089648	0.235294117647059	0.00728332119446468	0.000404182953488253	c30
FAM96A	0.000105230464536118	0.106532964699396	40.2352941176471	32.4726875455208	0.00475286229501335	c30
PPIB	4.23837062415077e-18	0.286310964902026	91.0588235294118	84.027676620539	1.51923042351209e-15	c30
NOX5	0.000126911894111592	0.00165495372341729	0.235294117647059	0.010924981791697	0.00542618770509126	c30
RPLP1	1.25983103245594e-06	0.0937846670628728	100	100	9.22798843642839e-05	c30
LOXL1	1.42637470199558e-10	0.0398338847214184	4	0.932265112891479	2.12656058447075e-08	c30
SCAMP2	0.00123909150453922	0.111777122942562	53.1764705882353	45.3058994901675	0.0375946302050989	c30
COX5A	2.05499653147864e-05	0.145963214141145	69.4117647058823	58.463219227968	0.00108869580395662	c30
UBE2Q2	2.00080992825403e-06	0.0991389946525875	22.8235294117647	14.8761835396941	0.000140156527489795	c30
CTSH	5.98063971705949e-19	0.142529148316977	17.6470588235294	6.90094683175528	2.26417611940003e-16	c30
RP11-382A20.3	0.00156361432804117	0.0176770290204482	2.11764705882353	0.761107064821559	0.0451838946561056	c30
RP11-182J1.17	2.19931266363953e-08	0.00276143725504022	0.235294117647059	0.00364166059723234	2.15417560722879e-06	c30
CIB1	2.71521368080632e-17	0.287792093357535	81.1764705882353	73.0844865258558	9.52983435011333e-15	c30
IQGAP1	1.43327007050642e-07	0.181825191928643	60	48.4522942461763	1.25435329235437e-05	c30
SLCO3A1	1.6432748457938e-05	0.0428537191102106	6.35294117647059	2.85142024763292	0.000888740010500424	c30
VIMP	5.38920528944409e-05	0.100943468088141	33.6470588235294	25.469774217043	0.00258666500032093	c30
RGS11	0.000126610108823902	0.00266409064842575	0.235294117647059	0.010924981791697	0.00542618770509126	c30
NDUFB10	0.000623051687915071	0.110522514062873	65.1764705882353	58.5142024763292	0.0216870904675727	c30
CEMP1	3.99680451294342e-07	0.00475554753926186	0.470588235294118	0.0254916241806264	3.16866661786155e-05	c30
RP11-20I23.8	4.73156926433508e-05	0.00632594376203161	0.705882352941177	0.0873998543335761	0.00230383662994951	c30
IL32	4.46407012389596e-10	0.24034579407328	99.5294117647059	97.4071376547706	6.06501527236091e-08	c30
NLRC3	0.000933247022021613	0.0794415240595534	30.5882352941176	23.6744355426074	0.0296649293962229	c30
HMOX2	0.00131180312449959	0.100204731219559	50.5882352941176	43.4923525127458	0.0392115866297449	c30
C16orf96	0.000745343493256878	0.00167115460029743	0.235294117647059	0.0145666423889294	0.0245716805641168	c30
ATF7IP2	0.000124990984430213	0.0826707562795534	20	13.9147851420248	0.00542618770509126	c30
SOCS1	1.14013395145918e-05	0.194279149269792	60.4705882352941	50.6809905316824	0.000642402564556281	c30
DOC2A	0.000127063040877219	0.00128907426781083	0.235294117647059	0.010924981791697	0.00542618770509126	c30
CORO1A	2.31552580777131e-17	0.265191093974191	97.8823529411765	95.2986161689731	8.21256069126807e-15	c30
SEPT1	0.000693327993759167	0.121836911753625	79.7647058823529	74.1514930808449	0.0237649983944266	c30
CTD-2358C21.5	0.000746762061425049	0.00123697172339088	0.235294117647059	0.0145666423889294	0.0245716805641168	c30
NETO2	0.000120518625614958	0.0345367619534803	5.41176470588235	2.47997086671522	0.00534309812035577	c30
CHD9	0.000424013789754543	0.0874465783236842	24.2352941176471	18.135469774217	0.0156652638508658	c30
AKTIP	7.25443123900022e-06	0.110598147863988	25.6470588235294	17.8696285506191	0.000423623580878464	c30
LPCAT2	1.20019768854986e-09	0.00629179794537959	0.705882352941177	0.0400582665695557	1.57351988007778e-07	c30
ARL2BP	4.8950896598171e-06	0.12932413356282	40.9411764705882	31.4457392571012	0.000310028479319319	c30
TEPP	9.56804304295284e-06	0.027691173517623	3.29411764705882	1.05608157319738	0.000548274901852471	c30
USB1	0.000606309042639841	0.0699136622012761	22.8235294117647	16.7443554260743	0.0212138908439323	c30
CKLF	5.44921539146283e-29	0.433340926287539	64.9411764705882	41.536780772032	3.9065077319138e-26	c30
CMTM3	8.48032258008863e-08	0.178416229530753	52.4705882352941	41.3838310269483	7.72259429766233e-06	c30
TRADD	4.6083779552972e-09	0.179930105736944	43.7647058823529	31.8390386016023	5.54552452949228e-07	c30
E2F4	0.000468776655223363	0.0758970051475559	23.7647058823529	17.6547705753824	0.017057192895352	c30
FHOD1	0.000284557594316685	0.0539739465153312	11.7647058823529	7.24690458849235	0.0110205558424211	c30
PRCAT47	6.89752473009276e-06	0.00120956776825699	0.235294117647059	0.00728332119446468	0.000404182953488253	c30
MAP1LC3B	0.000895925263018104	0.112707765882772	57.8823529411765	50.5280407865987	0.0286679067541615	c30
CYBA	8.15730181732556e-10	0.225959061825516	97.4117647058823	91.959213401311	1.09502839614728e-07	c30
SNAI3	5.29157165500967e-06	0.0812548135117318	14.1176470588235	8.20101966496722	0.000333884298396809	c30
RNF166	0.00158320501469261	0.0891308293437306	39.5294117647059	32.6147123088128	0.0456716693193946	c30
APRT	0.000478562617559549	0.132102578668315	84.4705882352941	78.2957028404953	0.0173944863387826	c30
CPNE7	2.54053081222345e-40	0.348143134982223	43.2941176470588	18.8310269482884	3.42402580748227e-37	c30
YWHAE	0.00102862580922062	0.091503802963168	44.2352941176471	35.7865986890022	0.0321507588273466	c30
MYO1C	0.00167250800072577	0.0395464202261176	8	4.77057538237436	0.0477571903190289	c30
RTN4RL1	6.89752473009276e-06	0.00181290511179061	0.235294117647059	0.00728332119446468	0.000404182953488253	c30
CAMKK1	0.000230087235534411	0.0151281153272109	2.11764705882353	0.648215586307356	0.00914216900247221	c30
ARRB2	6.53098398363016e-12	0.231678588716997	57.6470588235294	42.8477785870357	1.09480086738525e-09	c30
RNF167	0.000363131024011199	0.123376565144731	60.2352941176471	51.8681718863802	0.0136402862018209	c30
PFN1	1.32951442492783e-21	0.238059466144323	100	99.5702840495266	5.97288787113575e-19	c30
YBX2	0.00012676091681952	0.00240074623121556	0.235294117647059	0.010924981791697	0.00542618770509126	c30
TMEM95	2.19931266363953e-08	0.0017086578321442	0.235294117647059	0.00364166059723234	2.15417560722879e-06	c30
TNFSF12	0.000790716927311049	0.047124445369202	10.1176470588235	6.20903131828114	0.0258413347709199	c30
STX8	0.000864385250441409	0.0773844483421428	28.7058823529412	22.2796795338674	0.027916545472904	c30
AC015922.6	6.88657209556215e-06	0.00262489731447218	0.235294117647059	0.00728332119446468	0.000404182953488253	c30
TRPV2	0.000123068060131118	0.0798340504283937	23.2941176470588	16.4311726147123	0.00542618770509126	c30
CTC-457L16.2	0.00012676091681952	0.00214150273441514	0.235294117647059	0.010924981791697	0.00542618770509126	c30
SLC35G3	6.88657209556215e-06	0.00229912741354597	0.235294117647059	0.00728332119446468	0.000404182953488253	c30
AC015849.19	9.14272338779186e-16	0.00293679864211087	0.235294117647059	0	2.36965324483276e-13	c30
CCL5	1.05680413452129e-08	0.693774907106225	88.9411764705882	64.4646758922068	1.19090162235988e-06	c30
CISD3	3.08867367384498e-06	0.114696112440449	33.6470588235294	24.3117261471231	0.000204459274590438	c30
ARL5C	2.1940704947257e-08	0.00296113951672231	0.235294117647059	0.00364166059723234	2.15417560722879e-06	c30
RARA	1.52604401389984e-05	0.101519997074131	21.4117647058824	14.5557174071377	0.00082933108071518	c30
IGFBP4	6.33559498621093e-06	0.0947879902633468	23.2941176470588	15.203932993445	0.000393133586492433	c30
EIF1	0.00015286022447144	0.0859876771373087	100	99.4246176256373	0.00639016427213486	c30
RAB5C	2.8102445197895e-05	0.119170733009945	39.7647058823529	30.7756737072105	0.00143903311321865	c30
CTD-2020K17.3	0.00131271649903105	0.016287723572456	2.35294117647059	0.873998543335761	0.0392115866297449	c30
TBX21	0.000121687795490778	0.0961747439400508	24	17.476329206118	0.00538784307656542	c30
RP11-6N17.6	0.000745343493256878	0.00228195212173164	0.235294117647059	0.0145666423889294	0.0245716805641168	c30
HOXB2	0.000152481616404589	0.107552206869221	24.4705882352941	18.3211944646759	0.00638225538277792	c30
CALCOCO2	1.60572958041529e-05	0.123466608075791	40.2352941176471	31.4930808448653	0.000871231118881045	c30
TOB1	0.000731069433326284	0.101529595060559	32.4705882352941	25.8339402767662	0.0245716805641168	c30
NME1-NME2	3.01470769497204e-05	0.0072151251322536	0.705882352941177	0.0837581937363438	0.00153208991062425	c30
RP5-1171I10.5	0.000418697057042364	0.0678335563056452	16.9411764705882	11.5549890750182	0.0154858162897754	c30
RP11-579A4.1	9.14272338779186e-16	0.00391467016831202	0.235294117647059	0	2.36965324483276e-13	c30
PPM1E	2.19931266363953e-08	0.00162917556718745	0.235294117647059	0.00364166059723234	2.15417560722879e-06	c30
SKA2	0.000672136842850088	0.0733738619898765	24.9411764705882	18.557902403496	0.0231091620234601	c30
CYB561	1.89339171116401e-07	0.0853588272316409	16.7058823529412	9.32629278951202	1.62330636936285e-05	c30
ERN1	4.12065896351782e-10	0.196247748753347	40	27.1886380189366	5.62111267679229e-08	c30
RP11-147L13.14	0.000848586015709057	0.00600317098774434	0.705882352941177	0.120174799708667	0.0274925550127894	c30
SLC9A3R1	7.87541549628663e-13	0.265523876866064	72	57.367079388201	1.46604557862918e-10	c30
HN1	5.08843886318433e-19	0.286840702641008	59.5294117647059	40.5753823743627	1.97068803512796e-16	c30
USP36	0.00123961637555247	0.078117625515464	23.5294117647059	18.0007283321194	0.0375946302050989	c30
ACTG1	3.15900884673739e-07	0.134911838697227	99.5294117647059	99.1624180626366	2.58977236209172e-05	c30
P4HB	3.395037374045e-05	0.136528061537927	56.4705882352941	48.8018936635106	0.00170734909374735	c30
ARHGDIA	7.22461781405871e-12	0.252552262528636	77.1764705882353	62.7166788055353	1.20508055755888e-09	c30
SLC16A3	0.000902484150760457	0.0665589016342513	18.8235294117647	13.5032774945375	0.0287957395603436	c30
RP13-516M14.10	9.14272338779186e-16	0.0030215627387938	0.235294117647059	0	2.36965324483276e-13	c30
RP11-497H17.1	2.00899592548702e-10	0.0050391689628036	0.470588235294118	0.0145666423889294	2.94767547081644e-08	c30
THOC1	0.000626571737024693	0.0581831482505472	12.4705882352941	8.08812818645302	0.0217422328602575	c30
LPIN2	2.87318234715693e-05	0.109049172612506	36.7058823529412	27.5455207574654	0.00146902892268749	c30
MYL12A	1.95058927025309e-39	0.390063100560935	99.7647058823529	96.5622723962127	2.34725553113955e-36	c30
MYL12B	1.26739486091615e-40	0.408817331140836	97.4117647058823	91.5331391114348	1.77931676848786e-37	c30
IMPA2	1.8250546201381e-05	0.0175063924910557	2.35294117647059	0.644573925710124	0.000976085561443384	c30
LDLRAD4	3.09037923472738e-05	0.132844634315622	36.7058823529412	29.0531682447196	0.00156582312684067	c30
FHOD3	2.1940704947257e-08	0.00279648070452913	0.235294117647059	0.00364166059723234	2.15417560722879e-06	c30
PSTPIP2	5.21793471622337e-05	0.0471388422440706	8	4.09322651128915	0.00251161560469186	c30
RP11-687F6.5	0.000744635148044857	0.00278375565603691	0.235294117647059	0.0145666423889294	0.0245716805641168	c30
SMAD7	0.000312323909711004	0.0468607719567205	8.94117647058824	5.08375819373634	0.011999363527711	c30
ACAA2	0.00161027105035597	0.0681365869777371	22.3529411764706	16.7297887836854	0.0463334524087907	c30
KDSR	5.12170428396117e-16	0.236152384856863	39.5294117647059	24.435542607429	1.55469102832241e-13	c30
CD226	0.0015496222782929	0.0820454954387063	24.2352941176471	18.9584850691916	0.0448751311818484	c30
PRNP	9.70739202752785e-16	0.232723237305031	44.2352941176471	27.836853605244	2.49680051126354e-13	c30
RASSF2	1.16211222822351e-05	0.0762849807697821	15.2941176470588	9.1660597232338	0.000652719935770046	c30
TMX4	1.45288237774305e-05	0.14898425844662	45.6470588235294	37.053896576839	0.000792126518376609	c30
PLCB1	5.21084966852652e-05	0.0436194685297368	6.82352941176471	3.29206117989803	0.00251161560469186	c30
DSTN	1.49525941354467e-14	0.224117704150097	48.2352941176471	32.4180626365623	3.45077196438178e-12	c30
BCL2L1	0.00117541805019643	0.0743391000648725	19.7647058823529	14.6540422432629	0.0360150930350556	c30
RP11-358N2.2	0.000744635148044857	0.00256440704592086	0.235294117647059	0.0145666423889294	0.0245716805641168	c30
COMMD7	2.48038837238341e-05	0.125726178709689	45.6470588235294	36.143481427531	0.00128575701260134	c30
CDK5RAP1	3.57447921992278e-06	0.0880235946085868	19.2941176470588	12.0975965040058	0.000234316153377584	c30
C20orf144	4.70190630839008e-05	0.00661337678030464	0.705882352941177	0.0873998543335761	0.0022927066737322	c30
NNAT	0.000743927428075727	0.00280649696728864	0.235294117647059	0.0145666423889294	0.0245716805641168	c30
ADA	6.02519501793804e-06	0.0899033390284499	21.8823529411765	14.3554260742899	0.00037594985358223	c30
YWHAB	3.26417604312466e-06	0.16059010793447	94.1176470588235	89.6649672250546	0.000215653230582436	c30
CASS4	0.00137673816664151	0.0484296870842201	11.2941176470588	7.32702112163146	0.0406554038447142	c30
ATP5E	7.49849544170355e-13	0.182417970733543	100	98.5433357611071	1.41147656655173e-10	c30
PSMA7	1.85267080749392e-06	0.166315218913378	85.4117647058823	78.7873270211216	0.000131974397859831	c30
NTSR1	5.9159037707575e-08	0.00683605627609354	0.470588235294118	0.021849963583394	5.44394325696107e-06	c30
LIME1	5.13559877012984e-08	0.175795602359183	46.8235294117647	36.1616897305171	4.75381497144931e-06	c30
RGS19	2.47227479786017e-11	0.204222048029572	46.5882352941176	33.6234522942462	3.98568550426319e-09	c30
PLPP2	1.86036335779925e-08	0.0229152685187562	2.58823529411765	0.531682447195921	2.02317289658442e-06	c30
CTD-3113P16.5	0.000562756759417522	0.00566215477620387	0.470588235294118	0.0546249089584851	0.0200438966721078	c30
R3HDM4	0.00140312248702517	0.104858404254054	50.8235294117647	44.5557174071377	0.0412776247302151	c30
CNN2	1.87810273622964e-15	0.306438232356057	87.0588235294118	75.2476329206118	4.68746619218678e-13	c30
AC005262.3	9.14272338779186e-16	0.003128340206061	0.235294117647059	0	2.36965324483276e-13	c30
AC007292.4	6.89752473009276e-06	0.00190586663528847	0.235294117647059	0.00728332119446468	0.000404182953488253	c30
PLIN3	0.000510678842717892	0.0630632002786464	17.6470588235294	12.2469045884924	0.0184424575847124	c30
C19orf70	1.19308415338588e-05	0.134258576881265	51.7647058823529	43.19737800437	0.000665559229539465	c30
ACSBG2	6.88657209556215e-06	0.00262088878552262	0.235294117647059	0.00728332119446468	0.000404182953488253	c30
CTD-2396E7.11	0.000745343493256878	0.00213340632198219	0.235294117647059	0.0145666423889294	0.0245716805641168	c30
TNFSF14	2.26547438323358e-25	0.216693447958153	29.4117647058824	12.727603787327	1.21163323601067e-22	c30
VAV1	0.00160512395711486	0.0662479774179821	20	14.8288419519301	0.0462248261632719	c30
MYO1F	1.03960078694385e-08	0.153967971417347	37.8823529411765	26.2272396212673	1.1764043538571e-06	c30
CALR	0.000278843154160139	0.143965377832527	77.1764705882353	70.8994901675164	0.0108742375419812	c30
STX10	1.87336186245218e-06	0.128159623457673	32.4705882352941	23.8892935178441	0.000132886430723082	c30
CTD-3252C9.4	1.31171201250738e-11	0.284481323684827	48.7058823529412	34.2425345957757	2.1351122970736e-09	c30
DDX39A	0.000132095968154262	0.113414925988225	37.6470588235294	30.1711580480699	0.00559150948616795	c30
RASAL3	0.000619482641630067	0.108839579524211	51.7647058823529	43.4231609613984	0.0215851583527233	c30
PGLYRP2	2.43386811462344e-36	0.144694516980649	15.5294117647059	3.73270211216315	2.34305006440349e-33	c30
CYP4F22	3.92615820093614e-09	0.0369379442300163	4.70588235294118	1.3401310997815	4.81047179717608e-07	c30
TPM4	1.58614644367659e-18	0.311225340348734	56.9411764705882	37.272396212673	5.74662562077841e-16	c30
RAB8A	0.000654311779152978	0.0913944924051384	39.7647058823529	32.0174799708667	0.0225885052118652	c30
SSBP4	1.45033933908559e-07	0.153207346643255	38.3529411764706	28.714493809177	1.26600346350129e-05	c30
ELL	7.06718806898758e-07	0.09173428092535	17.6470588235294	10.5899490167516	5.37521071775322e-05	c30
PBX4	2.03910792213874e-07	0.13715124837473	36.9411764705882	25.8958485069192	1.73499248304401e-05	c30
PDCD5	1.95508715964594e-06	0.137815433937	44.9411764705882	34.7815003641661	0.000137813194052532	c30
TBCB	5.1222672028334e-08	0.186612822535755	62.3529411764706	51.0305899490167	4.75381497144931e-06	c30
CAPNS1	0.000920068308006165	0.062150913146478	18.3529411764706	13.0335032774945	0.0293290270292902	c30
KCNK6	0.00058238317844812	0.0470845786709246	11.0588235294118	6.85724690458849	0.0206122046372174	c30
FAM98C	0.000890530353033294	0.065684077198665	20.4705882352941	14.7742170429716	0.0285495049620398	c30
ACTN4	6.9387427123262e-11	0.202857093153704	49.1764705882353	34.7378004369993	1.08237961550518e-08	c30
GMFG	4.16821342287592e-05	0.166002432121064	93.1764705882353	86.4967225054625	0.00205327168231552	c30
ZFP36	1.94041757373123e-08	0.333750434058297	87.5294117647059	82.9388201019665	2.10226462152091e-06	c30
HNRNPUL1	0.000577233256527269	0.109403281302287	48.2352941176471	40.8594319009468	0.0204945177507163	c30
TGFB1	7.84498320353345e-08	0.162858060693496	45.8823529411765	34.5375091041515	7.16338384986059e-06	c30
RPS19	2.5780419594289e-05	0.0992310181800287	100	99.9854333576111	0.00133023806709031	c30
RABAC1	7.82564490174745e-06	0.161843246092809	69.1764705882353	60.1201747997087	0.000453053744535186	c30
ETHE1	1.00197606936329e-06	0.142387111648265	39.0588235294118	30.1602330662782	7.46915523918733e-05	c30
PLAUR	3.81058456975543e-14	0.0487032041882676	5.64705882352941	1.32556445739257	8.40117090953563e-12	c30
TRAPPC6A	1.26968682451556e-06	0.128249561016094	39.5294117647059	29.3809176984705	9.28000604451787e-05	c30
VASP	0.000294398852810047	0.108804910215068	46.5882352941176	39.544792425346	0.0113495136688578	c30
AC074212.6	1.84002895322453e-05	0.00468733203751369	0.470588235294118	0.0364166059723234	0.000982534636290764	c30
FOXA3	0.000746762061425049	0.00166211836948142	0.235294117647059	0.0145666423889294	0.0245716805641168	c30
SLC1A5	0.00112656648059407	0.0606011525644006	14.8235294117647	10.203932993445	0.0348563186383257	c30
NPAS1	8.57940407956585e-07	0.00800505710246415	0.705882352941177	0.0619082301529497	6.46698973281637e-05	c30
MEIS3	0.00135251604846721	0.00563442459289057	0.470588235294118	0.0619082301529497	0.0401908693380483	c30
EMP3	2.25523007902596e-36	0.507070737521372	92.4705882352941	76.959213401311	2.23493300831473e-33	c30
KCNA7	2.19931266363953e-08	0.00248151831471784	0.235294117647059	0.00364166059723234	2.15417560722879e-06	c30
FLT3LG	8.85132124590995e-23	0.359336303446247	68	49.1005098324836	4.26052025799557e-20	c30
IL4I1	3.29769816224364e-09	0.0540049739286973	6.82352941176471	2.38164603058995	4.16152216773922e-07	c30
KLK5	6.8756360977445e-06	0.00293946298184155	0.235294117647059	0.00728332119446468	0.000404182953488253	c30
FPR3	0.000745343493256878	0.00262670018626131	0.235294117647059	0.0145666423889294	0.0245716805641168	c30
ZNF649-AS1	0.000744635148044857	0.00325045938615909	0.235294117647059	0.0145666423889294	0.0245716805641168	c30
ZNF534	0.000126911894111592	0.00288026636001143	0.235294117647059	0.010924981791697	0.00542618770509126	c30
AC008753.6	0.00135504325897854	0.00444963116013479	0.470588235294118	0.0619082301529497	0.0401908693380483	c30
MYADM	3.75327893644585e-14	0.223857987914006	39.2941176470588	24.1405680990532	8.37503182017261e-12	c30
LILRA6	3.98044467895487e-07	0.006802381874949	0.470588235294118	0.0254916241806264	3.16866661786155e-05	c30
LAIR1	9.88201017360208e-06	0.0882936905651457	19.5294117647059	12.5345957756737	0.00056263516094055	c30
TNNT1	0.000743927428075727	0.00273173756995433	0.235294117647059	0.0145666423889294	0.0245716805641168	c30
CHMP2A	7.54857749295043e-06	0.133598559117636	49.4117647058824	39.4246176256373	0.000440037664441993	c30
SLC25A18	2.19931266363953e-08	0.002336436528138	0.235294117647059	0.00364166059723234	2.15417560722879e-06	c30
RIMBP3B	1.85265712196295e-05	0.00397791305312746	0.470588235294118	0.0364166059723234	0.000987712485243983	c30
MIF	2.12299491856412e-07	0.17636709919805	96.2352941176471	92.367079388201	1.79729122578139e-05	c30
CTA-221G9.12	6.89752473009276e-06	0.00131456329815137	0.235294117647059	0.00728332119446468	0.000404182953488253	c30
XBP1	3.57706995691856e-22	0.343343299567709	57.8823529411765	38.1536780772032	1.65103828943033e-19	c30
TBC1D10A	2.44902472252301e-08	0.126178280341752	30.5882352941176	20.0910415149308	2.38489708094481e-06	c30
YWHAH	2.93805096262247e-14	0.229119198690428	47.2941176470588	31.4748725418791	6.59964594230676e-12	c30
RFPL2	2.86906116061175e-13	0.0239306076508717	2.11764705882353	0.247632920611799	5.75417540152693e-11	c30
MYH9	4.30399994386909e-08	0.201825292129853	81.6470588235294	73.9876183539694	4.05262867911442e-06	c30
NCF4	4.67050093369986e-09	0.139898155233584	33.1764705882353	21.2454479242535	5.60027966050118e-07	c30
RAC2	8.10552696029228e-05	0.12801312035023	97.6470588235294	95.6627822286963	0.00376181302203978	c30
LGALS1	1.73233899271074e-69	0.798568969938058	70.3529411764706	32.6620538965768	4.48995615541505e-66	c30
C22orf23	2.19931266363953e-08	0.00137020862489112	0.235294117647059	0.00364166059723234	2.15417560722879e-06	c30
SOX10	2.19931266363953e-08	0.00209330279476162	0.235294117647059	0.00364166059723234	2.15417560722879e-06	c30
APOBEC3G	3.53913948234994e-10	0.242805851038508	67.2941176470588	50.2731245447924	4.90731546165839e-08	c30
APOBEC3H	9.61444995806631e-17	0.184144968781222	26.3529411764706	13.2228696285506	3.14513861055424e-14	c30
RPS19BP1	0.00141697612928251	0.0937302841762777	45.6470588235294	39.7851420247633	0.0415161684348216	c30
GRAP2	9.79492048907489e-05	0.114717501945448	39.7647058823529	31.6533139111435	0.00446590055424749	c30
MEI1	3.81819900299571e-05	0.0977660880380013	27.7647058823529	20.0655498907502	0.00189749848387813	c30
CYB5R3	1.66757283560022e-05	0.120651776950015	42.8235294117647	33.9075018208303	0.000898995185963422	c30
TSPO	1.67108148597481e-15	0.285689067585756	77.4117647058824	61.911871813547	4.20189698421159e-13	c30
PRR34-AS1	0.000532109330460814	0.0550423555028007	10.1176470588235	6.2053896576839	0.0190744372781922	c30
TYMP	4.0779803113195e-06	0.140398192419295	44.2352941176471	32.6584122359796	0.000262721737303249	c30
SAMSN1	4.8951249213859e-12	0.265286115195566	56.9411764705882	42.5091041514931	8.28825824629028e-10	c30
AL109761.5	0.000335973301452879	0.00596362136351972	0.470588235294118	0.0509832483612527	0.0128202541553265	c30
ATP5J	0.00015124134776304	0.128101913603106	70.8235294117647	64.2388929351784	0.00634073348638153	c30
DNAJC28	0.000184507825740578	0.00700237994803779	0.941176470588235	0.167516387472688	0.00753552324909461	c30
MRPS6	0.00121791332065452	0.122807073151363	49.6470588235294	43.0080116533139	0.0370364363051745	c30
SMIM11A	0.00163429089854134	0.00794457307985168	0.705882352941177	0.131099781500364	0.0468645085408101	c30
UBASH3A	0.000216277118453072	0.0875636096941398	28.2352941176471	21.4166059723234	0.00865468079472425	c30
CSTB	2.41522804912491e-08	0.205339323877673	76.4705882352941	66.4967225054625	2.35880272136854e-06	c30
ITGB2	0.000249399036960329	0.149623969509834	78.8235294117647	70.611798980335	0.00980542724777284	c30
