gene	p_val	avg_log2FC	pct.1	pct.2	p_val_adj	cluster
RP5-902P8.10	1.75623237476499e-09	0.0011132369960613	0.133511348464619	0	9.36305279040055e-08	c21
RPL22	4.82960122398236e-44	0.259315559805341	99.8664886515354	99.2371757075472	2.62465457485261e-41	c21
SLC2A7	3.49683989440949e-05	0.00110237794372342	0.133511348464619	0.00368514150943396	0.000809776793142496	c21
SLC2A5	0.00102698854520686	0.000289812299735841	0.133511348464619	0.00737028301886792	0.0144300884246038	c21
RP1-69M21.2	3.49206278846691e-05	0.00169543689172698	0.133511348464619	0.00368514150943396	0.000809776793142496	c21
C1orf167	3.49206278846691e-05	0.00154815817050041	0.133511348464619	0.00368514150943396	0.000809776793142496	c21
MTHFR	0.000633544572881365	0.0322248042866807	6.94259012016021	4.37426297169811	0.00978306637885643	c21
DHRS3	1.73678506293904e-08	0.0842375051234523	19.0921228304406	12.2715212264151	8.01633368639287e-07	c21
RP11-108M9.4	0.000554753452701481	0.0307666070247554	7.74365821094793	4.93808962264151	0.0087100945178582	c21
RPL11	1.68745029128679e-58	0.236306065214164	100	99.9778891509434	1.72293788226113e-55	c21
LDLRAP1	4.66246988785209e-26	0.235004119303441	43.9252336448598	27.4801002358491	1.07600863288554e-23	c21
EXTL1	0.000288535467579983	0.00283269557068535	0.267022696929239	0.0257959905660377	0.00501133768564585	c21
ZNF683	1.46082451227034e-10	0.100296432000113	29.9065420560748	18.6578714622642	9.48381909757932e-09	c21
KDF1	6.50911576561471e-10	0.0271760240544564	3.33778371161549	0.998673349056604	3.89552658271087e-08	c21
EPB41	0.00327226180206366	0.0693861065389838	41.9225634178905	37.0356721698113	0.0379798791452748	c21
RPS8	2.11287859861633e-47	0.230917740528521	100	99.9926297169811	1.29438784548689e-44	c21
TEX38	1.75623237476499e-09	0.00170972935256402	0.133511348464619	0	9.36305279040055e-08	c21
BEND5	0.00417626855841683	0.00880910851739635	1.33511348464619	0.541715801886792	0.0465790111907635	c21
FAM159A	1.33161152713801e-05	0.0781991347977379	21.8958611481976	16.2662146226415	0.000354682362018878	c21
INADL	0.00353751994845143	0.033591618485426	10.9479305740988	8.03360849056604	0.0405971379915267	c21
DNAJB4	1.88801827616587e-06	0.0873628024532988	18.0240320427236	12.610554245283	6.03556810219477e-05	c21
RP11-475O6.1	0.00019210408723805	0.0134234925984021	2.00267022696929	0.770194575471698	0.0035428325754783	c21
RPL5	4.42832526519677e-51	0.280727226743048	99.7329773030708	99.5467275943396	3.31573314412311e-48	c21
S1PR1	7.68043959646374e-22	0.171549326998032	32.4432576769025	18.469929245283	1.34085353245207e-19	c21
RP11-284N8.3	0.00325309968279744	0.0342145605143189	9.21228304405874	6.58166273584906	0.0378095690624963	c21
KCNA3	0.000258060914076946	0.0707136357310513	27.2363150867824	22.1108490566038	0.00457637075732033	c21
DENND2D	1.3997491925317e-07	0.145590441499762	65.0200267022697	58.0299233490566	5.55514125950097e-06	c21
KCND3	3.49206278846691e-05	0.00141846820020328	0.133511348464619	0.00368514150943396	0.000809776793142496	c21
RP11-763B22.4	0.00263670487544632	0.0259665207467735	4.8064085447263	2.94442806603774	0.031934268178752	c21
AC241585.2	2.15698985234495e-06	0.0921540991406998	32.0427236315087	24.5651533018868	6.81778762522615e-05	c21
ANKRD34A	0.00358842212720392	0.0167694043700248	3.20427236315087	1.77255306603774	0.041069393734378	c21
TXNIP	9.86797471546383e-36	0.501927363675831	98.1308411214953	93.7278891509434	3.73586000070605e-33	c21
AC245100.1	3.93139197157798e-06	0.103793461271543	33.7783711615487	27.2626768867925	0.000116400985140904	c21
RP11-404E16.1	0.00102512386086576	0.00167115592229076	0.133511348464619	0.00737028301886792	0.0144300884246038	c21
RPS27	2.15577710578756e-58	0.240594077732579	100	100	2.13637511183547e-55	c21
HAX1	0.0032391180249188	0.069810370776801	47.1295060080107	43.1456367924528	0.0376860644791484	c21
AQP10	0.000288700649693475	0.00251391899409088	0.267022696929239	0.0257959905660377	0.00501133768564585	c21
CHRNB2	0.00102698854520686	0.00126102451800591	0.133511348464619	0.00737028301886792	0.0144300884246038	c21
RP11-307C12.11	0.00102605581100139	0.00124702471547134	0.133511348464619	0.00737028301886792	0.0144300884246038	c21
MEX3A	0.000703741639387633	0.00344521690838502	0.267022696929239	0.0294811320754717	0.0106858363215534	c21
CD48	0.00423662328160663	0.0791039924694357	83.0440587449933	80.5056014150943	0.0469877501153567	c21
HSPA6	0.000822211146520804	0.0487228355178083	6.67556742323097	4.16052476415094	0.0121720484933532	c21
RCSD1	0.000717625575717016	0.0964788796327719	57.0093457943925	53.2613502358491	0.0108380439929221	c21
SELL	9.71934106189459e-57	0.599105909891327	75.43391188251	51.4814268867924	9.09676327054101e-54	c21
RALGPS2	9.81112529479283e-07	0.0272783098426393	3.73831775700935	1.50353773584906	3.28604429108101e-05	c21
RP11-21J7.1	1.75623237476499e-09	0.00103874855829175	0.133511348464619	0	9.36305279040055e-08	c21
SLC45A3	0.00102512386086576	0.00142006853995516	0.133511348464619	0.00737028301886792	0.0144300884246038	c21
FCMR	1.94416984312648e-12	0.20114201694316	67.022696929239	54.6653891509434	1.62145689837385e-10	c21
CD55	2.20698871442817e-26	0.192523381648323	30.4405874499332	16.3878242924528	5.12843294785812e-24	c21
RP11-496N12.9	3.42383858336345e-06	0.0024798219125253	0.267022696929239	0.0147405660377358	0.000102909130376686	c21
TMEM63A	5.72576828317283e-05	0.0642028092362743	18.4245660881175	13.6018573113208	0.00125031779995609	c21
LINC00582	1.75623237476499e-09	0.00162236006068185	0.133511348464619	0	9.36305279040055e-08	c21
TOMM20	0.00140601964442227	0.0758959110028814	64.8865153538051	63.4028596698113	0.0189270578901973	c21
SH3YL1	0.000272968126848779	0.0500715652028995	15.3538050734312	11.1807193396226	0.00480281361151058	c21
AC116614.1	0.0014727591308463	0.0030404670848686	0.267022696929239	0.0331662735849057	0.0197005290739105	c21
RPS7	4.70925417615649e-30	0.154056725551767	100	99.9484080188679	1.30060336238866e-27	c21
AC092580.4	0.00209086229967043	0.0637187117057817	21.6288384512684	17.4528301886792	0.0263855858895488	c21
C2orf50	0.00147957285186675	0.00181530522553735	0.267022696929239	0.0331662735849057	0.0197593054581048	c21
AC104699.1	1.75623237476499e-09	0.000659609805745315	0.133511348464619	0	9.36305279040055e-08	c21
AC093609.1	0.00206367317929767	0.00927101733977683	1.60213618157543	0.659640330188679	0.0261207378299233	c21
ZFP36L2	6.76781376416685e-20	0.31621909775956	99.3324432576769	97.3061615566038	1.06558278957868e-17	c21
RP11-559M23.1	9.79004841909966e-05	0.00962103464834052	1.33511348464619	0.397995283018868	0.00198236713601649	c21
SPTBN1	0.00236421585700968	0.0532880841563533	19.4926568758344	15.6655365566038	0.0291790869536305	c21
RPS27A	1.89861337538467e-86	0.293188326481911	100	99.9815742924528	7.99648488377638e-83	c21
CEP68	5.0797913530849e-10	0.0808039772283583	16.2883845126836	9.60347877358491	3.06735644893984e-08	c21
ATP6V1B1-AS1	0.00102512386086576	0.00153520760311569	0.133511348464619	0.00737028301886792	0.0144300884246038	c21
TRABD2A	0.00032716184548237	0.0506425820926606	16.0213618157543	11.8108785377358	0.00555334570361863	c21
CD8A	2.05070229105823e-22	0.500660397982506	69.9599465954606	41.1667158018868	3.83868683305088e-20	c21
CD8B	1.61778836188371e-55	0.579393721383595	68.8918558077437	37.6474056603774	1.32950636744658e-52	c21
IGKV1-6	1.7052051147743e-17	0.00124085812740246	0.267022696929239	0	2.31674117488731e-15	c21
IGKV1-37	1.75623237476499e-09	0.000870726042387392	0.133511348464619	0	9.36305279040055e-08	c21
IGKV1D-17	3.49206278846691e-05	0.00249217953237537	0.133511348464619	0.00368514150943396	0.000809776793142496	c21
IGKV1D-12	3.49206278846691e-05	0.00222727939319817	0.133511348464619	0.00368514150943396	0.000809776793142496	c21
IGKV1D-8	3.49683989440949e-05	0.00083839181141485	0.133511348464619	0.00368514150943396	0.000809776793142496	c21
RPL31	1.43422517117444e-14	0.151499771022781	98.3978638184246	97.435141509434	1.50544495070255e-12	c21
GYPC	0.00418805091999782	0.0703416241905477	72.4966622162884	70.677329009434	0.0466640832336001	c21
CXCR4	7.96921314815169e-05	0.159811088179705	96.128170894526	92.1690742924528	0.00166469105898216	c21
ARHGAP15	7.92033691751729e-05	0.113878640803451	63.6849132176235	60.3368219339623	0.00165550764329297	c21
AC007405.4	3.49683989440949e-05	0.00122201349461329	0.133511348464619	0.00368514150943396	0.000809776793142496	c21
HSPE1	0.00121532892977102	0.124146618047097	64.7530040053405	63.2738797169811	0.0166867534473124	c21
FAM117B	0.00206304958938947	0.0207436956929498	5.4739652870494	3.37927476415094	0.0261207378299233	c21
EEF1B2	1.56810329826948e-48	0.343584324899076	99.4659546061415	97.3282724056604	9.9689948173381e-46	c21
AC107218.3	0.00176307813025689	0.00418759584882856	0.534045393858478	0.117924528301887	0.0229008988034001	c21
RPL37A	4.92656961108661e-26	0.188903690060275	99.5994659546061	99.439858490566	1.12922337738743e-23	c21
AC010136.2	1.75623237476499e-09	0.00146004159282432	0.133511348464619	0	9.36305279040055e-08	c21
EPHA4	0.000409113387773373	0.0489073304094942	14.4192256341789	10.4215801886792	0.00671440160138141	c21
NYAP2	0.00102605581100139	0.00126409363333582	0.133511348464619	0.00737028301886792	0.0144300884246038	c21
IRS1	0.00217375535992351	0.0076402010402501	0.934579439252336	0.298496462264151	0.0272580994035217	c21
PASK	1.75398689848803e-31	0.323318894919122	49.13217623498	30.3029186320755	5.42191142730787e-29	c21
CPNE9	9.41971461608164e-05	0.00369302861972844	0.267022696929239	0.0221108490566038	0.00192472931639936	c21
RPL32	2.12563839131123e-84	0.295107511508254	100	99.9778891509434	6.51102363244006e-81	c21
FBLN2	2.06055706786698e-09	0.00681718033404848	0.534045393858478	0.0368514150943396	1.08143940568084e-07	c21
WNT7A	0.00166511202999203	0.0112208013655727	2.13618157543391	0.972877358490566	0.0218474629044203	c21
SATB1	7.63981867614037e-08	0.0959269476524666	24.8331108144192	17.5117924528302	3.15138568415071e-06	c21
RPL15	3.9027806966539e-17	0.127504685689106	100	99.8194280660377	5.15687422717869e-15	c21
OXSM	0.000133106892279612	0.0394492099485326	7.07610146862483	4.26739386792453	0.00258794208220961	c21
RP11-222K16.2	1.0765495000601e-05	0.0594851107896473	15.3538050734312	10.3736733490566	0.00029252628108891	c21
TGFBR2	9.67548513516798e-17	0.240094353262504	59.5460614152203	47.291420990566	1.22558569979079e-14	c21
RP11-10C24.3	0.00102512386086576	0.00155205418443173	0.133511348464619	0.00737028301886792	0.0144300884246038	c21
ACVR2B-AS1	0.00102512386086576	0.00169269914378056	0.133511348464619	0.00737028301886792	0.0144300884246038	c21
RPSA	3.02980498765738e-36	0.220932826064546	99.8664886515354	99.6572818396226	1.16007101425145e-33	c21
RPL14	1.2439976394329e-75	0.274075480428495	100	99.9410377358491	2.99394689021801e-72	c21
VIPR1	0.000213839455731675	0.0226181471616846	4.67289719626168	2.50589622641509	0.00389465222779624	c21
CCDC13-AS1	1.75623237476499e-09	0.00150561182026523	0.133511348464619	0	9.36305279040055e-08	c21
PRKAR2A-AS1	0.00374923277844082	0.00837480560519776	1.06809078771696	0.386939858490566	0.0425628872091594	c21
RPL29	1.16058280596876e-37	0.192324809558305	100	99.9299823113208	4.65531869813231e-35	c21
RP5-1157M23.2	0.00341475422969776	0.0143483048641569	2.13618157543391	1.03183962264151	0.039416488186172	c21
GNL3	0.00446377379750704	0.0476128944704439	18.6915887850467	15.2417452830189	0.0490709280043074	c21
DENND6A	7.57932693129846e-05	0.0526114141701594	14.1522029372497	9.90197523584906	0.00159710970370963	c21
SCAANT1	9.68446246169202e-05	0.00473084542001111	0.534045393858478	0.0847582547169811	0.00196452906793649	c21
FOXP1	1.23475047989553e-06	0.123667051026554	49.9332443257677	41.8042452830189	4.0602467002505e-05	c21
MTRNR2L12	7.76494322703471e-12	0.253604845473985	68.6248331108144	54.9233490566038	6.01452866877488e-10	c21
RP11-389G6.4	0.00102698854520686	0.0013735162460295	0.133511348464619	0.00737028301886792	0.0144300884246038	c21
RPL24	2.08473505074279e-12	0.10375213398942	99.8664886515354	99.6830778301887	1.71743429828185e-10	c21
CBLB	0.00038469040538181	0.0962166589842596	54.4726301735648	49.388266509434	0.006372545977844	c21
KLF15	0.00102605581100139	0.00142963524084926	0.133511348464619	0.00737028301886792	0.0144300884246038	c21
RASA2	0.0007089767991728	0.0782751561888202	33.3778371161549	28.90625	0.0107314754138941	c21
TRPC1	0.00298552347477517	0.0129958831630778	2.00267022696929	0.932340801886792	0.0352591054886346	c21
PFN2	0.00374769747055763	0.0175522732880488	3.07076101468625	1.68779481132075	0.0425597972945631	c21
SERP1	7.35307825647177e-05	0.103530031539153	79.5727636849132	76.4482606132076	0.00155624760536156	c21
SIAH2-AS1	3.49206278846691e-05	0.00139337052584702	0.133511348464619	0.00368514150943396	0.000809776793142496	c21
RP11-529G21.2	1.75623237476499e-09	0.000983084221186726	0.133511348464619	0	9.36305279040055e-08	c21
RP11-292E2.1	1.75623237476499e-09	0.00135557078080628	0.133511348464619	0	9.36305279040055e-08	c21
RP11-305K5.1	0.00211276199279525	0.00390646812299148	0.400534045393859	0.0737028301886792	0.026622065289919	c21
RP11-16N11.2	0.0012734108424862	0.00648951235001612	0.801068090787717	0.221108490566038	0.0174203430477994	c21
RP11-379K17.12	0.0016935404052413	0.0180488647665815	4.1388518024032	2.35112028301887	0.0221342709131887	c21
PPP1R2	0.00275907917892752	0.0802423929616352	77.7036048064085	74.8157429245283	0.0331423935311172	c21
BDH1	0.00343910433534704	0.0279923132187133	6.40854472630174	4.25265330188679	0.0396025910714911	c21
RPL35A	2.07805453818219e-59	0.232383481435993	100	99.9484080188679	2.18806155029721e-56	c21
SPON2	0.00375241073412495	0.0491602490126906	18.1575433911883	14.5231426886792	0.0425846167987895	c21
DOK7	0.00102512386086576	0.00170627194922684	0.133511348464619	0.00737028301886792	0.0144300884246038	c21
LYAR	1.97612702806093e-37	0.340354348253735	53.671562082777	34.0285966981132	7.83336753923354e-35	c21
RP11-265O12.1	0.00102605581100139	0.00124874328478253	0.133511348464619	0.00737028301886792	0.0144300884246038	c21
NSG1	1.33574140713595e-23	0.111897580779214	16.154873164219	6.74380896226415	2.63195736678588e-21	c21
AC097381.1	3.49683989440949e-05	0.000942879268466367	0.133511348464619	0.00368514150943396	0.000809776793142496	c21
KLF3	7.77362843289938e-09	0.103506520903876	26.7022696929239	18.3925412735849	3.74713356821333e-07	c21
TLR10	3.49683989440949e-05	0.00126885185745304	0.133511348464619	0.00368514150943396	0.000809776793142496	c21
RPL9	3.59958504512668e-51	0.300982618335399	99.8664886515354	99.6056898584906	2.75646405705678e-48	c21
SMIM14	0.0027316278163955	0.037229466582361	12.283044058745	9.11704009433962	0.0329064954042296	c21
TXK	7.07578125022769e-70	0.343763560810181	41.5220293724967	17.2464622641509	1.13529225450082e-66	c21
TEC	1.08889300471072e-08	0.0362302409697651	5.34045393858478	2.19265919811321	5.13853794127774e-07	c21
RP11-646I6.6	0.00102512386086576	0.00181733933113633	0.133511348464619	0.00737028301886792	0.0144300884246038	c21
AREG	4.64348663531604e-05	0.0756110503306605	22.6969292389853	16.9000589622642	0.00103751749794654	c21
PLAC8	9.2753746097825e-31	0.202542324468188	32.4432576769025	16.575766509434	2.79039707233939e-28	c21
HSD17B11	0.000144978563595088	0.091162343606797	38.9853137516689	34.3971108490566	0.00278183811034903	c21
NFKB1	0.00104721605328746	0.072870911846417	31.9092122830441	27.7159492924528	0.0146714751349138	c21
LEF1	3.86326390963057e-20	0.233176134180003	52.3364485981308	36.9545990566038	6.14003840429682e-18	c21
RPL34	9.70061441343552e-89	0.312472009588042	100	99.9815742924528	6.53705004092593e-85	c21
CCDC109B	5.40394269912206e-09	0.15572323349606	61.9492656875834	53.4013856132076	2.669801250795e-07	c21
PLA2G12A	0.000114611093135567	0.0464125324543854	11.7489986648865	7.98938679245283	0.00227829272690843	c21
SNHG8	1.92211152634193e-18	0.247563774132184	73.0307076101469	63.4802476415094	2.7442214308714e-16	c21
USP53	0.00260439717639597	0.032300190501163	9.21228304405874	6.49321933962264	0.0315997689814497	c21
RP11-614F17.2	3.49206278846691e-05	0.0014675565950633	0.133511348464619	0.00368514150943396	0.000809776793142496	c21
RP11-392B6.1	1.75623237476499e-09	0.00163199665061548	0.133511348464619	0	9.36305279040055e-08	c21
RP11-102N12.3	3.49683989440949e-05	0.000355560749870045	0.133511348464619	0.00368514150943396	0.000809776793142496	c21
RPS3A	1.75247081490684e-92	0.335573975436078	100	99.9410377358491	1.9682583879157e-88	c21
RP11-18H21.1	1.62798170984875e-18	0.171396218009236	33.3778371161549	20.4083136792453	2.36436274705362e-16	c21
LINC01207	1.75623237476499e-09	0.00157020349063622	0.133511348464619	0	9.36305279040055e-08	c21
HAND2	7.14526003060314e-12	0.00398903411475219	0.267022696929239	0.00368514150943396	5.58296569594817e-10	c21
HAND2-AS1	3.49683989440949e-05	0.00134195085114786	0.133511348464619	0.00368514150943396	0.000809776793142496	c21
TTC23L	2.27453172629903e-05	0.00257032520192572	0.267022696929239	0.0184257075471698	0.000575358566047862	c21
IL7R	1.46523957624721e-84	0.894619665066517	97.4632843791722	79.3705778301887	4.93697822820734e-81	c21
RPL37	1.07682046265182e-56	0.245805873029788	100	99.9668337264151	9.80605099151088e-54	c21
PARP8	2.05856784993455e-11	0.180908052885806	56.8758344459279	46.5507075471698	1.51114128835936e-09	c21
GZMK	5.43523602046033e-54	0.870556236580436	84.7797062750334	50.7665094339623	4.25894982496257e-51	c21
CD180	0.00102698854520686	0.000296141318897899	0.133511348464619	0.00737028301886792	0.0144300884246038	c21
NSA2	0.0015178286322453	0.0825637014654638	66.8891855807744	62.4926297169811	0.0201742477060643	c21
FAM169A	5.5510574337893e-06	0.0336380307688185	5.60747663551402	2.80439268867925	0.000159089779995781	c21
CTD-2503O16.4	3.06273107801544e-09	0.0213871186999242	2.53671562082777	0.674380896226415	1.5851868040346e-07	c21
SERINC5	4.2419026693718e-18	0.175431610785371	34.9799732977303	22.0887382075472	5.90606068354601e-16	c21
RASGRF2	0.000139477536184304	0.0279905856999588	4.93991989319092	2.66435731132075	0.00269382651359001	c21
RPS23	1.35779348158644e-88	0.285528091799878	100	99.9778891509434	7.62491559476227e-85	c21
MEF2C-AS1	3.49683989440949e-05	0.000340098948206846	0.133511348464619	0.00368514150943396	0.000809776793142496	c21
SPATA9	1.75623237476499e-09	0.00133392074124195	0.133511348464619	0	9.36305279040055e-08	c21
CTD-2260A17.3	0.000655234094032968	0.00371895665713582	0.400534045393859	0.0626474056603774	0.0100718328304502	c21
MAN2A1	0.00188051925567384	0.0608855819244292	21.6288384512684	17.7365860849057	0.0241287950497618	c21
CAMK4	7.12890656738514e-10	0.160723126325654	55.1401869158878	45.4562205188679	4.24161563949608e-08	c21
PRR16	3.49683989440949e-05	0.00154042268180194	0.133511348464619	0.00368514150943396	0.000809776793142496	c21
ACSL6	2.35507057160739e-07	0.0550069602383037	10.1468624833111	5.71196933962264	8.96629919093099e-06	c21
TCF7	1.08960795784734e-55	0.43099244324613	65.5540720961282	38.8045400943396	9.17831263292709e-53	c21
SMAD5-AS1	2.26944385015075e-05	0.00273745264389697	0.267022696929239	0.0184257075471698	0.000574505192238762	c21
PCDHB9	9.48100464022254e-05	0.00208485927089747	0.267022696929239	0.0221108490566038	0.00192673685372532	c21
SLC25A2	0.00102512386086576	0.00188603513232017	0.133511348464619	0.00737028301886792	0.0144300884246038	c21
PCDHGA1	3.49206278846691e-05	0.0017659131437468	0.133511348464619	0.00368514150943396	0.000809776793142496	c21
HTR4	1.75623237476499e-09	0.000370132085015073	0.133511348464619	0	9.36305279040055e-08	c21
RPS14	2.90503835360377e-93	0.298530775064705	100	99.9852594339623	4.89411811431627e-89	c21
ITK	6.47337535550966e-09	0.170003740522847	61.9492656875834	55.1555129716981	3.1702603085544e-07	c21
NPM1	7.6704982561047e-05	0.0803954422683129	94.9265687583445	94.2732900943396	0.00161228801148591	c21
DUSP1	5.36964397413592e-09	0.222095559352457	92.7903871829105	89.9395636792453	2.66065858918435e-07	c21
FAM153B	4.87425669396029e-08	0.0257978023938292	3.87182910547397	1.42246462264151	2.0894809802328e-06	c21
RAB24	0.000150085903214639	0.0628522632967599	23.497997329773	18.3114681603774	0.00286608966339777	c21
DBN1	8.63483147698461e-09	0.0471776521675905	6.54205607476635	2.93337264150943	4.13269903104431e-07	c21
ZFP2	9.15376608835057e-07	0.00853158114077862	0.801068090787717	0.121609669811321	3.08118875705179e-05	c21
RNF130	0.000211189602213941	0.0404151394491056	8.54472630173565	5.47243514150943	0.00385472505796128	c21
FLT4	2.86845012113069e-09	0.0240395130663367	2.93724966622163	0.851267688679245	1.49381079414803e-07	c21
GNB2L1	1.13981160183163e-22	0.15326517963617	99.8664886515354	99.6830778301887	2.19456069212086e-20	c21
RP11-157J24.2	3.49206278846691e-05	0.00133306505211328	0.133511348464619	0.00368514150943396	0.000809776793142496	c21
SLC22A23	0.000792415132534367	0.00478680090488944	0.534045393858478	0.106869103773585	0.0118192277448486	c21
RP3-400B16.1	9.44418559019628e-05	0.00260560057235424	0.267022696929239	0.0221108490566038	0.00192514411339619	c21
NBAT1	3.49683989440949e-05	0.00135214872648165	0.133511348464619	0.00368514150943396	0.000809776793142496	c21
FAM65B	3.83341603732049e-22	0.239846484670235	50.0667556742323	35.3810436320755	6.83402751118924e-20	c21
HIST1H4C	3.12134369244396e-05	0.12290982635594	69.6929238985314	65.5218160377358	0.00075990284951739	c21
RP1-313I6.12	0.00259168533200723	0.0287129826353126	6.94259012016021	4.59905660377358	0.0314681966041987	c21
XXbac-BPG249D20.9	0.000427590657215981	0.00490025527791117	0.534045393858478	0.099498820754717	0.00698702211650595	c21
FLOT1	0.000129528577150777	0.0792705456979236	27.6368491321762	22.3982900943396	0.00252711979068807	c21
LINC00243	0.000177836868523473	0.0346099516384007	7.47663551401869	4.57326061320755	0.00331234684799884	c21
LTB	9.68717759326515e-24	0.452514325695449	92.9238985313752	76.3856132075472	1.91999859898515e-21	c21
AIF1	5.19630695494635e-10	0.061546301595682	10.9479305740988	5.58667452830189	3.13209958032133e-08	c21
HSPA1B	1.26616764819928e-12	0.366224792851514	50.0667556742323	39.9985259433962	1.07461593799563e-10	c21
C6orf48	0.000137637369266102	0.0933552067054977	46.4619492656876	41.4983785377358	0.00266986385725506	c21
GPSM3	7.04641300719394e-05	0.092415772017062	79.7062750333778	78.0660377358491	0.00150540544457857	c21
PSMB8-AS1	0.000674757647393587	0.0857361255962247	48.1975967957276	43.0608785377358	0.0103154646875134	c21
RPS18	5.31617821739158e-51	0.261310231086002	100	99.9484080188679	3.89398497514765e-48	c21
PHF1	0.000618514222399756	0.0807686526394381	40.4539385847797	35.6279481132075	0.00958611693170992	c21
RPL10A	3.61581654635145e-33	0.218219595736255	99.5994659546061	99.3587853773585	1.1828283758521e-30	c21
STK38	0.00233942793043357	0.0665740518283708	28.1708945260347	24.0344929245283	0.0289477358384241	c21
CCND3	4.51056370373756e-08	0.153930307745591	72.630173564753	64.6631780660377	1.94595305292873e-06	c21
TFAP2D	0.00102512386086576	0.00169608206925409	0.133511348464619	0.00737028301886792	0.0144300884246038	c21
BEND6	1.75623237476499e-09	0.00153962817960777	0.133511348464619	0	9.36305279040055e-08	c21
EEF1A1	2.81309418476513e-74	0.253956866474702	100	99.9963148584906	6.31895969743175e-71	c21
SH3BGRL2	0.00148117594707095	0.0101709693641227	1.86915887850467	0.79967570754717	0.019765046479449	c21
NT5E	2.4375883692595e-11	0.0312254629559307	4.27236315086782	1.34139150943396	1.77008841624633e-09	c21
BACH2	1.5668756800958e-13	0.08511248610329	16.0213618157543	8.35421580188679	1.47883218949994e-11	c21
PNISR	1.35045738490819e-05	0.108709278291725	75.3004005340454	72.4756780660377	0.000358851034125367	c21
SCML4	1.47668257650757e-05	0.118007038197801	48.1975967957276	41.9479658018868	0.000387804697839799	c21
WASF1	0.00211866754340761	0.0030722638148093	0.400534045393859	0.0737028301886792	0.026676526236015	c21
FYN	8.3045692408126e-05	0.120422744256846	70.0934579439252	64.036704009434	0.00172724787654284	c21
AKAP7	0.00104975683130175	0.0544102579189116	18.0240320427236	14.0809257075472	0.0147009587173238	c21
MOXD1	0.000285127299184512	0.00484467543795995	0.667556742323097	0.140035377358491	0.00498298335406752	c21
RPS12	1.56338514040371e-110	0.352547516467075	100	99.9926297169811	5.26766989207627e-106	c21
RP11-557H15.4	0.00102698854520686	0.000845133185699536	0.133511348464619	0.00737028301886792	0.0144300884246038	c21
AIG1	3.27368893141858e-05	0.0439752763030386	11.3484646194927	7.29289504716981	0.00079298112764355	c21
AL023806.1	0.00102698854520686	0.000952456582817377	0.133511348464619	0.00737028301886792	0.0144300884246038	c21
RP1-111D6.2	0.00102512386086576	0.00204369640668848	0.133511348464619	0.00737028301886792	0.0144300884246038	c21
RP11-306O13.1	0.000706627235660982	0.00225928285129603	0.267022696929239	0.0294811320754717	0.0107055297114933	c21
LPA	1.75623237476499e-09	0.00148646224572877	0.133511348464619	0	9.36305279040055e-08	c21
RP1-168L15.5	0.00209822457844575	0.00879380800683414	1.06809078771696	0.364829009433962	0.0264487762611863	c21
AC102953.6	1.75623237476499e-09	0.00147735830708322	0.133511348464619	0	9.36305279040055e-08	c21
STEAP1B	3.49683989440949e-05	0.000339445493531192	0.133511348464619	0.00368514150943396	0.000809776793142496	c21
TOMM7	2.71362719658583e-07	0.103075878064284	97.4632843791722	96.7533903301887	1.01931945107874e-05	c21
SPDYE1	0.00382786382432956	0.00697668468174936	0.801068090787717	0.250589622641509	0.0432660327732171	c21
RP11-797H7.5	0.00102512386086576	0.00235350514470789	0.133511348464619	0.00737028301886792	0.0144300884246038	c21
LINC01372	0.00147548114194643	0.0023464742838659	0.267022696929239	0.0331662735849057	0.0197202941676887	c21
TMEM243	0.00412787795699901	0.0709891922160928	54.6061415220294	51.0060436320755	0.0461309187008705	c21
ERVW-1	3.49683989440949e-05	0.000777375827084655	0.133511348464619	0.00368514150943396	0.000809776793142496	c21
BHLHA15	1.75623237476499e-09	0.000370132085015073	0.133511348464619	0	9.36305279040055e-08	c21
ZCWPW1	0.00209451088806568	0.020412473534553	4.53938584779706	2.67909787735849	0.0264217333816867	c21
SAP25	0.000218439377689725	0.0314613859825894	6.27503337783712	3.6998820754717	0.00396130053384154	c21
PCOLCE-AS1	0.00211538481577122	0.00378933908009255	0.400534045393859	0.0737028301886792	0.0266451499000357	c21
CUX1	0.000965035461110182	0.045885984123909	15.3538050734312	11.5381780660377	0.0139733153530926	c21
SLC26A5	6.75860805955907e-16	0.0203482222489172	1.86915887850467	0.250589622641509	8.01846971685857e-14	c21
SLC26A4-AS1	0.00102605581100139	0.0019402735151761	0.133511348464619	0.00737028301886792	0.0144300884246038	c21
TAS2R5	0.000288865920394504	0.00145239485720936	0.267022696929239	0.0257959905660377	0.00501133768564585	c21
TRBV9	3.71416098635757e-06	0.110607982305223	10.6809078771696	6.41214622641509	0.000110552067380152	c21
TRBV12-1	0.00147889015859575	0.0051832892726359	0.400534045393859	0.0700176886792453	0.0197580194305017	c21
TRBV16	0.00172443171144724	0.0139026484037175	0.801068090787717	0.228478773584906	0.0224856819216344	c21
PIP	1.75623237476499e-09	0.00185972080938838	0.133511348464619	0	9.36305279040055e-08	c21
ZNF786	0.00400772354000742	0.0225211717295836	6.40854472630174	4.24159787735849	0.0450270880150083	c21
GIMAP7	2.00988945494529e-06	0.150506403943682	82.109479305741	76.6177771226415	6.40087101086264e-05	c21
GIMAP4	3.4026039632717e-13	0.230850401896205	83.3110814419226	72.3946049528302	3.14102295721854e-11	c21
GIMAP2	0.00157890422492035	0.0768177587845776	42.1895861148198	38.3033608490566	0.0208871609558171	c21
AC005534.8	0.00102605581100139	0.000734237701062879	0.133511348464619	0.00737028301886792	0.0144300884246038	c21
ESYT2	0.00410127133652898	0.0397136503023415	12.283044058745	9.34551886792453	0.04589697322352	c21
SLC25A6	0.000864469951840822	0.0894223334374311	89.0520694259012	86.7224351415094	0.012724300425899	c21
P2RY8	1.0291511769982e-05	0.0915413895854691	28.1708945260347	22.0739976415094	0.00028169146838162	c21
EIF2S3	2.52512517339764e-07	0.13125071724058	60.8811748998665	54.6690742924528	9.53829233099328e-06	c21
USP11	0.00135112215291894	0.0653861831526366	22.8304405874499	18.6836674528302	0.0183271778665261	c21
AF196972.9	3.25626078542054e-06	0.0115157193900952	1.33511348464619	0.320607311320755	9.84887351022976e-05	c21
PCSK1N	3.69693572666929e-25	0.109330389929934	12.9506008010681	4.72435141509434	7.98490720348685e-23	c21
MAGED4	0.00102512386086576	0.00188730852315588	0.133511348464619	0.00737028301886792	0.0144300884246038	c21
VSIG4	0.000214533647024249	0.00657246312098291	0.534045393858478	0.0921285377358491	0.00390518460444897	c21
EDA	3.06468527634665e-07	0.0256844703251218	3.73831775700935	1.43720518867925	1.13599016172964e-05	c21
RPS4X	1.39675455147408e-59	0.242836373694688	100	99.974204009434	1.51813702765702e-56	c21
RPL36A	0.00103578374993189	0.0934917521642873	79.8397863818425	76.5293337264151	0.0145354842441504	c21
BEX4	2.74416278139131e-06	0.0802019222969291	21.4953271028037	15.6397405660377	8.45172036162696e-05	c21
BEX2	2.8955178173515e-07	0.0822173988846376	20.8277703604806	14.3646816037736	1.07922098825046e-05	c21
NGFRAP1	3.44152820671478e-05	0.0571226343154486	16.4218958611482	11.5234375	0.000809776793142496	c21
TCEAL3	5.82907749508846e-05	0.0461612827414759	11.4819759679573	7.60244693396226	0.00126876574366609	c21
TSC22D3	2.74800786747199e-19	0.316251324428422	97.3297730307076	93.9784787735849	4.20869895848187e-17	c21
VSIG1	1.53916429225267e-06	0.0359233597976374	6.40854472630174	3.23186910377358	4.9913957327393e-05	c21
ALG13-AS1	3.49206278846691e-05	0.00155381210900431	0.133511348464619	0.00368514150943396	0.000809776793142496	c21
RPL39	3.40550700562892e-62	0.262806721215946	100	99.9447228773585	4.72506042655251e-59	c21
ATP1B4	1.75623237476499e-09	0.0023994616363889	0.133511348464619	0	9.36305279040055e-08	c21
LINC00629	3.49206278846691e-05	0.00199200354934731	0.133511348464619	0.00368514150943396	0.000809776793142496	c21
RPL10	1.21716720897837e-41	0.183043763552373	100	99.9926297169811	5.85874741990246e-39	c21
SGK223	0.00277551056824182	0.0276340501884067	9.34579439252336	6.55955188679245	0.033292293729562	c21
SORBS3	9.28603534406485e-08	0.0835129036650963	19.2256341789052	12.8206073113208	3.76514650881975e-06	c21
RP11-16P20.3	1.75623237476499e-09	0.000813122498488712	0.133511348464619	0	9.36305279040055e-08	c21
SARAF	2.17936605307877e-30	0.220581662329816	99.1989319092123	98.912883254717	6.33030687865829e-28	c21
LEPROTL1	1.16985818225769e-10	0.170627213237418	82.109479305741	77.4985259433962	7.71373808082008e-09	c21
CTD-2544N14.3	3.49683989440949e-05	0.00096522127068916	0.133511348464619	0.00368514150943396	0.000809776793142496	c21
SNAI2	0.00102512386086576	0.00141101372047793	0.133511348464619	0.00737028301886792	0.0144300884246038	c21
RPS20	2.30905402347437e-06	0.125332871424051	94.392523364486	91.5315448113208	7.24628038956044e-05	c21
CHD7	0.00126386847040552	0.0417443804458512	11.3484646194927	8.15153301886792	0.0173108879031884	c21
AC022182.1	0.0022504263968754	0.00785929846506419	1.60213618157543	0.663325471698113	0.0280524850226858	c21
RPL7	1.87391824090655e-15	0.163562794209581	97.5967957276369	96.1637676886792	2.16232195921594e-13	c21
ZBTB10	0.000129983144831994	0.047087272576959	12.283044058745	8.3763266509434	0.00253452088076921	c21
RP11-1149M10.1	3.49206278846691e-05	0.00226431244120741	0.133511348464619	0.00368514150943396	0.000809776793142496	c21
CA3	9.46871658878068e-05	0.00246126209134081	0.267022696929239	0.0221108490566038	0.00192656362767135	c21
RP11-37B2.1	0.00423432528044516	0.0240107089637744	5.20694259012016	3.31294221698113	0.0469777267037601	c21
C8orf88	1.18862362577389e-06	0.0309177312030908	4.53938584779706	1.99734669811321	3.92642004380641e-05	c21
OTUD6B-AS1	0.000862911947158596	0.0775075848091315	34.3124165554072	29.713295990566	0.0127131417348324	c21
RPL30	3.69484321453915e-85	0.262568783884992	100	99.9889445754717	1.38326719189647e-81	c21
PABPC1	1.10111004076766e-33	0.277800088231738	98.5313751668892	96.790241745283	3.74755572864904e-31	c21
EIF3E	1.43795388525485e-06	0.126599816146429	81.4419225634179	77.3032134433962	4.68119982703157e-05	c21
PKHD1L1	1.75623237476499e-09	0.000370132085015073	0.133511348464619	0	9.36305279040055e-08	c21
SYBU	3.42684288842646e-06	0.00277304401423299	0.267022696929239	0.0147405660377358	0.000102909130376686	c21
NOV	3.49206278846691e-05	0.000968512886041698	0.133511348464619	0.00368514150943396	0.000809776793142496	c21
FBXO32	2.05272574285805e-06	0.11990480726993	28.3044058744993	22.2840507075472	6.53111814729547e-05	c21
LINC00861	8.89829736348066e-05	0.1046797842954	49.3991989319092	43.0940448113208	0.00183487901692238	c21
CCAT2	0.00102605581100139	0.00166266171678742	0.133511348464619	0.00737028301886792	0.0144300884246038	c21
MYC	4.93981345050937e-10	0.0938474700545188	17.890520694259	10.767983490566	2.98818805029556e-08	c21
TMEM71	2.3048130251118e-05	0.0597972360624733	15.4873164218959	10.6795400943396	0.000581275225060755	c21
ST3GAL1	2.18124448251489e-06	0.113491904207274	38.9853137516689	32.4071344339623	6.88798984009904e-05	c21
EEF1D	5.33906165104233e-11	0.112419164891225	98.931909212283	99.1487323113208	3.66383591181711e-09	c21
WDR97	0.000198901106776963	0.00790304060610543	1.06809078771696	0.294811320754717	0.00364821659866248	c21
RPL8	2.63916368867596e-36	0.180749877876286	99.8664886515354	99.8783903301887	1.0221147278879e-33	c21
CDC37L1	0.00424029096964054	0.0533748952983061	19.6261682242991	16.2072523584906	0.0470129529223654	c21
RP11-513M16.7	0.000288370374010158	0.00272274919125009	0.267022696929239	0.0257959905660377	0.00501133768564585	c21
RPS6	3.72276441708422e-61	0.296701913021362	100	99.8415389150943	4.82441631804752e-58	c21
B4GALT1	2.99035196339864e-06	0.105105153376433	33.7783711615487	26.8757370283019	9.08538494632587e-05	c21
RP11-331F9.3	9.45031270718018e-05	0.00307936061111965	0.267022696929239	0.0221108490566038	0.00192514411339619	c21
ZNF658	0.000163933396560347	0.0225508357483286	3.73831775700935	1.84625589622642	0.00308924600878319	c21
PCSK5	0.00205431699033067	0.00932412382731134	1.60213618157543	0.659640330188679	0.0260414434432662	c21
TLE4	1.86335675674862e-06	0.0930446203081818	26.1682242990654	19.6233785377358	5.96805537660531e-05	c21
SEMA4D	0.00101133624272534	0.0849266752056865	49.7997329773031	45.1024469339623	0.0144300884246038	c21
HSD17B3	2.46381980995208e-07	0.00164003250096619	0.267022696929239	0.0110554245283019	9.31716550802755e-06	c21
SLC46A2	3.49683989440949e-05	0.00136877124174175	0.133511348464619	0.00368514150943396	0.000809776793142496	c21
TNFSF8	9.48117281424878e-17	0.211524310745482	47.9305740987984	34.2165389150943	1.20550428982377e-14	c21
RPL35	5.49872309040562e-13	0.121755045922939	99.4659546061415	99.3403596698113	4.94063935488339e-11	c21
RPL12	1.10475261546724e-16	0.129565928428236	100	99.9594634433962	1.39413987361623e-14	c21
STXBP1	8.71165823617421e-08	0.019690953146442	2.53671562082777	0.76282429245283	3.55794681951096e-06	c21
FAM102A	3.48862306829276e-05	0.112704950851301	46.7289719626168	41.9811320754717	0.000809776793142496	c21
RPL7A	2.02138788517396e-30	0.162761803941435	100	99.9557783018868	5.92249073070011e-28	c21
SNHG7	0.00285188412605442	0.071379294710871	41.9225634178905	38.2296580188679	0.0340266939600842	c21
RP11-216L13.17	6.48592765120052e-05	0.00514483510675015	0.667556742323097	0.121609669811321	0.00139640157367125	c21
RP11-304M2.3	1.75623237476499e-09	0.00165398192943254	0.133511348464619	0	9.36305279040055e-08	c21
RPLP2	1.20323288668967e-73	0.268812972891555	100	99.9594634433962	2.38480758141893e-70	c21
PRR33	1.75623237476499e-09	0.0013895957989352	0.133511348464619	0	9.36305279040055e-08	c21
RIC3	0.00241251628962765	0.0562151664638973	20.9612817089453	17.0290389150943	0.0296475577701261	c21
RPL27A	6.65327752152795e-13	0.166246766045437	97.196261682243	96.0826945754717	5.9305696510678e-11	c21
ADM	0.00396709794533377	0.00325267246078476	0.400534045393859	0.0810731132075472	0.0446003997898152	c21
PDE3B	1.89733361004657e-13	0.172736570832946	43.3911882510013	31.6479952830189	1.77579885158080e-11	c21
RPS13	1.31775934658147e-60	0.25836372779297	100	99.9078714622642	1.58573512227558e-57	c21
NUCB2	1.57599327429344e-08	0.14236299565794	41.388518024032	32.6724646226415	7.31425859284343e-07	c21
NCR3LG1	0.00435828602018345	0.005991923648662	0.801068090787717	0.254274764150943	0.0481153634220383	c21
NAV2-AS2	0.00102512386086576	0.00194110238551818	0.133511348464619	0.00737028301886792	0.0144300884246038	c21
RP11-17A1.3	0.00157042021342562	0.00942701157683485	1.60213618157543	0.644899764150943	0.0207994255782873	c21
GYLTL1B	0.000161472666910629	0.0149784882788984	2.40320427236315	0.991303066037736	0.00305312011160873	c21
YPEL4	0.0004660584981782	0.0123367028279379	1.86915887850467	0.737028301886792	0.0075207734854484	c21
ZP1	0.00147343919945745	0.00277043924117264	0.267022696929239	0.0331662735849057	0.0197008176136981	c21
RASGRP2	7.09432091618463e-12	0.132750413385156	28.9719626168224	19.4391214622642	5.57193587295862e-10	c21
FAU	3.50992416451752e-15	0.102378929740163	100	99.9336674528302	3.91600611918057e-13	c21
MALAT1	1.0034505576432e-12	0.142606737325086	100	99.974204009434	8.66929822800767e-11	c21
AP000769.1	0.00285307147849542	0.0621832253289255	27.7703604806409	23.5112028301887	0.0340288107597963	c21
OVOL1	0.00102512386086576	0.00159849656937237	0.133511348464619	0.00737028301886792	0.0144300884246038	c21
CTSW	2.19907571753498e-19	0.319578113321973	73.0307076101469	51.8094044811321	3.39888335901943e-17	c21
CD248	9.30197777567429e-14	0.0249709906399927	2.53671562082777	0.497494103773585	9.05840575646155e-12	c21
STARD10	8.02490705195364e-05	0.031936460967806	5.87449933244326	3.28346108490566	0.00167528635816931	c21
PLEKHB1	3.56825471169288e-06	0.0582233153080376	14.6862483311081	9.66612617924528	0.000106585792779947	c21
LIPT2	1.10691807105245e-05	0.0248791834036762	3.87182910547397	1.72464622641509	0.000299329835361486	c21
RPS3	1.69342264479539e-90	0.292219057154229	100	99.9926297169811	1.4264545648434e-86	c21
ANKRD49	0.00180195033813277	0.0641656369292045	23.7650200267023	19.7376179245283	0.0232624194226228	c21
SRSF8	0.00407162793858011	0.0693653082119059	36.1815754339119	32.2818396226415	0.0456537210524187	c21
MAML2	3.63244452076985e-06	0.0819471718375804	25.2336448598131	18.8458136792453	0.000108311137772406	c21
C11orf70	3.49206278846691e-05	0.0017050487041054	0.133511348464619	0.00368514150943396	0.000809776793142496	c21
ATM	2.37582953447499e-20	0.237876893406767	57.2763684913218	42.8287146226415	3.88598059876701e-18	c21
FXYD2	8.1471942817555e-46	0.144058256199521	16.0213618157543	4.64327830188679	4.73295800223224e-43	c21
RP11-158I9.5	0.00273032113731294	0.00300636541478795	0.267022696929239	0.0368514150943396	0.0329064786982683	c21
RPS25	2.99316746954923e-47	0.200872392027599	100	99.9668337264151	1.76932955647354e-44	c21
SC5D	0.00149209698932563	0.0451814013704394	14.6862483311081	11.1254422169811	0.0198871502999753	c21
SORL1	2.11416899211598e-06	0.108231512103167	36.849132176235	29.6801297169811	6.70760922978867e-05	c21
CRTAM	5.26257875455569e-05	0.0614430769691416	24.8331108144192	18.1124705188679	0.00116273658069508	c21
RP11-298E9.7	3.49206278846691e-05	0.00178821376518913	0.133511348464619	0.00368514150943396	0.000809776793142496	c21
COMMD3-BMI1	0.00102512386086576	0.00145903291774695	0.133511348464619	0.00737028301886792	0.0144300884246038	c21
LINC01552	7.15807319003268e-12	0.0030257761874518	0.267022696929239	0.00368514150943396	5.58296569594817e-10	c21
RP11-165A20.3	1.75623237476499e-09	0.00162481307914761	0.133511348464619	0	9.36305279040055e-08	c21
MPP7	3.14335645869779e-07	0.0379507526592928	7.47663551401869	3.79201061320755	1.16131855832635e-05	c21
NEUROG3	3.42383858336345e-06	0.0033852887106153	0.267022696929239	0.0147405660377358	0.000102909130376686	c21
RPS24	2.08963001325421e-11	0.0902855363618698	100	99.9631485849057	1.53060855796929e-09	c21
PDCD4-AS1	0.000207360549116135	0.0557446578260103	14.8197596795728	10.7237617924528	0.0037909963873679	c21
ABLIM1	6.78981868500062e-06	0.104820078526207	32.8437917222964	26.3119103773585	0.000190965067422714	c21
RP11-383C6.2	1.75623237476499e-09	0.00159484132666381	0.133511348464619	0	9.36305279040055e-08	c21
LINC00867	3.49206278846691e-05	0.001483321739614	0.133511348464619	0.00368514150943396	0.000809776793142496	c21
NRIP2	9.12561753213016e-08	0.00381037829622465	0.400534045393859	0.0257959905660377	3.71350914405306e-06	c21
P3H3	2.82614907760077e-10	0.0184230161535488	2.13618157543391	0.468012971698113	1.77657214590822e-08	c21
C12orf57	0.000350970663650938	0.0783443549436647	85.7142857142857	85.8822228773585	0.0058980576264612	c21
RP11-75L1.1	6.97237259547009e-05	0.00484337356445374	0.400534045393859	0.0479068396226415	0.00149160077607473	c21
KLRK1	0.000524599901482089	0.041937626803698	10.2803738317757	7.06441627358491	0.00830632945513981	c21
LDHB	2.79371542934361e-39	0.34468706452291	94.1255006675567	87.8979952830189	1.19153731235827e-36	c21
KCNJ8	9.48100464022254e-05	0.00282854888682784	0.267022696929239	0.0221108490566038	0.00192673685372532	c21
RP11-996F15.2	0.00221179670372585	0.0044498923193872	0.534045393858478	0.121609669811321	0.0276630579566959	c21
NELL2	1.4974571629143e-87	0.524275786851728	63.6849132176235	33.4647700471698	7.20790309246207e-84	c21
RP11-474P2.6	0.00273721144862453	0.0022030305999736	0.267022696929239	0.0368514150943396	0.0329384294821268	c21
RP11-407N8.6	3.49206278846691e-05	0.00134223151895576	0.133511348464619	0.00368514150943396	0.000809776793142496	c21
CELA1	0.00380510369315355	0.00618610592666189	1.06809078771696	0.386939858490566	0.0430810362355899	c21
KRT18	0.00312016573795604	0.0176563539462471	3.07076101468625	1.66199882075472	0.0364657871573676	c21
EIF4B	7.36680145212202e-09	0.153137831054846	75.9679572763685	70.0029481132076	3.57146774284603e-07	c21
PFDN5	9.0738703991066e-19	0.168605002877372	99.3324432576769	98.2753537735849	1.34585958098308e-16	c21
PCBP2	4.72928560953221e-10	0.177669255009481	91.7222963951936	87.1978183962264	2.8815289209327e-08	c21
ERBB3	0.000130345100057234	0.0112821836135847	1.46862483311081	0.471698113207547	0.00254010861846641	c21
RPL41	3.33182525043759e-30	0.234390110044672	99.8664886515354	99.9078714622642	9.35520999902035e-28	c21
IL23A	3.01007180940414e-05	0.0380258455500654	7.74365821094793	4.53640919811321	0.000736004060566495	c21
NACA	4.38395744956428e-27	0.166956160504931	99.7329773030708	99.5946344339623	1.08612545812955e-24	c21
DPY19L2	0.0022223664460242	0.0102226686743489	1.73564753004005	0.74439858490566	0.0277746346559123	c21
DYRK2	0.00145500825957302	0.0362707395168386	10.9479305740988	7.79775943396226	0.0195008147565844	c21
IFNG-AS1	1.12916638198202e-60	0.262402026340134	31.9092122830441	11.9693396226415	1.40911600275934e-57	c21
TPH2	0.00102512386086576	0.00189564424906231	0.133511348464619	0.00737028301886792	0.0144300884246038	c21
BTG1	2.38394471617487e-10	0.123096377364224	99.8664886515354	99.8636497641509	1.50420661548307e-08	c21
USP44	0.000344894743140397	0.0123653370464443	1.86915887850467	0.722287735849057	0.00581334841189222	c21
C12orf42	0.000335925136821531	0.0278567639867407	5.4739652870494	3.13974056603774	0.00568491288802845	c21
CKAP4	3.56698164338272e-05	0.0201113703457132	3.33778371161549	1.47037146226415	0.000823709649340045	c21
TMEM116	3.93916979720949e-06	0.0708280867622992	17.890520694259	12.5294811320755	0.000116528873702525	c21
RPL6	7.91144481962339e-24	0.153306385306659	100	99.8747051886792	1.58671560566899e-21	c21
RPLP0	1.06356560234288e-42	0.249640708485332	99.8664886515354	99.6646521226415	5.42966354626381e-40	c21
FGF9	0.000467796258645433	0.00557571340648342	0.667556742323097	0.147405660377358	0.00754159193243981	c21
RPL21	5.40929007552781e-60	0.385104039272859	99.7329773030708	99.3587853773585	6.07535399349447e-57	c21
GTF3A	9.12060836326768e-05	0.0983273952706524	61.2817089452603	57.506633254717	0.00187041861346282	c21
TPT1	3.13586755097868e-27	0.199538486244316	100	99.9189268867924	7.82666083427228e-25	c21
KLF12	0.000310113552605897	0.0682036508854195	23.0974632843792	18.3483195754717	0.00532668853577224	c21
LINC00402	3.46911211999355e-23	0.1406827871317	21.0947930574099	9.9498820754717	6.79582928901527e-21	c21
GPR183	0.00259823831396008	0.0806988145951418	45.6608811748999	39.5120872641509	0.0315363983251337	c21
GAS6	1.13075219970152e-16	0.0415498693414393	5.07343124165554	1.3782429245283	1.42162554540086e-14	c21
RASA3	2.50440085615275e-06	0.0844971869330313	25.9012016021362	19.1737912735849	7.77726105504246e-05	c21
APEX1	8.85117344447191e-05	0.0873693483642707	38.8518024032043	33.7006191037736	0.00182944101308668	c21
TRAJ47	3.49206278846691e-05	0.00257488125961177	0.133511348464619	0.00368514150943396	0.000809776793142496	c21
EGLN3	0.00197162720594323	0.00579627246929245	0.667556742323097	0.173201650943396	0.0251607507007013	c21
MIA2	3.49206278846691e-05	0.00112589078166396	0.133511348464619	0.00368514150943396	0.000809776793142496	c21
RPS29	1.3510156527456e-24	0.180325295955407	100	99.7236143867924	2.77567813436649e-22	c21
RPL36AL	2.24171801860805e-05	0.0828435372457665	98.2643524699599	97.6378242924528	0.000568340458382089	c21
RP11-596C23.2	3.99062920984903e-06	0.0700112451378435	15.3538050734312	10.2778596698113	0.000117947597014608	c21
PTGER2	6.83520955902805e-08	0.105059291656404	19.8931909212283	13.5318396226415	2.83627525716615e-06	c21
KTN1-AS1	0.00025192359791769	0.0186090492164927	2.26969292389853	0.943396226415094	0.00448405372859939	c21
TMEM30B	3.66033933140728e-05	0.0199865260818041	3.33778371161549	1.46668632075472	0.000842428097216099	c21
ACTN1	3.90778061099904e-10	0.0861504763988727	16.6889185580774	9.87986438679245	2.41151574921248e-08	c21
CTD-2540L5.6	3.42684288842646e-06	0.00228856037557879	0.267022696929239	0.0147405660377358	0.000102909130376686	c21
RP4-647C14.3	0.000705904807640754	0.00239963731845144	0.267022696929239	0.0294811320754717	0.01070421088598	c21
AC005480.1	0.00100480081725115	0.00382146261175982	0.400534045393859	0.0663325471698113	0.0144251208932511	c21
RP11-950C14.7	0.00141169490800378	0.0205087027818106	3.73831775700935	2.05630896226415	0.0189958659066611	c21
CTD-3075F15.1	0.00343728524401574	0.00443929762704843	0.534045393858478	0.128979952830189	0.0395951757305526	c21
FOS	0.000266504702967617	0.204399874661384	82.109479305741	78.1323702830189	0.004706294267186	c21
RP11-270M14.5	1.75623237476499e-09	0.00172108909331818	0.133511348464619	0	9.36305279040055e-08	c21
ESRRB	0.00102512386086576	0.00124729018459548	0.133511348464619	0.00737028301886792	0.0144300884246038	c21
LINC01629	0.00102512386086576	0.0016325333094335	0.133511348464619	0.00737028301886792	0.0144300884246038	c21
TC2N	2.94955240898423e-11	0.187712673846407	63.150867823765	51.3192806603774	2.11918122570902e-09	c21
LINC01550	5.13144600114127e-08	0.101493022169289	27.1028037383178	19.5754716981132	2.18582732695896e-06	c21
RP11-61O1.2	3.30857178538958e-07	0.0152825311952905	2.13618157543391	0.611733490566038	1.21701984428948e-05	c21
RP11-1017G21.4	2.46120982124115e-07	0.00214902276313458	0.267022696929239	0.0110554245283019	9.31716550802755e-06	c21
PPP1R13B	0.00348385378070546	0.0196762327267375	4.1388518024032	2.45430424528302	0.040035801257534	c21
IGHG4	0.000288040452326108	0.00436480847794153	0.267022696929239	0.0257959905660377	0.00501133768564585	c21
IGHGP	7.15807319003268e-12	0.00417468329626574	0.267022696929239	0.00368514150943396	5.58296569594817e-10	c21
IGHJ6	3.49683989440949e-05	0.00134176882391704	0.133511348464619	0.00368514150943396	0.000809776793142496	c21
AL122127.25	3.42383858336345e-06	0.00196758311300477	0.267022696929239	0.0147405660377358	0.000102909130376686	c21
IGHV1-12	1.75623237476499e-09	0.00150316490855307	0.133511348464619	0	9.36305279040055e-08	c21
IGHV2-70	3.49206278846691e-05	0.00263454255240171	0.133511348464619	0.00368514150943396	0.000809776793142496	c21
CH17-212P11.4	0.00102605581100139	0.00143042881557548	0.133511348464619	0.00737028301886792	0.0144300884246038	c21
APBA2	3.97906572645635e-09	0.0699764037234325	14.4192256341789	8.32841981132075	2.01609985845444e-07	c21
RP11-932O9.8	0.00102698854520686	0.000911928918687588	0.133511348464619	0.00737028301886792	0.0144300884246038	c21
RP11-16E12.2	3.49683989440949e-05	0.000330738605885372	0.133511348464619	0.00368514150943396	0.000809776793142496	c21
EXD1	0.00102698854520686	0.000928077999680534	0.133511348464619	0.00737028301886792	0.0144300884246038	c21
GABPB1	0.0013072765015074	0.0751827232302851	41.2550066755674	36.3318101415094	0.0178041125472071	c21
GABPB1-AS1	8.28945984336932e-05	0.0879472697747863	29.6395193591455	24.1376768867925	0.00172517022830442	c21
DMXL2	0.00304559667708413	0.00795394875800521	0.934579439252336	0.309551886792453	0.0357306178404153	c21
RPL4	2.14509216073711e-25	0.229014254401485	97.7303070761015	96.7976120283019	4.66591110356741e-23	c21
RP11-34F13.2	1.75623237476499e-09	0.00184527236814379	0.133511348464619	0	9.36305279040055e-08	c21
RPLP1	1.32310252023866e-17	0.119221809189208	100	100	1.8196169925274e-15	c21
CTD-3154N5.2	1.75623237476499e-09	0.00174906575208929	0.133511348464619	0	9.36305279040055e-08	c21
CTD-2026K11.3	0.00102698854520686	0.00112785618620538	0.133511348464619	0.00737028301886792	0.0144300884246038	c21
RP11-38G5.2	1.75623237476499e-09	0.00170373998748178	0.133511348464619	0	9.36305279040055e-08	c21
RP11-245C17.2	3.49683989440949e-05	0.00124619147307422	0.133511348464619	0.00368514150943396	0.000809776793142496	c21
RP11-697E2.11	0.00102605581100139	0.000924777853225431	0.133511348464619	0.00737028301886792	0.0144300884246038	c21
RHBDF1	0.00102698854520686	0.000315794419648326	0.133511348464619	0.00737028301886792	0.0144300884246038	c21
NME4	2.74638659549957e-05	0.0480268885660951	11.4819759679573	7.42556014150943	0.000678421920445473	c21
HAGHL	1.84227632813805e-06	0.0614092244566686	12.8170894526035	8.06308962264151	5.90615210278624e-05	c21
BAIAP3	0.00408326588574904	0.0104100238010696	1.60213618157543	0.700176886792453	0.0457523061057459	c21
TMEM204	0.0045301802735303	0.0524713327901089	20.8277703604806	17.2648879716981	0.0496874655391699	c21
RPS2	4.49575850953414e-41	0.255184592217724	100	99.9078714622642	2.10389010028116e-38	c21
LA16c-306E5.2	0.000312840969642932	0.0111879401837606	1.60213618157543	0.571196933962264	0.00536478429803063	c21
CLUAP1	0.00167354812917193	0.0285891358332709	6.80907877169559	4.43322523584906	0.021923438453697	c21
DNAJA3	0.000102731813231911	0.0663166618764255	20.5607476635514	15.7060731132075	0.00206776924434648	c21
RPS15A	8.80863181013877e-26	0.128810233093355	100	99.9815742924528	1.99193315577729e-23	c21
CD19	2.27623009598682e-05	0.00155422497955167	0.267022696929239	0.0184257075471698	0.000575358566047862	c21
RP11-264B17.2	0.00102698854520686	0.00120998338830248	0.133511348464619	0.00737028301886792	0.0144300884246038	c21
PRRT2	0.000553726575670495	0.011046560896047	1.20160213618158	0.386939858490566	0.00870614243613704	c21
RP11-455F5.4	3.49206278846691e-05	0.00176941023579319	0.133511348464619	0.00368514150943396	0.000809776793142496	c21
TP53TG3D	0.0013672893312071	0.00448904507056146	0.534045393858478	0.114239386792453	0.0185092192549988	c21
RP11-329J18.3	1.75623237476499e-09	0.00213059847076443	0.133511348464619	0	9.36305279040055e-08	c21
CPNE2	0.000255138696451053	0.0407423345862985	10.5473965287049	7.04599056603774	0.00453409453492711	c21
RP11-481J2.4	4.12132633072269e-05	0.011484136826545	1.33511348464619	0.375884433962264	0.000932598854179787	c21
DPEP2	2.43342933039002e-05	0.0449784710214965	9.87983978638184	6.13576061320755	0.000610059284658937	c21
TMEM231	0.000177703885745051	0.0161101767517789	2.13618157543391	0.843897405660377	0.00331170062295008	c21
RP11-490B18.5	4.82283344348697e-09	0.00272198862523898	0.267022696929239	0.00737028301886792	2.40385429060429e-07	c21
ADAT1	1.24552074709668e-12	0.0989384681930947	17.6234979973298	9.9388266509434	1.05976202153221e-10	c21
CTD-2542L18.1	0.000287546232781823	0.00286658618770168	0.267022696929239	0.0257959905660377	0.00500960846295281	c21
GSE1	1.43380777055049e-05	0.0383940363046144	7.34312416555407	4.14946933962264	0.000378018145703664	c21
C16orf74	0.00103644822221968	0.0187618440502402	3.73831775700935	2.01208726415094	0.014538753705025	c21
COX4I1	2.30975993897665e-06	0.0923690715671208	96.6622162883845	95.6883844339623	7.24628038956044e-05	c21
AC137932.5	1.75623237476499e-09	0.000973046236206017	0.133511348464619	0	9.36305279040055e-08	c21
RPL13	8.51609315539491e-81	0.27303493819137	100	99.9926297169811	2.39117702314897e-77	c21
SERPINF1	0.00343257618827929	0.00402448928130051	0.534045393858478	0.128979952830189	0.0395893763424237	c21
RP11-74E22.5	2.27963045667456e-05	0.00213807950436383	0.267022696929239	0.0184257075471698	0.000575786121493198	c21
C1QBP	4.62773831997067e-05	0.0982163442792426	47.9305740987984	43.053508254717	0.00103468490347108	c21
CLDN7	1.38115603141495e-05	0.0112105591355657	1.20160213618158	0.294811320754717	0.000365854334296346	c21
RP11-542C16.2	1.75623237476499e-09	0.0020487330069359	0.133511348464619	0	9.36305279040055e-08	c21
RP11-209D14.2	0.00102698854520686	0.0010158208806488	0.133511348464619	0.00737028301886792	0.0144300884246038	c21
RPL23A	1.53655046375148e-29	0.186502921916717	100	99.9041863207547	4.1752041391647e-27	c21
RP11-20B24.2	3.49206278846691e-05	0.0016836813376841	0.133511348464619	0.00368514150943396	0.000809776793142496	c21
CRYBA1	0.00102512386086576	0.00204939060867447	0.133511348464619	0.00737028301886792	0.0144300884246038	c21
OMG	3.32670778687966e-05	0.00538432839041178	0.400534045393859	0.0442216981132076	0.000803224118244098	c21
RP11-686D22.5	0.00102605581100139	0.00150236839926946	0.133511348464619	0.00737028301886792	0.0144300884246038	c21
CCL5	7.00059273126018e-17	0.712470726466974	89.7196261682243	64.1509433962264	9.03747017191879e-15	c21
PLXDC1	1.16285819055333e-09	0.0508734883422413	8.94526034712951	4.2858195754717	6.73218966881512e-08	c21
RPL19	1.45060591346297e-71	0.236581876815625	100	99.9926297169811	2.44383578241107e-68	c21
THRA	0.000579419576677744	0.0362539676793978	8.27770360480641	5.41715801886792	0.00904259528327	c21
CCR7	5.07964305152266e-41	0.404159902170173	62.7503337783712	40.3043926886792	2.34456839695896e-38	c21
FKBP10	9.45031270718018e-05	0.00298812428589674	0.267022696929239	0.0221108490566038	0.00192514411339619	c21
ZNF385C	0.0014727591308463	0.00284609893579719	0.267022696929239	0.0331662735849057	0.0197005290739105	c21
RPL27	3.58736286036707e-18	0.16248801285215	99.5994659546061	98.6696639150943	5.01546075590076e-16	c21
AC091132.1	3.49683989440949e-05	0.000332049773542296	0.133511348464619	0.00368514150943396	0.000809776793142496	c21
RP11-6N17.2	3.49206278846691e-05	0.00164413049622359	0.133511348464619	0.00368514150943396	0.000809776793142496	c21
RP11-1094H24.4	2.26944385015075e-05	0.0028616930928199	0.267022696929239	0.0184257075471698	0.000574505192238762	c21
TOB1	1.55403830825828e-08	0.167548970922913	32.7102803738318	25.7480837264151	7.23228822630587e-07	c21
RP11-700H6.1	1.74249805624884e-06	0.0203824360318523	2.93724966622163	1.07237617924528	5.61297605231819e-05	c21
NACA2	0.00379834449890766	0.010585110005274	1.86915887850467	0.862323113207547	0.0430342675306976	c21
CYB561	0.000182032477869587	0.0454938115364273	13.3511348464619	9.33077830188679	0.00337370864099993	c21
LIMD2	4.14918601766525e-06	0.126530971741201	94.5260347129506	91.4983785377358	0.000122419153834687	c21
SCN4A	0.00102698854520686	0.00154283554016503	0.133511348464619	0.00737028301886792	0.0144300884246038	c21
ICAM2	1.37869532772839e-17	0.190908653704947	45.3938584779706	31.9391214622642	1.88071904342026e-15	c21
ABCA6	3.35512940381229e-05	0.00360322570496615	0.400534045393859	0.0442216981132076	0.000808638985207806	c21
RPL38	1.51845597953478e-25	0.1942986557984	98.5313751668892	98.2385023584906	3.36597735358189e-23	c21
MYO15B	2.55133373716378e-06	0.0212777370596844	2.53671562082777	0.877063679245283	7.88838480273219e-05	c21
SMIM5	3.49206278846691e-05	0.00123940079938887	0.133511348464619	0.00368514150943396	0.000809776793142496	c21
RP11-552F3.13	1.75623237476499e-09	0.00166782774229041	0.133511348464619	0	9.36305279040055e-08	c21
PRCD	0.000215931829802375	0.00404565849520503	0.534045393858478	0.0921285377358491	0.00392639345567254	c21
TNRC6C	0.00168128155834668	0.0533511910102944	18.6915887850467	14.8032134433962	0.0219861722534327	c21
TMC8	0.000633001203856553	0.0871486031745098	55.2736982643525	50.9913030660377	0.00977915752532906	c21
NDUFV2-AS1	0.00281638397489888	0.0469819015412944	15.6208277703605	12.1720224056604	0.0336866317537248	c21
OSBPL1A	6.95716591284336e-07	0.0220367109669293	2.93724966622163	1.03552476415094	2.39687881663951e-05	c21
TAF4B	0.0002199277846928	0.0421259843023173	8.81174899866489	5.69354363207547	0.00398614673342614	c21
CCDC68	0.000705183065985258	0.00327272576915938	0.267022696929239	0.0294811320754717	0.0106980811460186	c21
DSEL	4.97359015785446e-50	0.10971775906443	11.214953271028	2.39902712264151	3.49125305789059e-47	c21
RP4-794I6.4	0.00102512386086576	0.00157192020009009	0.133511348464619	0.00737028301886792	0.0144300884246038	c21
LINC00654	0.00102605581100139	0.00141919791377453	0.133511348464619	0.00737028301886792	0.0144300884246038	c21
LAMP5	3.49683989440949e-05	0.000858406800060289	0.133511348464619	0.00368514150943396	0.000809776793142496	c21
PROCR	4.50993570892414e-07	0.0113413229290652	1.33511348464619	0.287441037735849	1.61142920229576e-05	c21
PLCG1-AS1	0.00175378231880301	0.0043662107735934	0.534045393858478	0.117924528301887	0.0228073305971814	c21
RP1-138B7.7	0.00127195378285523	0.00676409469059734	0.801068090787717	0.221108490566038	0.0174074779689375	c21
STK4	0.00107059692076784	0.0908629901985398	77.9706275033378	74.7125589622642	0.0149679222607267	c21
PLTP	0.00339389273407982	0.00616246382472172	0.801068090787717	0.246904481132075	0.0392025443202212	c21
RPS21	1.5672802847301e-66	0.272211650633238	100	99.8710200471698	2.29599747450853e-63	c21
CTD-3184A7.4	0.00320391050814478	0.0444780835701665	13.0841121495327	9.92408608490566	0.0373021978788632	c21
SHC2	0.00273491291508548	0.00215817997795523	0.267022696929239	0.0368514150943396	0.0329225279603037	c21
GZMM	8.11754135688153e-05	0.114538575212643	67.1562082777036	58.6674528301887	0.00169148075744444	c21
RPS15	3.51353265531953e-49	0.185216683280423	100	99.9926297169811	2.27663402477569e-46	c21
GNG7	0.000306612235032328	0.0152566616761196	2.40320427236315	1.03183962264151	0.00527360523082147	c21
AES	6.16460621946667e-05	0.115473937129521	74.2323097463284	69.2143278301887	0.00133539007250945	c21
AC005786.7	0.000706627235660982	0.00243866548677871	0.267022696929239	0.0294811320754717	0.0107055297114933	c21
MATK	5.98928421784163e-07	0.106115146333056	32.5767690253672	24.3219339622642	2.09556534201408e-05	c21
ZFR2	0.00347007687441587	0.0070259310579688	1.06809078771696	0.383254716981132	0.0399183237304774	c21
EEF2	1.52482267929299e-16	0.195083414439102	97.0627503337784	94.9403007075472	1.90286575392956e-14	c21
RPL36	1.4015495791996e-49	0.230573763028282	100	99.915241745283	9.40056219422051e-47	c21
CTB-133G6.1	1.17032280302691e-24	0.182003890117321	31.6421895861148	17.1727594339623	2.4341269459993e-22	c21
RPS28	5.1975297781448e-73	0.257393378884416	100	99.9963148584906	9.72919824137838e-70	c21
ELAVL3	3.49206278846691e-05	0.0014580394235916	0.133511348464619	0.00368514150943396	0.000809776793142496	c21
ZNF439	0.000520320185082302	0.0235233991763431	5.20694259012016	2.99602004716981	0.00825408112813705	c21
ZNF844	0.00252520549016969	0.0153304207626679	2.80373831775701	1.45194575471698	0.0307941635127679	c21
CTD-2192J16.11	0.00102605581100139	0.00110686631551036	0.133511348464619	0.00737028301886792	0.0144300884246038	c21
JUNB	2.37861337228469e-10	0.288215549602117	89.9866488651535	85.5800412735849	1.50365851718124e-08	c21
DNAJB1	1.48276835874057e-26	0.473639254540295	85.7142857142857	77.6680424528302	3.5183378224933e-24	c21
TECR	6.92969470149393e-05	0.0989821985042557	63.8184245660881	59.3086674528302	0.00148435558342108	c21
CTD-2562J15.6	2.71844334004481e-09	0.0670132001912016	12.5500667556742	6.95017688679245	1.41788281578127e-07	c21
KLF2	3.50586189421893e-62	0.754190197260095	83.7116154873164	58.118366745283	4.72506042655251e-59	c21
RPL18A	9.95763309854768e-38	0.182926057483959	100	99.9778891509434	4.0423191520779e-35	c21
UBA52	3.38159094445856e-08	0.0928114874625119	99.4659546061415	99.4509139150943	1.47781226047454e-06	c21
CTD-2291D10.1	1.75623237476499e-09	0.00182669691702915	0.133511348464619	0	9.36305279040055e-08	c21
AC005780.1	0.00236909204010939	0.00513220755562049	0.667556742323097	0.17688679245283	0.02920148401652	c21
FXYD7	2.34459916390847e-15	0.107427809743541	17.0894526034713	8.79274764150943	2.68703823907251e-13	c21
LSR	3.63005592273176e-15	0.137574283606714	27.9038718291055	17.213295990566	4.03667010760805e-13	c21
DMKN	9.85611183169977e-10	0.0183564675210604	2.00267022696929	0.438531839622642	5.74553342659675e-08	c21
SPINT2	3.77455691675463e-15	0.124825246693673	25.7676902536716	15.3633549528302	4.18355002477403e-13	c21
RPS16	1.30628985053038e-33	0.185845227357232	100	99.8378537735849	4.35783467562086e-31	c21
FCGBP	7.61689624156505e-05	0.0177729228472929	2.67022696929239	1.10922759433962	0.00160402313727058	c21
RPS19	4.15494689543528e-24	0.166237471460879	100	99.9852594339623	8.38304076016745e-22	c21
GLTSCR2	1.0264682830504e-13	0.185358375069449	89.8531375166889	86.5566037735849	9.93845469227012e-12	c21
RPL18	2.75913240940048e-47	0.203436361970503	100	99.9299823113208	1.66011084647035e-44	c21
FTL	2.26737617975601e-14	0.182872133463865	98.7983978638184	97.9731721698113	2.31505978789997e-12	c21
RPL13A	4.98016051859002e-28	0.196910606268933	100	99.524616745283	1.27122370085888e-25	c21
RPS11	0.000833488879688441	0.0616662158322554	96.2616822429907	95.9352889150943	0.0123119571732671	c21
FCGRT	0.00125166809164562	0.0451422475256947	12.6835781041389	9.34920400943396	0.0171577317656255	c21
NOSIP	1.9056449292929e-05	0.120208470713246	51.2683578104139	47.4167158018868	0.000489623538209776	c21
RPS9	3.37004998640606e-32	0.220763555086076	100	99.3772110849057	1.06121929198099e-29	c21
LAIR1	5.65084775703344e-05	0.0642047014336144	17.2229639519359	12.5147405660377	0.00123796920887831	c21
TTYH1	0.001480939076935	0.00161262542354382	0.267022696929239	0.0331662735849057	0.019765046479449	c21
AC008746.3	3.49206278846691e-05	0.00217104140428366	0.133511348464619	0.00368514150943396	0.000809776793142496	c21
NLRP7	3.49683989440949e-05	0.00061650796010636	0.133511348464619	0.00368514150943396	0.000809776793142496	c21
RPL28	2.2358990866018e-29	0.149474989326154	100	99.9926297169811	6.02691070591689e-27	c21
NLRP11	1.75623237476499e-09	0.00155121482280821	0.133511348464619	0	9.36305279040055e-08	c21
ZNF582-AS1	6.18992883360965e-06	0.0200774236773246	3.07076101468625	1.20504127358491	0.000175564069948629	c21
AC003682.16	1.75623237476499e-09	0.0019785229742619	0.133511348464619	0	9.36305279040055e-08	c21
ZNF256	0.00410149541093426	0.0220764077996826	3.87182910547397	2.29215801886792	0.04589697322352	c21
ZSCAN18	8.09439227313324e-05	0.0393677834424158	9.47930574098798	6.00678066037736	0.00168770082457272	c21
RPS5	3.09538743274583e-67	0.311870441712772	100	99.4066922169811	4.74072655267901e-64	c21
IGKV1OR22-5	1.75623237476499e-09	0.000370132085015073	0.133511348464619	0	9.36305279040055e-08	c21
MED15	0.00196791691455948	0.0725010678885605	36.5821094793057	32.0091391509434	0.0251263544227051	c21
GGT2	3.49683989440949e-05	0.00144718489587657	0.133511348464619	0.00368514150943396	0.000809776793142496	c21
IGLV2-14	5.88574258535803e-16	0.128595151012384	22.6969292389853	12.4484080188679	7.03241881812247e-14	c21
IGLV3-12	0.000195540625567322	0.0093395122008546	0.801068090787717	0.184257075471698	0.00359833197043438	c21
IGLL5	9.4319426086659e-05	0.00341592264313513	0.267022696929239	0.0221108490566038	0.00192514411339619	c21
IGLJ1	1.75623237476499e-09	0.000370132085015073	0.133511348464619	0	9.36305279040055e-08	c21
KB-226F1.2	3.49206278846691e-05	0.00168480925212505	0.133511348464619	0.00368514150943396	0.000809776793142496	c21
PIK3IP1	1.09831008584038e-12	0.22137808457903	77.1695594125501	68.2340801886792	9.40426927018017e-11	c21
RP1-149A16.17	1.75623237476499e-09	0.00171299356264308	0.133511348464619	0	9.36305279040055e-08	c21
RP1-151B14.6	0.003877904774897	0.0128778908116344	1.86915887850467	0.866008254716981	0.0436850964511466	c21
EIF3L	0.00212266808700952	0.0720579117443201	69.5594125500668	67.9392688679245	0.0267069374621728	c21
RPL3	8.81184329640872e-73	0.358001892587176	100	99.7604658018868	1.56266446331155e-69	c21
WI2-85898F10.1	3.49206278846691e-05	0.00136574539403289	0.133511348464619	0.00368514150943396	0.000809776793142496	c21
HUNK	1.75623237476499e-09	0.00124610598505536	0.133511348464619	0	9.36305279040055e-08	c21
TTC3	0.00384985527685857	0.0765426439126288	39.1188251001335	35.4252653301887	0.0433981343922626	c21
AP001412.1	0.00120734640600014	0.00755338491614323	1.20160213618158	0.412735849056604	0.0166054690788725	c21
COL6A2	0.00057148316512068	0.0228765690181502	4.53938584779706	2.52063679245283	0.00892287014160157	c21
MT-ND1	4.24197726576488e-45	0.349103087151665	99.4659546061415	98.6033313679245	2.42252850835054e-42	c21
MT-ND2	1.57960637209107e-35	0.332396471115093	97.196261682243	95.0655955188679	5.84870957156447e-33	c21
MT-CO1	1.64268362998888e-10	0.104549187888805	99.7329773030708	99.8489091981132	1.05829029118251e-08	c21
MT-CO2	3.30445566918112e-40	0.233560625184175	100	99.915241745283	1.46500433312354e-37	c21
MT-ATP8	1.94009937088744e-22	0.21729069123277	99.0654205607477	98.9792158018868	3.65193900573639e-20	c21
MT-ATP6	2.08219446575249e-34	0.301829469109582	99.5994659546061	99.3182488207547	7.15892452337392e-32	c21
MT-CO3	5.59997256632451e-41	0.287278270801834	99.3324432576769	99.5983195754717	2.54980372499646e-38	c21
MT-ND3	3.68129823736169e-48	0.301760895936346	99.3324432576769	99.303508254717	2.29699375573453e-45	c21
MT-ND4L	4.81540173839122e-60	0.313471438069537	99.8664886515354	99.8415389150943	5.59483262666737e-57	c21
MT-ND4	1.42289034221299e-49	0.391297239228019	98.931909212283	95.9979363207547	9.40056219422051e-47	c21
MT-ND5	3.64098126497136e-12	0.179251210407553	98.1308411214953	96.7017983490566	2.92093387480822e-10	c21
MT-CYB	1.84226630661686e-50	0.362016432554167	99.7329773030708	99.5651533018868	1.32070895606699e-47	c21
